0 1
0 123
0 212
0 213
0 211
1 211
1 212
1 213
1 122
1 123
2 367
3 160
3 298
3 78
3 152
3 155
3 30
3 95
4 235
4 236
5 352
5 57
5 58
5 100
5 101
6 96
6 338
6 156
7 186
7 108
7 125
7 14
7 183
8 129
8 196
8 70
8 332
8 139
8 268
8 269
8 367
8 173
8 51
8 341
8 315
8 220
8 191
9 135
9 295
10 164
10 293
11 132
11 230
11 62
11 79
12 227
12 206
12 207
13 128
13 194
13 167
13 265
13 19
13 308
13 119
13 251
14 354
14 196
14 69
14 73
14 202
14 267
14 108
14 365
14 46
14 209
14 116
14 117
14 86
14 311
14 364
14 90
14 220
15 355
15 182
15 17
15 74
15 75
15 16
15 81
15 339
15 340
15 54
15 185
16 66
16 132
16 54
16 17
16 265
16 74
16 75
16 240
16 81
16 340
16 189
16 248
16 285
16 182
17 67
17 36
17 74
17 75
17 81
17 54
18 271
18 77
18 223
19 128
19 167
19 251
19 119
20 330
20 331
20 157
20 255
21 42
22 42
22 244
23 84
23 94
24 33
24 275
24 295
25 34
25 35
25 165
25 316
25 234
25 331
25 111
25 362
25 148
25 219
25 284
25 170
26 70
26 158
27 352
27 210
27 274
27 47
27 114
27 367
28 288
28 289
28 295
28 40
28 135
28 44
28 303
28 368
28 275
28 39
28 342
28 153
28 281
28 286
28 63
29 259
29 294
29 232
29 172
29 109
29 306
30 152
30 78
30 95
31 153
32 161
32 295
32 266
32 76
32 269
32 367
32 275
32 281
33 112
33 154
33 275
33 295
34 35
34 165
34 264
34 316
34 234
34 111
34 146
34 148
34 284
34 362
35 165
35 264
35 316
35 234
35 111
35 146
35 148
35 284
35 362
37 351
37 300
37 38
37 367
38 43
38 300
39 288
39 289
39 135
39 40
39 295
39 44
39 303
39 368
39 275
39 342
39 281
39 153
39 286
39 63
40 288
40 289
40 295
40 135
40 44
40 303
40 368
40 275
40 342
40 153
40 281
40 286
40 63
41 242
41 303
42 236
42 367
42 146
42 83
42 84
42 244
42 93
42 94
43 300
44 288
44 289
44 295
44 135
44 303
44 368
44 275
44 342
44 153
44 281
44 286
44 63
45 107
45 341
46 354
46 69
46 267
46 209
46 116
46 56
46 90
46 220
47 352
47 99
47 114
47 210
47 367
47 48
47 241
47 274
48 99
48 324
48 104
48 106
48 174
48 241
48 222
48 347
48 254
49 312
49 313
49 277
50 93
50 142
50 317
51 129
51 268
51 70
51 191
52 245
52 367
53 88
53 137
53 305
54 81
54 74
54 75
55 106
55 254
56 90
57 352
57 100
57 262
57 208
57 260
57 58
57 101
57 261
58 352
58 224
58 262
58 260
58 198
58 71
58 101
58 310
58 59
58 100
58 261
59 352
60 299
60 61
60 318
61 299
61 318
62 79
63 288
63 289
63 295
63 135
63 303
63 368
63 275
63 342
63 153
63 281
63 286
64 358
64 279
65 169
65 286
65 287
66 353
66 132
66 81
66 340
66 182
66 248
68 233
68 163
68 205
68 159
69 354
69 267
69 209
69 116
69 90
69 220
70 115
70 129
70 297
70 268
70 239
70 146
70 371
70 332
70 158
71 224
71 352
71 101
71 198
72 354
72 263
72 202
72 140
72 113
72 220
72 253
73 202
73 220
73 86
73 311
74 355
74 81
74 75
74 185
75 355
75 81
75 185
76 161
76 367
77 168
77 270
77 271
77 215
77 286
77 223
78 95
78 155
78 175
79 132
79 230
80 82
80 84
80 94
81 240
81 132
81 182
81 339
81 340
81 187
81 189
82 83
82 84
82 94
83 84
83 94
84 94
85 332
86 202
86 311
86 364
86 201
86 220
87 353
87 266
87 164
87 166
87 367
88 359
88 137
88 363
88 305
88 146
88 344
88 314
88 252
88 346
89 225
89 196
89 263
89 360
89 169
89 365
89 143
89 144
89 168
89 147
89 301
89 311
89 164
89 220
90 354
90 267
90 209
90 116
90 220
91 254
91 319
92 367
93 130
93 163
93 278
93 370
93 142
93 367
93 180
93 118
93 317
93 94
94 367
96 224
96 324
96 338
96 152
96 156
97 179
98 301
98 367
98 269
98 286
98 183
98 186
98 190
99 162
99 324
99 104
99 105
99 106
99 190
99 241
99 276
99 222
99 216
99 347
99 254
100 352
100 260
100 262
100 101
100 261
101 224
101 352
101 198
101 260
102 114
102 335
103 199
103 125
103 239
104 254
105 216
105 162
106 200
106 174
106 190
106 241
106 222
106 254
107 341
109 208
109 259
109 172
109 210
109 304
109 306
109 243
109 217
109 282
109 284
109 127
110 200
111 362
111 148
111 284
112 275
112 154
112 295
112 281
113 313
113 354
113 220
113 325
114 352
114 210
114 335
114 274
114 367
115 146
116 354
116 196
116 267
116 365
116 209
116 220
117 311
118 130
118 370
118 278
119 128
119 251
119 167
120 313
120 202
120 220
120 354
120 311
121 249
121 276
121 357
121 246
122 159
122 213
122 150
122 123
122 149
123 211
123 212
123 213
124 164
124 293
125 197
125 297
125 199
125 239
126 345
126 362
126 127
126 284
126 177
127 165
127 362
127 304
127 177
127 210
127 243
127 345
127 282
127 284
129 268
129 191
130 142
130 367
130 370
130 278
131 140
131 253
131 263
132 240
132 285
132 230
132 340
132 182
132 189
132 286
133 328
133 134
133 303
134 302
134 303
135 288
135 289
135 295
135 272
135 303
135 368
135 273
135 275
135 342
135 153
135 281
135 286
136 258
136 276
137 305
138 225
138 283
138 196
139 315
140 263
140 202
140 311
140 220
140 253
141 175
142 370
142 278
142 317
143 144
143 196
144 225
144 196
145 303
146 264
146 305
147 196
147 225
148 362
148 284
149 150
149 159
150 168
150 286
150 307
150 183
150 186
150 190
150 159
151 193
151 307
151 190
151 286
151 183
152 298
152 155
153 288
153 289
153 295
153 237
153 303
153 368
153 275
153 286
153 342
153 280
153 281
153 254
154 275
154 349
154 295
155 175
156 338
156 324
157 330
157 331
157 255
159 233
160 298
161 295
161 266
161 269
161 366
161 367
161 275
161 281
162 216
163 233
163 362
163 205
163 278
164 196
164 293
164 301
165 234
165 316
165 362
166 353
166 266
166 269
166 367
166 221
167 194
167 251
168 352
168 260
168 263
168 169
168 307
168 286
168 311
168 190
169 263
169 311
169 286
170 361
171 264
172 259
172 304
172 306
172 214
172 217
173 341
174 241
174 254
175 195
176 196
176 325
177 192
177 336
177 290
177 291
177 362
177 210
177 208
177 306
177 243
177 345
177 282
177 284
178 311
179 208
179 282
180 370
180 227
180 278
180 181
181 227
181 278
182 353
182 339
182 340
183 193
183 307
183 286
183 184
183 281
183 186
183 348
183 190
184 190
184 286
186 193
186 295
186 307
186 275
186 286
186 281
186 348
186 190
187 248
187 308
187 332
187 265
188 331
188 204
188 334
189 230
190 247
190 269
190 367
190 307
190 301
190 286
192 208
192 290
192 291
192 304
192 306
192 336
192 282
192 284
193 307
193 281
193 348
193 286
194 265
194 332
196 325
196 360
196 225
196 365
196 337
196 301
196 283
196 220
196 293
197 220
197 309
197 350
198 224
198 352
199 239
201 202
201 220
201 311
202 354
202 263
202 253
202 311
202 364
202 220
202 313
202 329
203 276
203 358
204 331
204 334
205 233
205 362
206 227
206 207
208 290
208 291
208 210
208 362
208 336
208 306
208 282
209 354
209 267
209 220
210 352
210 304
210 243
210 274
210 367
210 282
210 284
211 212
211 213
212 213
215 271
215 223
217 306
217 259
218 248
218 265
219 234
219 316
220 263
220 267
220 329
220 309
220 311
220 354
220 253
221 266
221 250
221 367
222 254
223 295
223 270
223 271
223 275
223 286
224 352
225 360
225 283
226 227
226 228
227 256
227 257
227 228
227 278
228 257
229 362
229 231
231 362
232 294
234 362
234 331
234 316
235 236
238 248
238 375
239 371
240 286
240 340
241 254
242 303
243 304
243 282
243 284
245 367
246 249
247 286
248 265
248 332
248 322
248 367
248 337
248 323
248 308
248 373
248 374
248 375
248 372
248 283
249 276
250 266
250 367
252 305
253 263
254 280
254 319
255 330
255 331
256 257
258 369
258 276
258 357
258 269
259 306
260 352
260 262
260 261
261 352
261 262
262 352
263 311
264 292
265 323
265 326
265 327
265 332
265 333
265 308
265 322
266 353
266 300
266 269
266 367
267 354
268 297
269 367
269 276
269 286
269 280
270 286
271 275
271 286
272 275
272 273
272 295
272 281
273 281
273 295
273 275
274 352
274 367
275 281
275 286
275 295
275 303
275 368
275 288
275 342
275 348
275 349
275 289
275 367
276 357
276 358
276 317
277 312
277 313
278 370
279 358
280 367
281 286
281 295
281 303
281 368
281 289
281 288
281 342
281 367
282 304
282 284
283 337
283 372
283 373
283 374
284 362
284 306
284 304
284 345
286 287
286 288
286 289
286 303
286 368
286 307
286 340
286 342
286 348
286 295
288 295
288 289
288 303
288 368
288 342
289 295
289 303
289 368
289 342
290 336
290 291
290 306
291 336
291 306
295 303
295 368
295 342
295 348
295 349
295 367
296 303
299 359
299 305
299 344
299 318
300 367
300 351
302 303
303 328
303 342
303 368
305 363
305 359
305 344
305 343
305 314
305 346
306 336
308 322
308 323
308 332
310 352
312 313
313 325
314 359
316 331
316 362
320 352
320 321
321 352
322 323
324 338
324 347
326 332
326 333
326 327
327 332
327 333
329 354
330 331
331 334
332 333
337 372
337 373
337 374
339 340
342 368
343 344
343 359
344 363
344 359
344 346
345 362
346 363
352 356
352 367
353 367
357 358
372 373
372 374
373 374
