0 32
0 1
0 2
0 3
0 4
0 33
0 8
0 34
0 14
0 17
0 35
0 20
0 25
0 26
0 27
0 28
0 29
0 36
1 2
1 3
1 4
1 5
1 8
1 10
1 12
1 13
1 14
1 16
1 17
1 20
1 22
1 25
1 26
1 27
1 28
1 29
1 32
1 33
1 34
1 35
1 36
2 34
2 3
2 4
2 33
2 8
2 14
2 17
2 35
2 20
2 32
2 25
2 26
2 27
2 28
2 29
2 36
3 35
3 4
3 33
3 8
3 34
3 14
3 17
3 20
3 32
3 25
3 26
3 27
3 28
3 29
3 36
4 32
4 33
4 8
4 34
4 14
4 17
4 35
4 20
4 25
4 26
4 27
4 28
4 29
4 36
5 26
5 29
6 11
6 22
6 30
6 31
7 23
7 19
7 13
7 21
7 15
8 33
8 34
8 14
8 17
8 35
8 20
8 32
8 25
8 26
8 27
8 28
8 29
8 36
9 19
9 13
10 16
10 12
11 22
11 30
11 31
12 16
13 19
13 22
13 24
13 30
13 31
14 33
14 34
14 17
14 35
14 20
14 32
14 25
14 26
14 27
14 28
14 29
14 36
15 19
15 21
17 33
17 34
17 35
17 20
17 32
17 25
17 26
17 27
17 28
17 29
17 36
18 24
18 22
19 21
19 22
20 33
20 32
20 34
20 35
20 25
20 26
20 27
20 28
20 29
20 36
21 23
22 24
22 30
22 31
25 33
25 34
25 35
25 32
25 36
25 26
25 27
25 28
25 29
26 33
26 34
26 35
26 32
26 27
26 28
26 29
26 36
27 33
27 34
27 35
27 32
27 28
27 29
27 36
28 33
28 34
28 35
28 32
28 29
28 36
29 33
29 34
29 35
29 32
29 36
30 31
32 33
32 34
32 35
32 36
33 34
33 35
33 36
34 35
34 36
35 36
