0 3
0 42
0 59
0 4
1 33
1 5
1 42
1 14
1 47
1 50
1 52
1 53
1 23
1 60
1 62
1 31
2 17
2 46
2 57
3 42
3 59
5 33
5 42
5 46
5 14
5 47
5 50
5 52
5 53
5 23
5 60
5 62
5 31
6 13
7 32
7 63
7 15
8 16
8 49
8 10
9 37
9 39
9 40
9 12
9 44
9 48
9 51
9 52
9 21
9 56
9 28
10 16
10 20
10 22
10 49
11 58
11 59
12 37
12 40
12 44
12 48
12 51
12 52
12 21
12 56
12 28
13 41
14 35
14 36
14 38
14 42
14 18
14 55
15 32
15 26
15 63
16 49
16 20
16 22
17 57
17 46
18 35
18 36
18 55
19 42
21 48
21 28
21 44
22 65
22 66
22 43
22 45
23 33
23 42
23 47
23 50
23 52
23 53
23 60
23 62
23 31
24 34
24 52
24 30
24 54
24 27
24 61
24 62
25 64
25 51
25 39
26 32
26 63
27 34
27 41
27 52
27 30
27 54
27 61
27 62
28 40
28 44
28 48
28 52
28 56
29 41
29 52
29 61
29 62
30 34
30 66
30 41
30 45
30 52
30 54
30 61
30 62
31 32
31 33
31 42
31 47
31 50
31 52
31 53
31 60
31 62
32 63
32 60
33 42
33 47
33 50
33 52
33 53
33 60
33 62
34 52
34 62
34 54
34 61
35 36
35 55
36 55
37 52
37 44
38 59
39 64
39 51
39 44
40 44
40 52
41 66
41 45
41 52
41 54
41 61
41 62
42 47
42 50
42 52
42 53
42 59
42 60
42 62
43 66
43 45
44 48
44 51
44 52
44 56
45 65
45 66
45 61
45 62
46 57
47 50
47 52
47 53
47 60
47 62
50 52
50 53
50 60
50 62
51 64
52 53
52 54
52 56
52 60
52 61
52 62
53 60
53 62
54 61
54 62
58 59
60 62
61 66
61 62
62 66
65 66
