0 262
0 263
0 136
0 268
0 269
0 17
0 405
0 152
0 26
0 428
0 55
0 440
0 57
0 314
0 61
0 64
0 452
0 457
0 332
0 463
0 208
0 210
0 84
0 86
0 313
0 476
0 478
0 230
0 490
0 82
0 494
0 495
0 117
0 376
0 382
1 259
1 268
1 17
1 148
1 405
1 406
1 283
1 291
1 292
1 421
1 430
1 436
1 181
1 311
1 60
1 69
1 198
1 205
1 333
1 208
1 209
1 468
1 474
1 463
1 223
1 237
1 497
1 378
2 3
2 262
2 149
2 281
2 26
2 294
2 167
2 171
2 431
2 444
2 447
2 93
2 453
2 333
2 336
2 83
2 343
2 91
2 349
2 236
2 110
2 495
2 242
2 467
2 118
2 252
3 224
3 385
3 36
3 5
3 325
3 391
3 393
3 394
3 236
3 370
3 302
3 175
3 114
3 453
3 120
3 473
3 314
3 428
3 410
3 191
4 256
4 5
4 134
4 10
4 145
4 403
4 22
4 26
4 496
4 35
4 421
4 406
4 40
4 428
4 176
4 311
4 189
4 318
4 329
4 333
4 465
4 466
4 471
4 93
4 229
4 230
4 104
4 368
4 242
4 127
5 395
5 398
5 26
5 285
5 288
5 426
5 48
5 351
5 188
5 317
5 73
5 204
5 467
5 89
5 357
5 356
5 229
5 485
5 125
5 372
5 117
5 248
5 252
5 381
6 133
6 11
6 140
6 269
6 142
6 15
6 400
6 283
6 284
6 389
6 417
6 292
6 40
6 434
6 56
6 59
6 196
6 331
6 397
6 464
6 270
6 475
6 348
6 97
6 235
6 236
6 367
6 371
6 118
6 247
6 124
6 381
7 133
7 263
7 11
7 399
7 148
7 285
7 290
7 299
7 174
7 184
7 95
7 189
7 319
7 461
7 475
7 477
7 351
7 352
7 354
7 234
7 363
7 113
7 252
8 256
8 274
8 19
8 276
8 280
8 27
8 416
8 163
8 57
8 315
8 319
8 195
8 69
8 458
8 333
8 465
8 291
8 84
8 341
8 87
8 345
8 230
8 468
8 83
8 377
9 384
9 370
9 419
9 261
9 296
9 297
9 330
9 395
9 141
9 335
9 79
9 450
9 113
9 242
9 499
9 404
9 469
9 346
9 59
9 458
10 225
10 322
10 43
10 165
10 455
10 257
10 42
10 75
10 403
10 450
10 499
10 275
10 244
10 309
10 203
10 251
10 155
10 491
10 189
10 223
11 257
11 261
11 399
11 400
11 30
11 166
11 169
11 426
11 171
11 301
11 180
11 64
11 449
11 462
11 335
11 80
11 467
11 90
11 143
11 94
11 353
11 492
11 240
11 127
12 399
12 276
12 406
12 414
12 418
12 298
12 182
12 440
12 192
12 194
12 451
12 453
12 340
12 469
12 470
12 93
12 479
12 103
12 488
12 368
12 121
12 379
12 383
13 389
13 265
13 394
13 431
13 287
13 421
13 39
13 175
13 50
13 137
13 56
13 187
13 188
13 446
13 201
13 461
13 209
13 220
13 481
13 358
13 360
13 105
13 237
13 488
13 376
13 122
13 127
14 69
14 422
14 71
14 73
14 492
14 173
14 46
14 445
14 222
14 337
14 465
14 410
14 85
14 169
14 184
14 441
14 378
14 91
14 93
14 94
15 260
15 263
15 401
15 152
15 37
15 40
15 43
15 49
15 183
15 312
15 188
15 68
15 453
15 203
15 332
15 341
15 280
15 355
15 359
15 60
15 490
15 495
15 368
15 424
15 371
16 192
16 224
16 386
16 219
16 164
16 326
16 424
16 311
16 172
16 93
16 79
16 304
16 244
16 277
16 406
16 23
16 420
16 186
16 187
16 157
16 341
17 386
17 392
17 265
17 273
17 20
17 406
17 410
17 285
17 415
17 168
17 301
17 432
17 185
17 191
17 64
17 461
17 88
17 91
17 351
17 472
17 231
17 487
17 108
17 110
17 424
17 114
17 245
17 125
18 396
18 404
18 22
18 409
18 283
18 284
18 307
18 185
18 61
18 62
18 194
18 327
18 202
18 77
18 210
18 470
18 216
18 90
18 220
18 478
18 483
18 484
18 489
18 238
19 397
19 403
19 150
19 288
19 47
19 49
19 319
19 64
19 197
19 454
19 458
19 335
19 89
19 218
19 92
19 350
19 99
19 356
19 357
19 360
19 106
19 237
19 241
19 380
19 490
19 126
20 225
20 235
20 332
20 109
20 462
20 309
20 471
20 312
20 89
20 123
20 380
20 222
21 141
21 402
21 269
21 149
21 410
21 166
21 428
21 174
21 54
21 188
21 321
21 481
21 201
21 202
21 331
21 332
21 79
21 209
21 85
21 472
21 97
21 354
21 363
21 110
21 117
22 128
22 139
22 271
22 400
22 148
22 288
22 162
22 165
22 294
22 167
22 169
22 299
22 439
22 313
22 444
22 61
22 323
22 455
22 457
22 76
22 473
22 425
22 102
22 105
22 240
22 114
22 233
23 33
23 374
23 197
23 103
23 232
23 161
23 75
23 397
23 271
23 273
23 370
23 179
23 85
23 278
23 58
23 252
23 190
23 491
24 257
24 139
24 397
24 274
24 275
24 405
24 158
24 287
24 161
24 291
24 422
24 42
24 437
24 159
24 267
24 68
24 198
24 71
24 203
24 332
24 215
24 89
24 348
24 96
24 358
24 363
24 402
24 239
24 380
25 131
25 140
25 398
25 403
25 148
25 159
25 299
25 44
25 53
25 441
25 189
25 452
25 80
25 216
25 474
25 219
25 220
25 351
25 380
25 116
25 250
25 123
25 124
25 253
26 385
26 140
26 258
26 493
26 412
26 418
26 292
26 294
26 297
26 429
26 308
26 55
26 443
26 191
26 64
26 451
26 201
26 458
26 80
26 237
26 496
26 115
27 258
27 260
27 492
27 273
27 277
27 293
27 300
27 176
27 183
27 479
27 191
27 65
27 202
27 55
27 336
27 223
27 358
27 401
27 236
27 111
27 241
27 123
27 124
28 384
28 416
28 363
28 454
28 263
28 41
28 74
28 107
28 387
28 461
28 238
28 445
28 465
28 242
28 83
28 462
28 122
28 91
28 154
29 259
29 266
29 139
29 269
29 142
29 163
29 167
29 296
29 46
29 304
29 50
29 185
29 451
29 324
29 74
29 204
29 467
29 470
29 88
29 94
29 226
29 357
29 361
29 239
29 112
29 375
30 342
30 438
30 136
30 339
30 43
30 462
30 175
30 304
30 344
30 434
30 147
30 372
30 245
30 118
30 152
30 377
30 90
30 219
30 380
31 389
31 400
31 409
31 286
31 162
31 291
31 167
31 302
31 47
31 182
31 184
31 313
31 187
31 445
31 62
31 191
31 64
31 66
31 324
31 72
31 202
31 290
31 79
31 210
31 218
31 91
31 349
31 95
31 484
31 496
31 119
31 126
32 264
32 137
32 394
32 268
32 405
32 407
32 281
32 364
32 160
32 168
32 44
32 303
32 438
32 183
32 184
32 185
32 449
32 194
32 324
32 197
32 206
32 210
32 214
32 219
32 353
32 483
32 485
32 358
32 236
33 388
33 133
33 134
33 393
33 145
33 147
33 287
33 300
33 53
33 184
33 61
33 309
33 449
33 67
33 453
33 461
33 78
33 81
33 474
33 232
33 234
33 125
34 343
34 227
34 389
34 401
34 382
34 203
34 354
34 206
34 271
34 208
34 369
34 46
34 450
34 247
34 60
34 94
35 131
35 142
35 273
35 406
35 164
35 177
35 296
35 43
35 44
35 175
35 305
35 440
35 189
35 319
35 201
35 76
35 336
35 465
35 83
35 486
35 445
35 240
35 248
36 226
36 454
36 489
36 234
36 290
36 130
36 173
36 368
36 258
36 276
36 245
36 419
36 436
36 282
36 143
36 188
37 258
37 134
37 142
37 273
37 410
37 157
37 420
37 167
37 41
37 426
37 43
37 46
37 58
37 458
37 190
37 65
37 196
37 455
37 73
37 330
37 209
37 84
37 398
37 215
37 484
37 491
37 113
37 120
37 382
38 388
38 144
38 275
38 150
38 473
38 152
38 413
38 294
38 428
38 173
38 175
38 308
38 182
38 52
38 60
38 62
38 319
38 193
38 198
38 82
38 340
38 85
38 217
38 475
38 348
38 361
38 493
38 240
38 250
39 161
39 324
39 441
39 305
39 330
39 303
39 241
39 406
39 183
39 89
39 495
40 141
40 401
40 145
40 280
40 292
40 296
40 44
40 301
40 176
40 54
40 440
40 57
40 66
40 325
40 335
40 341
40 103
40 488
40 491
41 131
41 138
41 285
41 158
41 424
41 172
41 48
41 49
41 308
41 310
41 184
41 313
41 61
41 319
41 192
41 373
41 219
41 92
41 221
41 98
41 104
41 317
41 112
41 245
41 374
42 132
42 465
42 285
42 161
42 164
42 165
42 177
42 434
42 309
42 327
42 332
42 209
42 339
42 84
42 475
42 480
42 482
42 103
42 231
42 237
42 250
43 224
43 65
43 356
43 423
43 428
43 108
43 173
43 494
43 416
43 468
43 158
43 54
43 215
43 346
43 285
44 392
44 140
44 287
44 420
44 293
44 425
44 175
44 49
44 435
44 440
44 319
44 451
44 457
44 76
44 207
44 346
44 225
44 112
44 246
44 191
45 128
45 259
45 260
45 264
45 395
45 406
45 152
45 153
45 157
45 166
45 428
45 303
45 305
45 309
45 439
45 184
45 59
45 318
45 322
45 70
45 459
45 464
45 479
45 224
45 355
45 101
45 230
45 489
45 112
45 190
45 246
45 443
45 383
46 128
46 256
46 264
46 273
46 150
46 281
46 414
46 287
46 417
46 428
46 177
46 158
46 57
46 196
46 462
46 338
46 365
46 495
46 116
47 260
47 139
47 269
47 399
47 144
47 148
47 288
47 291
47 198
47 431
47 186
47 193
47 322
47 326
47 208
47 468
47 471
47 224
47 232
47 495
47 243
48 386
48 260
48 134
48 273
48 389
48 162
48 292
48 295
48 299
48 332
48 76
48 336
48 213
48 342
48 481
48 233
48 114
48 371
48 372
48 252
48 341
49 130
49 259
49 391
49 394
49 397
49 272
49 344
49 277
49 407
49 285
49 159
49 160
49 294
49 423
49 168
49 433
49 180
49 443
49 188
49 192
49 416
49 194
49 324
49 332
49 80
49 81
49 84
49 86
49 88
49 353
49 355
49 111
49 244
50 266
50 404
50 288
50 422
50 297
50 305
50 53
50 182
50 320
50 322
50 325
50 329
50 204
50 463
50 471
50 97
50 355
50 102
50 361
50 492
50 110
50 498
50 127
51 258
51 137
51 471
51 409
51 415
51 160
51 289
51 418
51 301
51 180
51 64
51 70
51 200
51 215
51 88
51 353
51 482
51 227
51 487
51 496
51 243
51 119
51 120
52 269
52 274
52 150
52 164
52 296
52 438
52 62
52 63
52 324
52 197
52 326
52 328
52 469
52 348
52 229
52 105
52 107
52 493
52 238
52 120
52 381
52 127
53 386
53 321
53 404
53 405
53 150
53 293
53 455
53 302
53 432
53 188
53 65
53 450
53 417
53 456
53 458
53 208
53 83
53 475
53 225
53 354
53 102
53 488
53 481
53 249
54 385
54 406
54 134
54 449
54 137
54 278
54 161
54 422
54 298
54 435
54 444
54 191
54 321
54 196
54 325
54 207
54 343
54 347
54 350
54 223
54 97
54 484
54 362
54 112
54 113
54 247
54 248
55 388
55 141
55 155
55 412
55 296
55 433
55 436
55 440
55 441
55 443
55 448
55 326
55 201
55 211
55 214
55 346
55 221
55 484
55 232
55 109
55 111
55 375
56 193
56 281
56 475
56 310
56 493
56 138
56 428
56 463
56 272
56 378
56 278
56 249
56 89
56 122
56 155
56 60
56 266
56 490
57 386
57 393
57 268
57 397
57 404
57 432
57 438
57 311
57 62
57 195
57 199
57 79
57 335
57 347
57 479
57 226
57 356
57 492
57 244
57 246
57 248
57 122
57 381
58 148
58 433
58 340
58 364
58 331
58 108
58 386
58 463
58 305
58 116
58 245
58 89
58 90
58 287
58 444
58 218
58 159
59 389
59 173
59 272
59 404
59 156
59 164
59 326
59 166
59 171
59 306
59 137
59 440
59 194
59 69
59 198
59 333
59 336
59 213
59 221
59 390
59 96
59 225
59 356
59 489
59 499
59 464
60 258
60 393
60 418
60 147
60 410
60 163
60 171
60 430
60 440
60 439
60 184
60 444
60 327
60 290
60 341
60 215
60 217
60 491
60 237
60 119
60 126
61 133
61 392
61 419
61 439
61 193
61 326
61 77
61 335
61 81
61 227
61 84
61 473
61 222
61 223
61 99
61 248
61 249
61 251
61 381
62 130
62 396
62 152
62 405
62 406
62 280
62 155
62 291
62 454
62 437
62 65
62 198
62 76
62 345
62 477
62 478
62 294
62 362
62 107
62 114
62 499
62 245
62 246
62 376
63 258
63 267
63 140
63 397
63 399
63 146
63 148
63 278
63 409
63 162
63 297
63 426
63 171
63 446
63 65
63 195
63 71
63 460
63 86
63 219
63 93
63 99
63 356
63 362
63 247
63 250
63 379
64 345
64 153
64 157
64 422
64 180
64 317
64 190
64 447
64 324
64 473
64 221
64 251
64 231
64 367
64 379
65 129
65 260
65 272
65 275
65 404
65 280
65 496
65 162
65 419
65 172
65 430
65 175
65 435
65 313
65 205
65 461
65 210
65 215
65 94
65 351
65 224
65 112
65 403
65 376
66 96
66 192
66 131
66 325
66 167
66 107
66 140
66 302
66 239
66 385
66 369
66 449
66 451
66 341
66 182
66 413
66 90
66 251
66 398
67 130
67 163
67 356
67 421
67 359
67 168
67 106
67 487
67 226
67 143
67 419
67 117
67 118
67 120
67 429
67 282
67 187
67 411
67 394
68 402
68 154
68 411
68 413
68 302
68 434
68 309
68 182
68 200
68 329
68 75
68 334
68 338
68 472
68 479
68 365
68 375
68 249
68 251
68 382
69 388
69 405
69 150
69 151
69 280
69 155
69 288
69 293
69 166
69 425
69 170
69 172
69 392
69 437
69 316
69 191
69 325
69 459
69 78
69 335
69 82
69 467
69 340
69 89
69 347
69 422
69 188
69 497
69 243
70 437
70 496
70 99
70 291
70 135
70 72
70 137
70 298
70 142
70 80
70 334
70 470
70 361
70 474
70 447
70 330
70 317
70 341
71 266
71 396
71 271
71 406
71 495
71 283
71 176
71 181
71 444
71 318
71 453
71 207
71 208
71 270
71 346
71 480
71 489
71 367
71 248
71 378
72 385
72 389
72 134
72 391
72 141
72 405
72 408
72 288
72 420
72 167
72 182
72 185
72 188
72 455
72 456
72 459
72 206
72 222
72 351
72 356
72 102
72 231
72 365
72 242
72 121
72 378
72 252
73 262
73 142
73 143
73 404
73 406
73 281
73 157
73 159
73 293
73 175
73 307
73 440
73 185
73 187
73 325
73 455
73 76
73 221
73 486
73 253
74 263
74 264
74 400
74 273
74 147
74 404
74 286
74 291
74 165
74 422
74 447
74 325
74 198
74 458
74 77
74 462
74 337
74 478
74 354
74 369
74 255
74 383
75 131
75 132
75 407
75 143
75 147
75 278
75 415
75 163
75 423
75 170
75 419
75 310
75 198
75 201
75 330
75 204
75 335
75 209
75 211
75 471
75 103
75 368
75 403
75 372
75 120
75 460
75 254
76 172
76 430
76 410
76 159
76 432
76 296
76 425
76 174
76 309
76 196
76 328
76 462
76 207
76 226
76 102
76 230
76 106
76 235
76 109
76 362
76 381
76 382
77 258
77 392
77 301
77 406
77 421
77 166
77 300
77 173
77 305
77 310
77 455
77 79
77 83
77 468
77 207
77 356
77 121
77 379
77 126
78 134
78 274
78 403
78 152
78 160
78 299
78 444
78 324
78 161
78 201
78 338
78 341
78 226
78 103
78 489
78 106
78 365
78 238
78 118
78 379
79 398
79 403
79 150
79 164
79 433
79 434
79 184
79 442
79 325
79 455
79 340
79 217
79 90
79 351
79 356
79 497
79 212
79 382
80 432
80 163
80 133
80 366
80 208
80 436
80 88
80 251
80 411
80 317
80 485
81 261
81 263
81 279
81 152
81 414
81 291
81 297
81 298
81 323
81 454
81 469
81 471
81 345
81 346
81 92
81 493
81 370
81 372
81 380
82 391
82 140
82 284
82 453
82 171
82 305
82 449
82 181
82 320
82 352
82 199
82 457
82 459
82 204
82 334
82 464
82 480
82 216
82 224
82 99
82 101
82 104
82 105
82 235
82 111
82 117
82 375
83 143
83 274
83 275
83 286
83 289
83 165
83 426
83 300
83 308
83 445
83 163
83 340
83 470
83 97
83 365
83 494
83 497
83 403
84 404
84 288
84 298
84 427
84 328
84 204
84 461
84 211
84 86
84 350
84 165
84 103
84 248
84 249
84 122
84 251
84 200
84 426
85 198
85 321
85 134
85 135
85 220
85 471
85 497
85 352
85 402
85 147
85 415
85 446
85 91
85 124
85 222
85 390
86 385
86 132
86 135
86 396
86 269
86 145
86 278
86 163
86 300
86 302
86 308
86 310
86 187
86 317
86 462
86 477
86 481
86 359
86 361
86 365
86 373
86 119
86 376
86 123
87 256
87 258
87 268
87 274
87 278
87 291
87 292
87 305
87 315
87 190
87 323
87 330
87 463
87 464
87 471
87 354
87 487
87 105
87 368
87 369
87 379
88 394
88 277
88 284
88 160
88 167
88 297
88 299
88 176
88 437
88 439
88 189
88 325
88 336
88 98
88 499
88 119
88 120
88 125
88 127
89 279
89 283
89 287
89 427
89 301
89 324
89 197
89 456
89 337
89 472
89 220
89 477
89 486
89 235
89 236
89 122
90 389
90 271
90 283
90 291
90 323
90 327
90 200
90 213
90 344
90 475
90 476
90 477
90 350
90 488
90 366
90 370
90 127
90 383
91 261
91 279
91 164
91 293
91 295
91 389
91 306
91 304
91 270
91 182
91 315
91 330
91 197
91 198
91 202
91 213
91 348
91 94
91 109
91 238
91 113
91 119
92 132
92 148
92 418
92 166
92 295
92 172
92 184
92 185
92 447
92 193
92 455
92 471
92 473
92 221
92 227
92 360
92 244
92 246
92 425
92 255
93 403
93 494
93 407
93 132
93 425
93 426
93 173
93 312
93 185
93 202
93 142
93 470
93 313
93 216
93 348
93 477
93 360
93 235
93 238
93 120
93 122
94 384
94 104
94 429
94 285
94 240
94 303
94 335
94 373
94 214
94 122
94 252
94 410
95 257
95 134
95 267
95 161
95 390
95 424
95 303
95 441
95 197
95 198
95 327
95 458
95 210
95 218
95 476
95 227
95 102
95 489
95 364
95 237
95 499
96 259
96 422
96 241
96 194
96 242
96 392
96 173
96 142
96 209
96 114
96 494
96 475
96 154
96 378
96 254
97 393
97 194
97 485
97 210
97 297
97 299
97 173
97 239
97 372
97 215
97 314
97 117
98 386
98 259
98 135
98 396
98 149
98 279
98 419
98 423
98 498
98 304
98 179
98 310
98 322
98 199
98 329
98 101
98 359
98 236
98 242
98 372
99 261
99 274
99 404
99 367
99 412
99 159
99 294
99 295
99 296
99 191
99 322
99 323
99 196
99 198
99 456
99 336
99 340
99 213
99 472
99 348
99 480
99 481
99 355
99 105
99 239
99 245
99 376
100 130
100 139
100 142
100 150
100 159
100 292
100 293
100 429
100 303
100 432
100 181
100 317
100 195
100 453
100 336
100 209
100 469
100 217
100 208
100 465
100 105
100 368
100 117
100 255
101 224
101 195
101 230
101 135
101 242
101 290
101 142
101 173
101 336
101 303
101 147
101 244
101 463
101 280
101 283
101 444
101 189
102 278
102 135
102 264
102 143
102 280
102 281
102 159
102 288
102 417
102 359
102 167
102 300
102 430
102 305
102 307
102 184
102 186
102 415
102 454
102 337
102 211
102 214
102 215
102 399
102 349
102 231
102 235
102 240
102 117
102 374
102 119
102 125
102 382
103 151
103 276
103 281
103 282
103 154
103 294
103 173
103 436
103 438
103 315
103 189
103 324
103 215
103 216
103 347
103 225
103 499
103 245
103 468
104 481
104 315
104 214
104 294
104 200
104 326
104 460
104 210
104 323
104 308
104 190
104 150
104 247
104 122
104 286
104 411
104 218
105 132
105 150
105 263
105 392
105 402
105 152
105 296
105 498
105 175
105 443
105 374
105 327
105 141
105 465
105 356
105 222
105 353
105 486
105 358
105 232
105 114
105 499
105 382
105 246
105 375
105 248
105 253
105 254
106 448
106 321
106 452
106 294
106 262
106 153
106 410
106 475
106 221
106 474
107 387
107 391
107 139
107 274
107 147
107 277
107 151
107 423
107 424
107 170
107 302
107 311
107 440
107 445
107 460
107 463
107 209
107 215
107 478
107 223
107 356
107 242
107 118
107 249
108 289
108 194
108 315
108 485
108 230
108 231
108 297
108 268
108 258
108 489
108 242
108 425
108 441
108 123
108 125
108 447
109 448
109 129
109 187
109 293
109 328
109 427
109 270
109 439
109 273
109 181
109 182
109 346
109 349
109 382
109 421
110 256
110 265
110 404
110 152
110 239
110 413
110 414
110 418
110 297
110 174
110 435
110 180
110 448
110 199
110 463
110 338
110 475
110 280
110 488
110 491
110 492
110 466
110 238
110 111
110 376
110 381
111 409
111 355
111 475
111 401
111 297
111 499
111 173
111 493
111 496
111 211
111 446
111 270
111 121
111 188
111 414
111 255
112 134
112 401
112 147
112 157
112 418
112 168
112 302
112 196
112 453
112 202
112 341
112 344
112 216
112 481
112 365
112 118
112 126
113 259
113 136
113 145
113 387
113 282
113 166
113 299
113 430
113 137
113 316
113 317
113 182
113 201
113 459
113 461
113 344
113 350
113 375
113 378
114 143
114 146
114 404
114 290
114 293
114 294
114 170
114 428
114 181
114 309
114 479
114 482
114 358
114 245
114 120
114 383
115 256
115 388
115 262
115 391
115 364
115 237
115 145
115 151
115 280
115 292
115 427
115 302
115 303
115 180
115 309
115 444
115 195
115 452
115 457
115 210
115 482
115 359
115 233
115 236
115 365
115 241
116 386
116 260
116 133
116 396
116 146
116 161
116 162
116 435
116 184
116 325
116 140
116 290
116 333
116 336
116 215
116 221
116 481
116 354
116 243
116 381
116 127
117 259
117 428
117 387
117 358
117 133
117 291
117 298
117 171
117 172
117 307
117 415
117 449
117 202
117 332
117 217
117 219
117 229
117 487
117 125
117 244
117 251
117 253
118 363
118 388
118 391
118 397
118 401
118 147
118 284
118 301
118 175
118 312
118 328
118 330
118 119
118 464
118 440
118 352
118 375
118 380
118 127
119 256
119 135
119 270
119 286
119 427
119 308
119 310
119 318
119 195
119 374
119 484
119 229
119 491
119 368
120 130
120 264
120 258
120 273
120 166
120 169
120 172
120 311
120 184
120 186
120 327
120 206
120 210
120 334
120 342
120 220
120 366
120 125
121 237
121 251
121 389
121 230
121 238
121 211
121 345
121 469
121 247
121 478
121 313
121 410
121 239
121 380
121 285
121 254
122 384
122 261
122 135
122 148
122 294
122 426
122 437
122 200
122 466
122 340
122 353
122 484
122 230
122 359
122 368
122 123
122 127
123 130
123 388
123 449
123 270
123 145
123 403
123 420
123 429
123 432
123 321
123 327
123 458
123 212
123 469
123 471
123 345
123 349
123 352
123 234
123 363
123 239
123 241
123 468
123 251
123 125
124 385
124 130
124 133
124 140
124 397
124 146
124 278
124 152
124 155
124 432
124 163
124 262
124 168
124 175
124 183
124 448
124 193
124 461
124 339
124 346
124 352
124 227
124 359
124 368
124 424
124 382
125 132
125 422
125 396
125 141
125 149
125 150
125 410
125 419
125 166
125 167
125 425
125 436
125 182
125 441
125 199
125 460
125 332
125 341
125 226
125 472
125 229
125 366
125 127
126 384
126 385
126 130
126 131
126 135
126 418
126 148
126 282
126 285
126 160
126 162
126 293
126 425
126 299
126 173
126 318
126 319
126 462
126 218
126 223
126 235
127 264
127 140
127 346
127 423
127 428
127 302
127 179
127 446
127 227
127 489
127 493
127 496
127 190
127 382
128 386
128 137
128 398
128 154
128 413
128 297
128 303
128 435
128 312
128 202
128 467
128 338
128 339
128 251
128 361
128 466
128 370
128 211
128 245
128 374
128 379
129 162
129 387
129 292
129 177
129 388
129 459
129 236
129 451
129 145
129 275
129 149
129 184
129 153
129 381
129 350
130 387
130 132
130 389
130 390
130 275
130 277
130 151
130 409
130 427
130 173
130 309
130 188
130 327
130 474
130 482
130 486
130 230
130 489
130 365
130 377
130 381
131 136
131 268
131 322
131 271
131 400
131 404
131 279
131 286
131 415
131 165
131 295
131 168
131 182
131 189
131 397
131 341
131 473
131 362
132 144
132 403
132 406
132 283
132 160
132 163
132 292
132 424
132 171
132 440
132 317
132 332
132 461
132 419
132 218
132 225
132 231
132 239
132 499
132 245
132 233
132 248
133 387
133 137
133 407
133 155
133 412
133 474
133 163
133 293
133 294
133 295
133 301
133 317
133 324
133 495
133 199
133 329
133 337
133 466
133 291
133 341
133 217
133 218
133 371
133 244
133 378
133 254
134 267
134 271
134 456
134 184
134 289
134 461
134 473
134 223
134 228
134 485
134 417
134 245
134 376
134 382
135 384
135 390
135 160
135 423
135 174
135 306
135 288
135 451
135 457
135 468
135 353
135 227
135 363
135 492
135 242
135 371
135 380
136 391
136 137
136 271
136 402
136 287
136 425
136 432
136 181
136 442
136 451
136 201
136 482
136 334
136 351
136 352
136 226
136 485
136 494
136 370
136 248
136 253
136 255
137 394
137 143
137 144
137 147
137 278
137 290
137 291
137 293
137 424
137 300
137 434
137 186
137 318
137 192
137 322
137 323
137 324
137 199
137 202
137 474
137 479
137 446
137 250
138 160
138 385
138 386
138 260
138 309
138 277
138 171
138 300
138 333
138 399
138 144
138 177
138 432
138 212
138 181
138 407
138 484
138 474
138 191
139 491
139 400
139 283
139 298
139 299
139 173
139 182
139 457
139 189
139 328
139 201
139 338
139 344
139 484
139 219
139 478
139 223
139 365
139 239
139 246
140 387
140 264
140 141
140 150
140 420
140 167
140 170
140 431
140 179
140 478
140 310
140 355
140 350
140 353
140 227
140 359
140 361
140 365
140 370
141 144
141 145
141 146
141 410
141 159
141 422
141 435
141 437
141 310
141 459
141 466
141 340
141 217
141 475
141 477
141 351
141 358
141 381
142 387
142 272
142 145
142 402
142 415
142 418
142 198
142 167
142 428
142 192
142 330
142 211
142 223
142 227
142 231
142 238
142 242
142 246
142 382
143 274
143 147
143 151
143 297
143 426
143 307
143 182
143 316
143 190
143 191
143 449
143 453
143 455
143 200
143 219
143 223
143 354
143 359
144 388
144 270
144 147
144 260
144 287
144 288
144 294
144 423
144 429
144 174
144 307
144 184
144 159
144 451
144 201
144 208
144 210
144 220
144 349
144 351
144 480
144 235
144 241
145 256
145 499
145 401
145 283
145 371
145 308
145 443
145 444
145 456
145 356
145 485
145 488
145 363
145 493
146 395
146 270
146 149
146 278
146 305
146 179
146 372
146 193
146 323
146 329
146 459
146 475
146 220
146 223
146 480
146 356
146 361
146 493
146 239
146 496
146 370
146 251
147 407
147 291
147 176
147 432
147 186
147 330
147 455
147 482
147 219
147 442
147 351
147 226
147 483
147 361
147 493
147 494
147 367
147 489
147 381
147 341
148 262
148 395
148 175
148 287
148 289
148 309
148 183
148 194
148 460
148 332
148 335
148 212
148 479
148 237
148 241
148 370
149 288
149 163
149 356
149 438
149 321
149 329
149 268
149 430
149 173
149 352
149 243
149 310
149 247
149 403
149 284
150 262
150 397
150 271
150 222
150 276
150 428
150 177
150 317
150 194
150 457
150 465
150 350
150 495
150 368
150 372
150 375
151 264
151 265
151 270
151 279
151 280
151 161
151 183
151 184
151 457
151 330
151 460
151 337
151 220
151 365
151 241
151 245
152 257
152 279
152 289
152 290
152 424
152 169
152 426
152 428
152 443
152 198
152 340
152 216
152 484
152 296
152 373
153 260
153 261
153 391
153 395
153 397
153 400
153 154
153 285
153 288
153 292
153 303
153 308
153 440
153 449
153 451
153 324
153 200
153 207
153 336
153 473
153 356
153 361
153 377
153 379
153 252
154 257
154 256
154 410
154 155
154 158
154 417
154 163
154 454
154 419
154 304
154 440
154 326
154 330
154 332
154 336
154 337
154 339
154 217
154 476
154 479
154 225
154 364
154 496
155 352
155 321
155 163
155 196
155 416
155 204
155 205
155 229
155 369
155 195
155 308
155 411
156 406
156 279
156 408
156 409
156 295
156 425
156 175
156 328
156 179
156 181
156 438
156 447
156 449
156 200
156 340
156 469
156 350
156 227
156 487
156 233
156 497
157 386
157 389
157 391
157 283
157 162
157 302
157 186
157 447
157 452
157 209
157 475
157 222
157 223
157 400
157 227
157 356
157 358
157 234
157 241
157 252
158 276
158 302
158 279
158 288
158 418
158 420
158 293
158 296
158 298
158 435
158 182
158 439
158 316
158 317
158 193
158 206
158 469
158 478
158 225
158 488
158 495
158 376
159 262
159 272
159 412
159 453
159 418
159 294
159 498
159 188
159 197
159 199
159 202
159 337
159 355
159 215
159 228
159 490
159 366
159 241
159 242
159 249
160 256
160 388
160 410
160 283
160 289
160 163
160 421
160 170
160 174
160 303
160 183
160 189
160 319
160 450
160 328
160 203
160 462
160 346
160 489
160 493
160 246
161 259
161 390
161 271
161 410
161 162
161 436
161 313
161 442
161 443
161 331
161 208
161 466
161 467
161 477
161 357
161 236
162 259
162 270
162 401
162 387
162 294
162 477
162 178
162 199
162 331
162 206
162 342
162 221
162 350
162 354
162 368
162 242
162 383
163 421
163 431
163 186
163 317
163 321
163 329
163 203
163 479
163 483
163 484
163 248
163 381
164 458
164 193
164 450
164 292
164 295
164 331
164 429
164 302
164 209
164 339
164 462
164 312
164 234
164 351
165 392
165 402
165 405
165 413
165 414
165 166
165 296
165 297
165 179
165 186
165 190
165 321
165 203
165 333
165 343
165 346
165 231
165 468
165 493
165 424
165 243
165 377
165 253
166 265
166 397
166 414
166 175
166 448
166 330
166 346
166 478
166 352
166 487
166 490
166 491
166 498
166 378
167 387
167 265
167 471
167 472
167 412
167 429
167 302
167 303
167 313
167 187
167 445
167 191
167 441
167 324
167 461
167 464
167 337
167 339
167 215
167 229
167 487
167 490
167 242
167 499
168 404
168 298
168 315
168 317
168 447
168 326
168 203
168 339
168 468
168 345
168 474
168 350
168 225
168 226
168 254
168 382
169 399
169 405
169 406
169 292
169 427
169 432
169 306
169 437
169 184
169 452
169 455
169 456
169 209
169 468
169 218
169 489
169 490
169 236
169 372
170 353
170 385
170 457
170 234
170 370
170 483
170 344
170 339
170 278
170 280
170 282
170 384
170 443
170 475
170 229
171 400
171 273
171 413
171 289
171 185
171 445
171 324
171 453
171 343
171 475
171 222
171 357
171 361
171 239
171 249
171 382
172 256
172 264
172 395
172 270
172 405
172 410
172 418
172 426
172 429
172 446
172 192
172 476
172 474
172 221
172 223
172 227
172 232
172 492
172 238
172 242
172 246
172 247
173 265
173 401
173 274
173 411
173 285
173 293
173 174
173 175
173 438
173 322
173 198
173 459
173 211
173 398
173 215
173 483
173 233
173 349
173 277
174 386
174 389
174 402
174 289
174 298
174 176
174 444
174 453
174 207
174 337
174 212
174 231
174 491
174 244
174 375
174 252
174 255
175 342
175 264
175 267
175 408
175 280
175 176
175 329
175 315
175 451
175 196
175 211
175 214
175 481
175 237
175 368
175 369
175 249
176 390
176 269
176 412
176 293
176 308
176 181
176 314
176 437
176 325
176 205
176 345
176 476
176 232
176 364
176 367
176 370
176 376
176 379
176 252
177 302
177 419
177 300
177 479
177 444
177 446
177 323
177 452
177 453
177 206
177 207
177 464
177 210
177 340
177 475
177 477
177 223
177 357
177 232
177 495
177 242
177 379
178 193
178 197
178 486
178 421
178 331
178 226
178 437
178 493
178 368
178 404
178 245
178 374
178 250
178 411
178 350
178 277
179 229
179 390
179 264
179 493
179 403
179 244
179 181
179 438
179 376
179 250
179 285
180 233
180 298
180 268
180 493
180 349
180 499
180 373
180 406
180 376
180 460
180 285
180 190
180 437
181 384
181 401
181 293
181 428
181 454
181 457
181 330
181 205
181 462
181 461
181 211
181 484
181 369
181 381
181 255
182 387
182 290
182 294
182 431
182 304
182 433
182 316
182 192
182 458
182 331
182 214
182 357
182 360
182 234
182 370
182 383
183 384
183 392
183 282
183 411
183 429
183 307
183 437
183 316
183 445
183 200
183 202
183 203
183 336
183 211
183 362
183 236
183 240
184 258
184 284
184 424
184 311
184 372
184 326
184 460
184 339
184 441
184 484
184 495
184 368
184 497
184 374
185 256
185 390
185 393
185 400
185 275
185 290
185 303
185 416
185 209
185 346
185 484
185 233
185 497
185 373
185 250
186 395
186 270
186 279
186 410
186 296
186 189
186 201
186 205
186 218
186 483
186 488
186 237
186 496
186 246
187 429
187 433
187 312
187 318
187 453
187 200
187 459
187 397
187 210
187 212
187 214
187 344
187 346
187 220
187 236
187 371
187 381
188 267
188 389
188 315
188 447
188 325
188 204
188 205
188 465
188 466
188 469
188 216
188 191
189 405
189 295
189 300
189 439
189 315
189 453
189 201
189 337
189 340
189 471
189 353
189 365
189 250
190 277
190 298
190 428
190 438
190 351
190 319
190 454
190 199
190 208
190 342
190 482
190 315
190 492
190 237
190 367
190 369
190 498
190 371
190 246
190 447
190 253
191 256
191 386
191 389
191 390
191 416
191 475
191 437
191 440
191 445
191 447
191 192
191 323
191 203
191 336
191 340
191 347
191 358
191 488
191 378
191 253
192 300
192 410
192 285
192 422
192 430
192 431
192 304
192 307
192 454
192 333
192 398
192 342
192 343
192 473
192 222
192 351
192 489
192 236
192 369
192 242
193 416
193 418
193 230
193 490
193 434
193 216
193 245
193 482
193 471
194 264
194 407
194 352
194 454
194 201
194 333
194 463
194 210
194 355
194 469
194 226
194 227
194 358
194 359
194 493
195 384
195 291
195 421
195 242
195 430
195 321
195 326
195 455
195 333
195 461
195 313
195 347
195 223
195 352
195 492
195 370
195 376
195 447
196 486
196 461
196 466
196 435
196 334
196 309
196 345
196 218
196 346
196 390
197 273
197 281
197 429
197 319
197 325
197 326
197 331
197 205
197 463
197 344
197 219
197 233
197 235
197 403
198 264
198 447
198 205
198 211
198 223
198 233
198 236
198 249
198 255
199 352
199 411
199 230
199 226
199 203
199 396
199 434
199 251
199 220
200 261
200 265
200 284
200 285
200 296
200 412
200 302
200 413
200 325
200 462
200 476
200 230
200 245
200 246
201 260
201 396
201 402
201 300
201 429
201 313
201 316
201 323
201 327
201 329
201 322
201 335
201 336
201 210
201 291
201 468
201 471
201 226
201 488
201 490
201 466
202 491
202 277
202 280
202 496
202 297
202 428
202 303
202 435
202 318
202 459
202 208
202 222
202 351
202 336
202 363
202 494
202 245
202 252
202 381
203 265
203 267
203 402
203 277
203 423
203 428
203 305
203 464
203 210
203 339
203 351
203 224
203 358
203 364
203 211
204 385
204 398
204 366
204 297
204 301
204 449
204 326
204 330
204 337
204 354
204 486
204 232
204 238
204 496
204 243
204 374
204 382
205 227
205 333
205 467
205 399
205 310
205 274
205 451
205 246
205 215
205 473
205 286
205 277
206 225
206 315
206 257
206 489
206 466
206 402
206 387
206 278
206 219
207 258
207 260
207 406
207 413
207 418
207 422
207 298
207 304
207 309
207 458
207 461
207 357
207 489
207 234
207 235
207 237
207 245
208 261
208 465
208 285
208 419
208 294
208 305
208 311
208 313
208 317
208 437
208 460
208 337
208 340
208 228
208 483
208 231
208 496
208 376
209 256
209 404
209 278
209 408
209 411
209 414
209 294
209 434
209 449
209 336
209 337
209 468
209 215
209 347
209 237
209 376
210 294
210 426
210 427
210 312
210 445
210 459
210 466
210 486
210 250
210 255
211 387
211 391
211 395
211 430
211 461
211 212
211 214
211 331
211 347
211 234
211 363
211 379
211 255
212 390
212 398
212 403
212 277
212 279
212 413
212 291
212 298
212 432
212 440
212 331
212 340
212 471
212 472
212 356
212 365
212 253
213 472
213 261
213 390
213 297
213 459
213 237
213 273
213 338
213 372
213 425
213 376
213 447
214 398
214 403
214 285
214 286
214 432
214 307
214 308
214 309
214 450
214 324
214 456
214 329
214 476
214 241
214 383
215 299
215 321
215 392
215 395
215 398
215 277
215 416
215 420
215 424
215 426
215 431
215 314
215 415
215 322
215 329
215 463
215 338
215 470
215 343
215 217
215 219
215 476
215 357
215 316
215 234
216 393
216 270
216 276
216 416
216 436
216 310
216 330
216 339
216 343
216 475
216 349
216 494
216 252
217 491
217 277
217 282
217 293
217 315
217 319
217 324
217 329
217 338
217 342
217 472
217 490
217 235
217 243
217 373
217 379
218 257
218 385
218 266
218 260
218 287
218 305
218 351
218 321
218 328
218 346
218 442
218 224
218 357
218 230
218 367
218 251
219 393
219 453
219 426
219 287
219 446
219 324
219 459
219 465
219 334
219 399
219 481
219 366
220 360
220 242
220 344
220 383
220 468
220 470
220 350
220 351
221 283
221 356
221 439
221 226
221 270
221 237
221 472
221 404
221 290
221 377
221 460
222 265
222 394
222 275
222 278
222 282
222 418
222 310
222 315
222 321
222 325
222 462
222 270
222 358
222 490
222 493
222 246
222 251
223 259
223 289
223 369
223 299
223 432
223 308
223 328
223 461
223 462
223 351
223 228
223 241
223 377
224 260
224 246
224 359
224 488
224 234
224 387
224 355
224 376
224 483
224 282
224 453
225 268
225 290
225 425
225 445
225 448
225 396
225 459
225 346
225 485
225 359
225 239
225 379
226 256
226 395
226 276
226 300
226 431
226 433
226 310
226 456
226 459
226 336
226 353
226 486
226 240
226 369
226 375
226 376
227 307
227 290
227 275
227 278
227 348
227 431
227 313
227 363
227 366
228 389
228 281
228 413
228 286
228 290
228 291
228 426
228 300
228 307
228 450
228 462
228 337
228 340
228 345
228 346
228 492
228 244
228 381
229 385
229 387
229 449
229 284
229 286
229 290
229 303
229 312
229 313
229 321
229 452
229 334
229 467
229 468
229 477
229 484
229 423
229 378
230 265
230 266
230 396
230 282
230 292
230 423
230 322
230 325
230 332
230 343
230 420
230 478
230 355
230 484
230 373
230 376
231 448
231 263
231 329
231 402
231 308
231 238
231 457
231 351
231 261
232 261
232 294
232 321
232 435
232 238
232 275
232 373
232 313
232 282
232 410
232 382
233 263
233 265
233 295
233 437
233 316
233 450
233 336
233 338
233 470
233 240
233 241
233 377
234 260
234 388
234 296
234 299
234 309
234 312
234 437
234 322
234 417
234 329
234 464
234 342
234 455
234 491
234 373
234 246
234 426
234 254
235 386
235 267
235 297
235 298
235 445
235 323
235 324
235 332
235 465
235 485
235 490
235 236
235 366
235 369
235 246
235 253
235 255
236 257
236 266
236 268
236 397
236 408
236 412
236 371
236 441
236 447
236 334
236 488
237 389
237 395
237 401
237 407
237 282
237 311
237 440
237 318
237 461
237 480
237 244
237 245
238 259
238 389
238 411
238 426
238 308
238 440
238 450
238 455
238 458
238 337
238 241
239 299
239 388
239 262
239 396
239 398
239 282
239 433
239 435
239 444
239 456
239 355
239 475
239 477
239 486
239 455
239 366
239 495
240 353
240 426
240 271
240 339
240 312
240 374
241 449
241 392
241 269
241 282
241 284
241 414
241 289
241 315
241 320
241 352
241 327
241 328
241 330
241 362
241 493
241 497
241 244
241 248
242 402
242 323
242 388
242 284
242 391
242 308
242 444
242 324
242 332
242 305
242 478
242 351
242 355
242 358
242 365
242 496
242 377
242 252
242 254
243 481
243 322
243 461
243 386
243 430
243 483
243 410
243 418
243 414
244 339
244 467
244 476
244 420
244 460
244 477
245 266
245 412
245 394
245 330
245 339
245 357
245 445
246 384
246 418
246 421
246 433
246 308
246 458
246 469
246 348
246 314
246 350
246 376
246 381
247 481
247 419
247 292
247 261
247 343
247 333
247 368
247 305
247 306
247 313
247 309
248 266
248 272
248 274
248 275
248 287
248 291
248 299
248 429
248 434
248 438
248 328
248 348
249 257
249 392
249 405
249 282
249 423
249 296
249 323
249 454
249 334
249 350
249 483
249 485
249 486
249 494
249 377
249 382
250 259
250 404
250 408
250 430
250 306
250 314
250 323
250 334
250 344
250 359
250 361
250 374
250 375
251 392
251 268
251 435
251 409
251 327
251 432
251 307
251 318
251 447
251 325
251 326
251 475
251 351
251 468
251 370
251 252
252 387
252 386
252 270
252 452
252 329
252 464
252 341
252 342
252 476
252 351
252 362
252 492
252 371
253 430
253 364
253 405
253 402
253 403
253 410
254 258
254 388
254 386
254 279
254 280
254 413
254 290
254 428
254 301
254 312
254 326
254 334
254 471
254 355
254 370
254 379
255 262
255 395
255 274
255 474
255 414
255 288
255 422
255 423
255 298
255 312
255 437
255 320
255 462
255 336
255 346
255 498
255 467
255 379
256 397
256 279
256 260
256 411
256 301
256 446
256 323
256 458
256 484
256 337
256 488
256 368
256 376
257 449
257 354
257 491
257 357
257 326
257 295
257 317
257 349
257 399
257 380
257 445
258 385
258 259
258 267
258 271
258 280
258 285
258 426
258 299
258 301
258 309
258 315
258 446
258 448
258 467
258 468
258 346
258 358
258 444
258 367
258 496
258 380
259 260
259 385
259 271
259 295
259 482
259 338
259 472
259 476
259 353
260 390
260 397
260 407
260 290
260 315
260 446
260 448
260 453
260 464
260 467
260 353
260 361
260 363
260 492
260 367
260 496
261 409
261 407
261 486
261 461
261 462
261 274
261 440
262 292
262 433
262 273
262 335
262 473
262 440
262 452
262 414
263 393
263 354
263 359
263 324
263 390
263 396
263 465
263 481
263 286
263 319
264 386
264 400
264 299
264 313
264 444
264 445
264 349
264 359
265 279
265 327
265 294
265 454
265 364
265 274
265 277
265 413
265 415
266 384
266 498
266 455
266 301
266 399
266 336
266 278
266 311
266 378
266 476
266 287
267 352
267 384
267 361
267 335
267 355
267 406
267 313
267 349
268 365
268 272
268 339
268 378
268 380
268 477
269 385
269 324
269 470
269 455
269 489
269 458
269 364
269 365
269 347
269 284
269 485
270 400
270 407
270 287
270 434
270 440
270 486
270 358
270 497
270 498
271 277
271 279
271 415
271 427
271 305
271 450
271 453
271 418
271 463
271 468
271 475
271 353
271 485
271 481
272 386
272 293
272 294
272 361
272 426
272 375
272 498
272 463
272 274
272 436
272 311
273 406
273 285
273 414
273 423
273 446
273 447
273 323
273 454
273 455
273 462
273 476
273 357
274 471
274 396
274 401
274 402
274 334
274 412
274 288
274 445
274 452
274 337
274 339
274 301
274 352
275 384
275 420
275 432
275 305
275 438
275 439
275 312
275 360
275 329
275 461
275 469
275 342
275 354
275 422
275 486
275 369
275 377
276 288
276 384
276 278
276 361
276 334
276 347
276 349
277 388
277 411
277 302
277 438
277 331
277 358
277 367
277 368
278 470
278 288
278 432
278 331
278 452
278 454
278 328
278 462
278 352
278 368
279 388
279 400
279 401
279 413
279 419
279 436
279 316
279 458
279 476
279 372
279 375
280 413
280 290
280 419
280 297
280 302
280 448
280 472
280 350
280 358
281 387
281 388
281 428
281 418
281 367
281 472
281 326
281 329
281 313
281 478
282 388
282 395
282 397
282 407
282 434
282 441
282 456
282 331
282 484
282 335
282 356
282 486
282 423
283 391
283 415
283 418
283 301
283 302
283 413
283 306
283 308
283 445
283 457
283 484
283 467
283 344
283 475
283 478
283 356
283 494
283 374
284 386
284 392
284 406
284 410
284 291
284 430
284 456
284 445
284 448
284 340
284 470
284 373
284 378
285 456
285 440
285 446
285 341
285 342
285 343
285 487
286 389
286 395
286 421
286 295
286 424
286 455
286 310
286 317
286 327
286 469
286 348
286 478
286 492
287 495
287 416
287 294
287 306
287 394
287 448
287 451
287 452
287 327
287 332
287 352
287 354
287 422
287 488
287 364
287 367
287 497
287 370
288 396
288 453
288 299
288 415
288 454
288 460
288 469
288 486
288 487
289 418
289 419
289 486
289 424
289 499
289 402
289 488
289 349
290 395
290 417
290 330
290 460
290 461
290 335
290 465
290 339
290 471
290 357
291 387
291 343
291 312
291 447
291 339
291 374
291 340
292 410
292 432
292 298
292 435
292 322
292 461
292 338
292 348
292 350
292 363
292 364
292 296
293 434
293 499
293 329
293 339
293 362
293 366
293 467
294 385
294 409
294 417
294 426
294 430
294 477
294 309
294 406
294 455
294 483
294 349
295 428
295 432
295 308
295 438
295 314
295 340
295 472
295 360
295 377
296 398
296 409
296 438
296 441
296 320
296 322
296 459
296 337
296 474
297 413
297 428
297 322
297 481
297 337
297 344
297 488
298 363
298 404
298 303
298 450
298 326
298 482
299 406
299 405
299 422
299 310
299 479
299 320
299 322
299 326
299 488
300 321
300 423
300 399
300 384
300 373
300 312
300 394
301 417
301 310
301 328
301 466
301 341
301 486
301 359
301 364
301 365
302 397
302 426
302 350
302 487
302 373
303 386
303 450
303 404
303 408
303 420
303 310
303 439
303 442
303 322
303 459
303 476
303 494
304 320
304 486
304 358
304 394
304 479
304 461
304 366
304 401
304 317
304 471
304 437
305 414
305 423
305 308
305 440
305 319
305 320
305 327
305 335
305 352
305 306
305 403
305 376
306 469
306 343
306 492
306 494
306 399
306 467
306 437
306 470
306 377
306 380
307 385
307 418
307 394
307 420
307 403
307 377
307 476
307 437
308 398
308 421
308 427
308 469
308 345
308 355
308 358
308 362
309 437
309 312
309 456
309 458
309 471
309 364
309 366
309 368
309 369
309 382
309 383
310 388
310 436
310 393
310 321
310 460
310 340
310 469
310 349
310 490
311 406
311 411
311 420
311 436
311 313
311 447
311 449
311 329
311 459
311 462
311 345
311 476
311 351
311 492
311 381
312 453
312 315
312 325
312 481
312 333
312 472
312 353
312 356
312 360
312 369
313 385
313 387
313 390
313 451
313 392
313 339
313 423
313 370
314 450
314 458
314 455
314 435
314 430
314 443
314 339
314 462
314 379
314 317
314 410
315 389
315 418
315 420
315 497
315 355
315 360
316 449
316 395
316 488
316 458
316 335
316 411
317 387
317 399
317 423
317 439
317 415
317 444
317 450
317 324
317 473
317 442
317 358
317 489
317 381
317 383
318 488
318 456
318 363
318 465
318 498
318 419
318 437
319 442
319 447
319 348
319 361
319 493
319 496
319 370
319 378
320 321
320 472
320 423
320 469
320 398
320 431
320 499
320 447
320 462
320 351
320 478
321 385
321 390
321 402
321 451
321 415
321 462
321 484
321 382
322 427
322 447
322 323
322 452
322 458
322 350
322 484
322 490
323 401
323 387
323 431
324 386
324 419
324 437
324 440
324 332
324 464
324 358
324 369
325 358
325 399
325 405
325 411
325 420
325 448
325 455
325 336
325 480
325 481
325 357
325 374
325 378
326 384
326 475
326 334
326 468
326 462
326 342
326 347
326 379
326 356
326 357
327 393
327 397
327 405
327 408
327 433
327 425
327 456
327 330
327 341
327 344
327 491
328 392
328 365
328 417
328 420
328 428
328 441
328 451
328 463
328 355
328 356
328 495
328 368
329 411
329 413
329 437
329 449
329 450
329 482
329 472
330 390
330 446
330 469
330 349
330 495
331 396
331 399
331 400
331 453
331 422
331 430
331 435
331 343
331 349
331 363
331 377
331 379
331 381
332 415
332 471
332 361
332 366
332 495
333 405
333 431
333 437
333 372
333 442
333 353
333 443
333 366
333 382
334 460
334 388
334 375
334 408
334 453
335 435
335 439
335 463
335 477
335 479
335 481
335 362
335 368
335 378
336 396
336 425
336 445
336 439
336 341
336 479
336 352
336 359
336 363
336 443
337 393
337 443
337 447
337 339
337 469
337 472
337 347
337 487
337 445
338 391
338 399
338 472
338 475
338 442
338 444
338 445
338 464
338 465
338 344
338 347
338 360
339 385
339 397
339 399
339 440
339 437
339 464
339 479
339 485
339 486
339 491
339 377
340 436
340 464
341 402
341 347
341 360
341 489
341 492
341 376
342 487
342 356
342 454
342 423
342 361
342 427
342 436
342 475
343 498
343 464
343 344
343 387
343 409
344 386
344 405
344 453
344 455
344 431
344 456
344 465
344 345
344 354
344 375
345 473
345 358
345 497
345 498
346 385
346 418
346 435
346 451
346 459
346 473
346 422
347 415
347 422
347 428
347 469
347 441
347 442
347 444
347 462
347 472
347 478
347 479
347 492
347 383
348 418
348 357
348 499
348 430
348 413
348 406
349 365
349 419
349 474
349 490
350 391
350 401
350 437
350 408
350 485
350 377
350 379
351 428
351 441
351 445
351 482
351 366
352 407
352 410
352 420
352 448
352 454
352 465
352 359
352 488
352 402
353 407
353 411
353 441
353 453
353 454
353 396
353 484
353 363
353 364
353 365
353 381
354 392
354 405
354 496
354 370
355 421
355 418
355 407
356 384
356 386
356 388
356 431
356 460
356 486
356 490
356 402
357 454
357 457
357 370
357 404
358 384
358 385
358 392
358 414
358 442
358 456
358 462
358 363
358 375
359 384
359 395
359 450
359 436
359 362
360 449
360 387
360 389
360 428
360 436
360 478
360 421
361 404
361 423
361 474
361 402
362 416
362 432
362 486
362 456
362 401
362 436
363 390
363 410
363 452
364 395
364 481
364 398
364 429
365 419
365 433
365 432
365 439
365 446
365 473
366 472
366 465
366 463
366 446
367 390
367 421
367 467
367 495
367 372
368 407
368 438
368 453
368 468
368 487
369 460
369 450
369 436
369 463
369 457
370 392
370 435
370 499
371 400
371 443
371 392
371 372
371 446
371 478
371 378
371 469
372 448
372 403
372 479
372 405
373 483
373 456
373 488
373 476
373 413
373 408
373 381
373 447
374 388
374 395
374 396
374 423
374 425
374 428
374 437
374 449
374 480
374 489
374 486
374 376
374 383
375 384
375 401
375 457
375 482
375 468
375 473
375 378
376 416
376 390
376 448
376 481
376 495
377 406
377 431
377 467
377 476
377 482
378 388
378 415
378 428
379 394
379 423
379 429
379 443
379 496
380 470
380 456
380 489
380 404
380 429
380 475
381 388
381 416
381 421
381 432
381 483
381 443
381 487
381 493
382 397
382 401
382 450
383 444
383 432
383 404
383 440
383 437
384 400
384 454
384 442
384 450
384 452
384 488
385 402
385 411
385 458
385 435
385 477
385 482
385 387
386 399
386 406
386 422
386 426
386 433
386 445
386 461
387 390
387 409
387 480
387 456
388 409
388 390
388 461
388 463
388 465
388 480
389 392
389 436
389 446
389 461
389 467
389 485
390 435
390 441
390 478
391 438
391 433
391 498
391 459
391 412
392 418
392 419
392 426
392 482
392 490
393 441
393 492
393 410
394 472
394 397
394 457
394 441
395 406
395 430
395 428
395 448
395 462
396 495
396 445
396 455
397 423
397 455
397 436
397 440
397 448
397 443
398 470
398 472
398 410
398 478
399 411
399 416
399 419
399 448
399 450
399 458
399 461
399 472
400 401
400 408
400 424
400 499
400 447
400 461
400 462
400 464
400 471
401 411
401 436
401 439
401 449
401 487
402 498
402 444
402 467
402 430
403 411
403 427
403 477
403 434
403 462
403 482
403 489
403 499
404 413
404 430
404 457
404 474
404 497
405 410
405 417
405 429
405 456
405 460
405 469
405 493
406 451
406 407
406 458
406 478
406 488
407 435
407 452
407 470
407 472
407 473
407 479
408 448
408 470
408 489
408 433
408 441
408 485
409 444
409 460
410 477
410 432
410 468
411 424
411 425
411 479
411 491
411 464
411 494
412 448
412 449
412 418
412 450
412 497
412 438
413 450
413 418
413 426
413 461
413 463
414 438
414 473
414 475
414 481
414 484
414 487
414 497
415 449
415 444
415 451
415 463
415 478
416 424
416 457
416 429
417 423
417 459
417 498
417 483
417 458
418 474
418 459
418 462
419 444
419 464
419 497
420 456
420 422
420 444
421 438
421 477
421 441
421 461
422 480
422 473
422 490
423 456
423 441
423 492
423 493
423 494
424 447
424 484
425 426
425 431
425 485
426 445
426 448
426 479
426 466
427 449
427 471
427 446
427 429
428 487
428 494
429 431
429 442
430 439
430 488
431 442
431 475
431 490
432 461
432 465
432 484
432 474
434 449
434 441
434 474
434 453
435 465
435 489
436 487
436 440
436 449
436 451
436 456
436 471
436 474
436 485
437 448
437 446
437 476
438 458
439 450
439 453
439 467
439 472
439 483
439 484
439 492
440 470
441 451
441 482
441 499
442 493
442 458
442 492
442 496
442 480
443 495
445 481
446 476
447 479
447 485
447 496
448 477
448 490
449 472
450 474
450 477
450 479
450 485
451 453
452 453
452 454
452 460
452 476
452 498
453 482
453 492
453 466
454 463
454 479
454 485
455 499
457 470
457 490
457 498
458 472
461 466
462 477
463 470
463 490
463 492
464 485
465 468
465 470
465 476
465 495
465 496
466 483
466 498
466 469
466 468
468 492
469 473
470 476
471 476
471 493
472 493
473 487
474 484
474 485
474 493
475 495
478 482
478 494
479 498
480 484
481 497
486 487
488 489
490 491
497 498
