0 260
0 392
0 140
0 412
0 287
0 42
0 171
0 300
0 178
0 307
0 437
0 325
0 332
0 460
0 80
0 478
0 481
0 483
0 358
0 113
0 114
0 378
0 426
1 385
1 3
1 262
1 273
1 404
1 278
1 415
1 39
1 298
1 172
1 430
1 435
1 311
1 459
1 207
1 339
1 340
1 85
1 478
1 97
1 366
1 122
1 124
1 253
2 386
2 3
2 142
2 271
2 17
2 21
2 25
2 26
2 292
2 167
2 308
2 312
2 441
2 59
2 69
2 332
2 77
2 440
2 210
2 340
2 469
2 471
2 356
2 101
2 466
2 378
2 124
2 382
3 385
3 8
3 270
3 405
3 453
3 295
3 298
3 43
3 302
3 315
3 188
3 452
3 197
3 327
3 206
3 338
3 340
3 473
3 99
3 103
3 111
3 117
3 377
4 397
4 15
4 275
4 157
4 31
4 422
4 487
4 425
4 300
4 45
4 432
4 308
4 54
4 442
4 330
4 322
4 74
4 336
4 301
4 93
4 486
4 231
4 360
4 234
4 363
4 241
4 19
5 259
5 388
5 391
5 264
5 267
5 147
5 406
5 409
5 412
5 31
5 37
5 166
5 426
5 179
5 53
5 442
5 60
5 62
5 191
5 452
5 71
5 456
5 464
5 337
5 468
5 223
5 226
5 484
5 497
5 252
6 131
6 135
6 392
6 138
6 142
6 272
6 402
6 19
6 430
6 410
6 295
6 46
6 303
6 48
6 436
6 313
6 266
6 320
6 76
6 338
6 343
6 240
6 247
6 255
7 323
7 257
7 419
7 235
7 389
7 481
7 199
7 74
7 107
7 236
7 210
7 176
7 146
7 274
7 415
7 379
7 221
7 95
8 257
8 386
8 388
8 390
8 266
8 145
8 149
8 280
8 162
8 299
8 172
8 310
8 184
8 187
8 316
8 61
8 71
8 77
8 56
8 344
8 221
8 59
8 337
8 493
8 244
8 120
8 254
9 392
9 13
9 399
9 400
9 148
9 149
9 473
9 197
9 160
9 165
9 39
9 43
9 178
9 307
9 183
9 196
9 325
9 326
9 455
9 456
9 217
9 348
9 349
9 222
9 97
9 103
9 361
9 359
9 239
9 112
10 480
10 353
10 457
10 358
10 102
10 135
10 328
10 41
10 139
10 493
10 337
10 335
10 17
10 446
10 277
10 169
10 313
10 423
10 463
10 286
10 81
11 384
11 163
11 39
11 360
11 316
11 106
11 479
11 419
11 206
11 271
11 242
11 371
11 149
11 54
11 413
11 411
11 156
11 29
11 286
11 426
12 450
12 475
12 365
12 70
12 73
12 362
12 141
12 333
12 440
12 498
12 148
12 201
12 88
12 26
12 187
12 60
12 414
12 191
13 385
13 130
13 145
13 148
13 26
13 158
13 35
13 420
13 39
13 315
13 66
13 211
13 214
13 223
13 352
13 59
13 232
13 105
13 369
13 443
13 246
13 376
13 121
13 381
14 128
14 266
14 402
14 403
14 409
14 410
14 412
14 32
14 293
14 166
14 423
14 437
14 444
14 332
14 83
14 348
14 94
14 356
14 103
14 233
14 241
14 117
14 379
14 254
15 270
15 145
15 415
15 417
15 38
15 438
15 313
15 315
15 61
15 68
15 454
15 335
15 466
15 342
15 185
15 477
15 483
15 359
15 488
15 234
15 491
15 240
15 370
15 127
16 385
16 258
16 387
16 390
16 398
16 404
16 410
16 284
16 285
16 417
16 298
16 45
16 178
16 184
16 444
16 448
16 196
16 325
16 96
16 230
16 495
16 497
16 119
16 248
17 256
17 131
17 470
17 145
17 147
17 150
17 281
17 30
17 415
17 48
17 34
17 419
17 293
17 39
17 176
17 52
17 317
17 66
17 70
17 454
17 461
17 336
17 86
17 348
17 351
17 352
17 358
17 102
17 232
17 364
17 237
17 369
17 377
18 384
18 134
18 268
18 145
18 19
18 405
18 413
18 287
18 421
18 175
18 442
18 187
18 316
18 324
18 197
18 456
18 73
18 338
18 340
18 215
18 88
18 352
18 225
18 230
18 105
18 493
18 499
18 376
18 126
19 216
19 405
19 157
19 167
19 169
19 42
19 302
19 51
19 437
19 183
19 185
19 442
19 188
19 68
19 329
19 331
19 344
19 346
19 100
19 102
19 368
19 371
19 118
19 255
20 289
20 131
20 292
20 465
20 137
20 106
20 141
20 463
20 477
20 49
20 179
20 489
20 87
20 88
20 154
20 444
20 378
21 139
21 271
21 148
21 278
21 24
21 26
21 29
21 159
21 418
21 440
21 421
21 300
21 45
21 433
21 308
21 438
21 312
21 436
21 322
21 453
21 333
21 337
21 343
21 474
21 475
21 350
21 354
21 357
21 486
21 106
21 235
21 366
21 115
21 245
21 246
21 375
22 257
22 172
22 280
22 286
22 36
22 165
22 44
22 436
22 441
22 58
22 60
22 62
22 320
22 71
22 458
22 459
22 460
22 461
22 463
22 469
22 215
22 292
22 218
22 421
22 357
22 374
22 121
22 124
23 390
23 269
23 273
23 403
23 25
23 33
23 48
23 424
23 173
23 176
23 433
23 438
23 442
23 64
23 65
23 454
23 455
23 340
23 90
23 351
23 224
23 97
23 99
23 359
23 363
23 239
23 245
23 247
23 250
24 268
24 141
24 144
24 281
24 153
24 155
24 416
24 417
24 292
24 427
24 45
24 431
24 177
24 179
24 56
24 452
24 203
24 334
24 468
24 471
24 481
24 355
24 484
24 238
24 245
24 248
24 121
25 339
25 451
25 438
25 72
25 201
25 106
25 139
25 397
25 253
25 307
25 245
25 246
25 312
25 57
25 58
25 431
25 221
26 144
26 410
26 283
26 154
26 30
26 297
26 46
26 177
26 414
26 440
26 329
26 82
26 218
26 349
26 225
26 102
26 489
26 111
26 117
26 119
26 254
27 384
27 385
27 404
27 152
27 282
27 30
27 293
27 294
27 424
27 425
27 172
27 435
27 158
27 184
27 191
27 67
27 200
27 201
27 461
27 468
27 474
27 222
27 485
27 357
27 497
27 116
27 63
28 138
28 146
28 148
28 277
28 414
28 32
28 38
28 41
28 93
28 50
28 439
28 321
28 201
28 78
28 216
28 348
28 221
28 224
28 482
28 274
28 404
28 382
29 129
29 492
29 394
29 396
29 143
29 148
29 281
29 419
29 199
29 172
29 177
29 53
29 71
29 200
29 329
29 463
29 213
29 349
29 479
29 228
29 108
29 122
29 127
30 268
30 400
30 35
30 454
30 38
30 291
30 419
30 181
30 314
30 193
30 450
30 451
30 453
30 326
30 72
30 75
30 224
30 462
30 205
30 163
30 343
30 344
30 96
30 356
30 166
30 105
30 115
30 127
31 134
31 150
31 279
31 282
31 283
31 158
31 293
31 297
31 177
31 307
31 436
31 56
31 455
31 338
31 211
31 476
31 227
31 360
31 498
31 249
31 382
32 384
32 385
32 140
32 141
32 151
32 410
32 413
32 290
32 412
32 432
32 50
32 310
32 439
32 58
32 447
32 65
32 323
32 324
32 453
32 70
32 469
32 219
32 363
32 110
32 239
32 368
32 243
32 372
32 248
32 379
33 135
33 137
33 266
33 396
33 279
33 408
33 424
33 298
33 432
33 50
33 307
33 53
33 182
33 323
33 200
33 329
33 332
33 465
33 82
33 216
33 357
33 111
33 117
34 193
34 290
34 427
34 407
34 390
34 295
34 72
34 265
34 43
34 333
34 206
34 495
34 466
34 487
34 361
34 494
34 282
35 128
35 388
35 394
35 395
35 272
35 283
35 286
35 160
35 418
35 421
35 426
35 307
35 59
35 317
35 196
35 325
35 70
35 199
35 334
35 466
35 218
35 353
35 144
35 61
35 496
35 116
35 250
35 382
36 128
36 385
36 395
36 396
36 150
36 283
36 159
36 162
36 454
36 406
36 40
36 300
36 45
36 302
36 304
36 307
36 438
36 190
36 325
36 198
36 455
36 200
36 82
36 95
36 97
36 357
36 492
36 338
36 113
36 244
36 245
36 374
36 125
37 132
37 149
37 408
37 415
37 304
37 306
37 435
37 310
37 182
37 71
37 74
37 469
37 343
37 219
37 96
37 360
37 493
37 496
37 241
37 372
37 213
38 130
38 163
38 389
38 198
38 369
38 328
38 329
38 455
38 446
38 49
38 436
38 341
38 414
38 345
38 153
38 347
38 223
38 127
39 272
39 326
39 294
39 175
39 177
39 318
39 322
39 267
39 70
39 75
39 463
39 481
39 228
39 490
39 491
39 498
39 127
40 386
40 416
40 162
40 101
40 453
40 71
40 170
40 333
40 270
40 81
40 302
40 117
40 406
40 412
40 415
41 193
41 200
41 323
41 420
41 134
41 136
41 77
41 366
41 207
41 145
41 403
41 468
41 277
41 475
41 92
41 394
41 383
42 258
42 131
42 132
42 342
42 263
42 270
42 146
42 404
42 280
42 410
42 411
42 112
42 54
42 55
42 189
42 63
42 68
42 438
42 458
42 464
42 337
42 214
42 473
42 220
42 481
42 98
42 99
42 494
42 61
42 240
42 498
42 121
42 123
43 128
43 453
43 360
43 323
43 331
43 397
43 302
43 432
43 114
43 179
43 246
43 119
43 152
43 379
43 411
44 150
44 396
44 270
44 143
44 147
44 282
44 155
44 412
44 413
44 453
44 295
44 302
44 305
44 308
44 185
44 60
44 318
44 67
44 324
44 69
44 76
44 207
44 466
44 469
44 90
44 219
44 349
44 350
44 479
44 97
44 483
44 366
44 495
44 242
44 120
44 379
44 126
45 257
45 393
45 289
45 199
45 300
45 183
45 187
45 325
45 71
45 460
45 208
45 355
45 470
45 471
45 420
45 346
45 349
45 352
45 59
45 237
45 368
45 116
45 117
45 246
45 377
46 96
46 193
46 70
46 167
46 392
46 437
46 235
46 257
46 302
46 497
46 51
46 478
46 117
46 182
46 247
46 344
46 281
46 371
46 166
47 439
47 135
47 271
47 275
47 286
47 419
47 423
47 178
47 115
47 183
47 57
47 187
47 75
47 332
47 209
47 84
47 89
47 235
47 492
47 114
47 403
47 248
47 250
47 379
47 253
47 127
48 260
48 389
48 137
48 271
48 410
48 283
48 288
48 411
48 92
48 49
48 323
48 72
48 216
48 217
48 347
48 348
48 98
48 484
48 366
48 374
48 254
48 383
49 273
49 408
49 410
49 412
49 285
49 421
49 177
49 62
49 63
49 65
49 451
49 454
49 74
49 346
49 219
49 477
49 225
49 354
49 356
49 485
49 231
49 376
50 132
50 449
50 105
50 170
50 331
50 330
50 304
50 208
50 145
50 371
50 340
50 277
50 470
50 471
50 313
50 58
50 61
50 254
51 385
51 270
51 145
51 276
51 279
51 414
51 303
51 193
51 323
51 463
51 339
51 342
51 349
51 478
51 224
51 104
51 361
51 107
51 108
51 467
51 376
51 125
51 254
52 130
52 486
52 406
52 412
52 414
52 416
52 420
52 308
52 54
52 460
52 217
52 94
52 98
52 101
52 358
52 362
52 491
52 493
52 116
52 118
52 375
52 120
52 377
52 124
52 255
53 130
53 387
53 278
53 151
53 409
53 284
53 163
53 406
53 455
53 199
53 328
53 458
53 473
53 476
53 93
53 485
53 102
53 233
53 240
53 372
53 253
53 126
54 387
54 392
54 143
54 412
54 475
54 297
54 437
54 311
54 313
54 63
54 196
54 326
54 457
54 333
54 461
54 465
54 84
54 85
54 249
54 463
54 93
54 361
54 357
54 233
54 237
54 375
54 121
55 239
55 160
55 292
55 421
55 171
55 186
55 325
55 459
55 332
55 79
55 210
55 88
55 90
55 220
55 349
55 228
55 365
55 381
55 113
55 114
55 499
55 117
55 253
55 383
56 268
56 270
56 401
56 403
56 413
56 427
56 300
56 307
56 314
56 316
56 194
56 453
56 202
56 203
56 336
56 82
56 92
56 101
56 102
56 490
56 114
57 260
57 136
57 143
57 145
57 275
57 279
57 495
57 157
57 295
57 170
57 308
57 189
57 191
57 199
57 457
57 75
57 332
57 78
57 335
57 337
57 213
57 343
57 102
57 233
57 235
57 236
57 365
57 317
57 248
58 385
58 137
58 394
58 139
58 145
58 402
58 291
58 167
58 298
58 178
58 442
58 315
58 319
58 69
58 342
58 88
58 90
58 349
58 94
58 480
58 355
58 485
58 488
58 380
58 495
58 240
58 370
58 121
58 252
59 131
59 108
59 408
59 406
59 280
59 417
59 290
59 165
59 297
59 298
59 432
59 392
59 373
59 325
59 336
59 216
59 351
59 226
59 99
59 361
59 236
59 113
59 117
59 251
59 426
60 385
60 273
60 279
60 154
60 156
60 415
60 418
60 174
60 310
60 311
60 312
60 313
60 445
60 373
60 324
60 329
60 78
60 95
60 226
60 99
60 497
60 126
60 248
60 377
60 123
60 254
61 276
61 409
61 414
61 198
61 436
61 437
61 182
61 313
61 186
61 70
61 326
61 460
61 461
61 291
61 341
61 471
61 479
61 489
61 188
61 109
61 119
61 378
61 255
62 130
62 134
62 135
62 469
62 284
62 157
62 150
62 415
62 420
62 425
62 184
62 314
62 189
62 67
62 454
62 327
62 200
62 205
62 341
62 235
62 493
62 317
62 369
62 373
62 377
62 253
62 255
63 492
63 397
63 402
63 275
63 408
63 413
63 418
63 425
63 430
63 439
63 185
63 444
63 446
63 319
63 457
63 82
63 84
63 342
63 94
63 226
63 100
63 362
63 236
63 237
63 468
63 298
64 129
64 390
64 137
64 140
64 281
64 424
64 437
64 265
64 186
64 187
64 318
64 67
64 76
64 461
64 338
64 343
64 219
64 480
64 355
64 104
64 238
64 241
64 249
64 443
65 128
65 194
65 299
65 81
65 75
65 237
65 429
65 416
65 354
65 93
65 351
66 385
66 131
66 391
66 399
66 496
66 162
66 298
66 428
66 174
66 175
66 434
66 184
66 322
66 86
66 230
66 360
66 108
66 238
66 240
66 488
66 242
66 374
66 125
66 426
67 384
67 385
67 263
67 137
67 266
67 267
67 140
67 281
67 282
67 287
67 168
67 299
67 303
67 312
67 198
67 458
67 335
67 466
67 471
67 95
67 391
67 360
67 362
67 235
67 112
67 113
67 242
67 253
67 383
68 385
68 265
68 397
68 275
68 148
68 281
68 412
68 421
68 423
68 156
68 302
68 450
68 459
68 339
68 91
68 479
68 482
68 357
68 487
68 367
68 497
68 126
69 452
69 439
69 487
69 265
69 363
69 98
69 80
69 177
69 403
69 245
69 297
69 156
69 157
69 309
70 390
70 174
70 166
70 170
70 427
70 181
70 184
70 318
70 447
70 71
70 458
70 206
70 335
70 84
70 474
70 455
70 496
70 369
71 286
71 160
71 162
71 165
71 414
71 438
71 313
71 186
71 416
71 324
71 72
71 203
71 77
71 334
71 210
71 340
71 490
71 239
71 376
71 252
72 441
72 451
72 326
72 137
72 491
72 307
72 439
72 440
72 412
72 380
72 317
72 447
73 98
73 163
73 472
73 389
73 486
73 327
73 428
73 451
73 285
73 400
73 337
73 99
73 318
73 439
73 152
73 347
73 188
73 221
73 286
74 259
74 390
74 138
74 141
74 148
74 161
74 422
74 433
74 168
74 430
74 437
74 211
74 468
74 343
74 345
74 421
74 226
74 484
74 357
74 366
74 369
74 242
74 118
74 119
75 131
75 86
75 193
75 406
75 292
75 427
75 435
75 332
75 207
75 213
75 342
75 343
75 348
75 98
75 227
75 105
75 381
75 368
75 375
75 121
75 378
75 125
75 126
76 131
76 139
76 402
76 276
76 150
76 292
76 390
76 423
76 314
76 315
76 321
76 395
76 461
76 79
76 86
76 91
76 95
76 225
76 226
76 494
76 373
76 377
77 390
77 391
77 268
77 404
77 413
77 290
77 292
77 134
77 437
77 313
77 317
77 330
77 460
77 469
77 486
77 242
77 254
77 247
77 382
77 127
78 398
78 403
78 404
78 405
78 413
78 414
78 496
78 419
78 421
78 166
78 170
78 427
78 174
78 303
78 197
78 199
78 202
78 482
78 463
78 475
78 485
78 226
78 227
78 422
78 240
78 298
79 384
79 264
79 144
79 145
79 275
79 277
79 409
79 163
79 173
79 188
79 324
79 439
79 204
79 82
79 355
79 401
79 110
79 243
79 116
79 376
79 126
80 451
80 292
80 202
80 343
80 461
80 174
80 399
80 369
80 146
80 243
80 372
80 398
80 342
80 215
80 216
80 441
80 378
80 316
80 191
81 131
81 135
81 270
81 404
81 150
81 291
81 298
81 171
81 431
81 435
81 439
81 442
81 87
81 477
81 104
81 363
81 248
81 378
81 379
81 255
82 354
82 443
82 209
82 201
82 234
82 306
82 462
82 450
82 113
82 114
82 451
82 441
82 255
82 312
82 381
83 385
83 449
83 138
83 271
83 401
83 147
83 411
83 156
83 293
83 173
83 174
83 175
83 442
83 193
83 85
83 342
83 91
83 349
83 356
83 495
83 249
83 378
84 131
84 139
84 404
84 280
84 367
84 156
84 305
84 170
84 200
84 184
84 187
84 199
84 328
84 201
84 330
84 376
84 340
84 346
84 95
84 239
84 120
84 124
85 128
85 386
85 140
85 407
85 286
85 162
85 422
85 299
85 432
85 179
85 311
85 193
85 418
85 461
85 472
85 349
85 109
85 494
85 367
85 117
85 127
86 147
86 406
86 345
86 423
86 297
86 170
86 173
86 303
86 179
86 443
86 192
86 455
86 482
86 464
86 339
86 214
86 215
86 217
86 479
86 226
86 232
86 362
86 363
86 236
86 239
86 118
86 248
86 121
87 256
87 260
87 274
87 275
87 413
87 432
87 419
87 299
87 285
87 304
87 179
87 436
87 321
87 203
87 460
87 341
87 89
87 92
87 483
87 486
87 230
87 465
87 367
88 391
88 392
88 270
88 281
88 154
88 283
88 285
88 288
88 474
88 168
88 306
88 467
88 471
88 218
88 348
88 491
88 110
88 116
88 117
88 377
88 122
88 383
89 129
89 322
89 227
89 263
89 314
89 493
89 306
89 108
89 289
89 402
89 208
89 401
89 178
89 285
89 181
89 154
89 187
89 221
89 491
90 484
90 325
90 486
90 233
90 462
90 303
90 496
90 472
90 498
90 105
90 332
90 399
90 442
91 130
91 137
91 258
91 405
91 196
91 286
91 160
91 165
91 297
91 437
91 312
91 206
91 463
91 211
91 346
91 347
91 220
91 228
91 230
91 105
91 107
91 237
91 495
91 251
91 126
92 256
92 257
92 264
92 393
92 139
92 151
92 408
92 474
92 158
92 267
92 203
92 210
92 331
92 348
92 95
92 483
92 240
92 497
92 499
92 373
92 380
92 381
93 130
93 230
93 134
93 263
93 342
93 487
93 301
93 365
93 222
93 345
93 378
93 413
93 94
93 149
94 133
94 471
94 399
94 400
94 146
94 410
94 414
94 419
94 168
94 426
94 431
94 439
94 199
94 333
94 465
94 467
94 215
94 472
94 355
94 230
94 362
94 497
94 372
94 246
94 447
94 255
95 128
95 385
95 388
95 134
95 264
95 396
95 279
95 408
95 282
95 283
95 288
95 161
95 411
95 166
95 348
95 305
95 437
95 318
95 198
95 417
95 463
95 467
95 470
95 217
95 100
95 444
95 235
95 364
95 370
95 119
95 123
96 417
96 386
96 235
96 230
96 379
96 444
96 171
96 110
96 399
96 113
96 242
96 483
96 118
96 123
96 252
96 191
97 260
97 390
97 396
97 142
97 146
97 158
97 162
97 165
97 174
97 431
97 180
97 312
97 187
97 444
97 190
97 191
97 464
97 468
97 476
97 223
97 402
97 490
97 109
97 111
98 403
98 150
98 151
98 412
98 413
98 416
98 289
98 219
98 292
98 433
98 321
98 451
98 196
98 474
98 347
98 357
98 362
99 265
99 399
99 284
99 286
99 415
99 162
99 169
99 300
99 304
99 306
99 442
99 187
99 450
99 458
99 462
99 248
99 344
99 478
99 223
99 368
99 242
99 376
99 250
99 381
99 426
100 307
100 470
100 243
100 351
100 297
100 332
100 333
100 110
100 466
100 306
100 115
100 444
100 310
100 215
100 345
100 377
100 338
100 494
101 288
101 384
101 131
101 420
101 199
101 270
101 184
101 178
101 211
101 350
101 430
101 220
101 477
101 318
101 415
102 145
102 280
102 410
102 160
102 170
102 177
102 180
102 439
102 444
102 288
102 323
102 197
102 203
102 340
102 485
102 380
102 110
102 115
102 468
102 250
102 252
103 258
103 139
103 367
103 295
103 169
103 433
103 437
103 315
103 190
103 181
103 197
103 202
103 335
103 474
103 230
103 234
103 239
103 242
103 117
104 385
104 441
104 115
104 198
104 169
104 279
104 281
104 493
104 176
104 341
104 249
104 120
104 217
104 122
104 252
104 317
104 383
105 258
105 263
105 397
105 281
105 291
105 442
105 189
105 322
105 195
105 206
105 141
105 419
105 213
105 217
105 351
105 482
105 229
105 499
105 116
106 363
106 374
106 134
106 233
106 298
106 300
106 376
106 466
106 147
106 214
106 120
106 154
106 491
106 485
106 213
107 449
107 251
107 134
107 323
107 295
107 268
107 207
107 496
107 468
107 382
107 445
107 122
107 124
107 394
107 286
108 139
108 407
108 282
108 307
108 183
108 330
108 206
108 466
108 215
108 473
108 488
108 366
108 112
108 113
108 248
108 122
108 255
109 435
109 357
109 197
109 230
109 308
109 425
109 268
109 205
109 335
109 304
109 305
109 243
109 180
109 311
109 185
109 477
109 191
109 127
110 134
110 158
110 289
110 420
110 429
110 176
110 306
110 313
110 186
110 447
110 452
110 453
110 199
110 340
110 341
110 185
110 345
110 347
110 220
110 231
110 111
110 496
110 375
110 468
110 379
111 267
111 145
111 408
111 416
111 455
111 301
111 433
111 310
111 441
111 449
111 327
111 332
111 462
111 215
111 484
111 229
111 242
111 117
111 378
112 352
112 405
112 134
112 199
112 168
112 174
112 303
112 304
112 483
112 340
112 277
112 219
112 311
112 218
112 187
112 286
112 223
113 360
113 497
113 264
113 444
113 490
113 331
113 476
113 209
113 246
113 409
113 282
113 395
114 385
114 267
114 322
114 399
114 272
114 276
114 285
114 418
114 295
114 173
114 194
114 199
114 334
114 269
114 467
114 213
114 470
114 345
114 346
114 354
114 489
114 495
114 375
114 251
115 134
115 277
115 284
115 287
115 161
115 418
115 291
115 308
115 326
115 456
115 470
115 221
115 229
115 368
115 370
115 499
115 245
115 380
116 339
116 452
116 133
116 170
116 172
116 302
116 344
116 259
116 150
116 439
116 281
116 122
116 362
116 383
117 392
117 264
117 137
117 267
117 269
117 147
117 419
117 165
117 177
117 182
117 313
117 446
117 450
117 328
117 201
117 335
117 211
117 471
117 223
117 131
117 488
117 493
117 242
117 375
117 122
117 381
117 126
118 376
118 430
118 328
118 425
118 142
118 272
118 177
118 238
118 409
118 120
118 377
118 410
118 447
118 216
118 394
118 351
119 130
119 259
119 390
119 317
119 272
119 278
119 166
119 174
119 181
119 314
119 351
119 316
119 189
119 446
119 455
119 465
119 467
119 215
119 348
119 482
119 227
119 236
119 371
119 245
119 125
119 254
120 134
120 396
120 144
120 145
120 410
120 160
120 390
120 295
120 170
120 429
120 435
120 308
120 309
120 182
120 189
120 205
120 334
120 473
120 364
120 365
120 369
120 468
121 256
121 390
121 138
121 395
121 409
121 412
121 288
121 171
121 324
121 207
121 484
121 351
121 226
121 356
121 359
121 375
122 389
122 390
122 396
122 141
122 284
122 415
122 422
122 177
122 306
122 307
122 478
122 372
122 204
122 222
122 494
122 239
123 451
123 292
123 425
123 174
123 431
123 307
123 468
123 478
123 470
123 184
123 234
123 446
124 396
124 401
124 282
124 294
124 432
124 438
124 444
124 193
124 324
124 454
124 201
124 209
124 467
124 473
124 474
124 479
124 485
124 188
124 378
125 132
125 264
125 268
125 270
125 217
125 429
125 441
125 444
125 445
125 453
125 203
125 185
125 216
125 292
125 350
125 481
125 482
125 489
125 235
125 126
126 263
126 400
126 278
126 407
126 452
126 283
126 422
126 301
126 347
126 189
126 449
126 451
126 453
126 329
126 335
126 338
126 470
126 344
126 232
126 237
126 375
126 253
127 389
127 156
127 424
127 314
127 318
127 326
127 457
127 206
127 399
127 350
127 351
127 226
127 485
127 232
127 364
127 367
127 241
127 213
128 449
128 142
128 406
128 162
128 426
128 430
128 307
128 314
128 332
128 467
128 347
128 482
128 228
128 233
128 339
128 245
128 489
129 136
129 274
129 275
129 277
129 280
129 411
129 286
129 415
129 163
129 296
129 297
129 301
129 311
129 312
129 317
129 318
129 450
129 467
129 224
129 445
129 190
129 378
130 259
130 261
130 403
130 151
130 290
130 180
130 295
130 433
130 185
130 448
130 328
130 354
130 337
130 210
130 222
130 226
130 237
130 246
131 267
131 151
131 154
131 295
131 299
131 172
131 312
131 315
131 446
131 459
131 196
131 469
131 482
131 494
131 498
131 376
132 384
132 258
132 227
132 388
132 358
132 232
132 493
132 364
132 269
132 333
132 468
132 213
132 150
132 439
132 410
132 362
132 380
133 480
133 291
133 389
133 487
133 237
133 270
133 173
133 273
133 205
133 179
133 398
133 279
133 472
133 249
133 348
134 261
134 262
134 265
134 397
134 145
134 276
134 238
134 368
134 292
134 293
134 168
134 182
134 320
134 451
134 324
134 333
134 467
134 485
134 492
134 383
135 399
135 282
135 171
135 223
135 193
135 451
135 325
135 328
135 329
135 333
135 475
135 348
135 478
135 479
135 489
135 238
135 383
136 482
136 484
136 454
136 170
136 337
136 306
136 345
136 319
136 380
136 287
137 387
137 262
137 393
137 267
137 403
137 413
137 416
137 420
137 170
137 303
137 189
137 452
137 326
137 329
137 338
137 342
137 481
137 230
137 497
137 498
137 372
138 487
138 354
138 456
138 197
138 167
138 200
138 348
138 235
138 492
138 454
138 400
138 264
138 274
138 467
138 217
138 330
139 258
139 151
139 468
139 417
139 291
139 175
139 438
139 183
139 184
139 439
139 207
139 466
139 339
139 340
139 350
139 486
139 364
140 194
140 360
140 161
140 418
140 177
140 434
140 323
140 468
140 417
140 154
140 251
140 255
141 387
141 260
141 264
141 399
141 409
141 154
141 166
141 295
141 430
141 458
141 447
141 199
141 218
141 223
141 355
141 375
141 148
142 265
142 268
142 271
142 151
142 408
142 283
142 284
142 293
142 168
142 455
142 184
142 322
142 353
142 459
142 464
142 468
142 346
142 480
142 356
142 492
142 498
142 376
142 378
143 409
143 376
143 491
143 292
143 150
143 330
143 407
143 302
143 248
143 345
143 152
143 346
143 347
143 312
143 255
144 398
144 286
144 415
144 417
144 168
144 300
144 434
144 351
144 188
144 323
144 203
144 291
144 477
144 485
144 354
144 229
144 379
145 395
145 286
145 162
145 300
145 308
145 181
145 184
145 443
145 317
145 319
145 435
145 471
145 447
145 382
146 395
146 408
146 414
146 416
146 292
146 165
146 179
146 311
146 267
146 225
146 358
146 364
146 237
146 495
146 243
146 374
146 375
147 441
147 355
147 260
147 467
147 389
147 307
147 363
147 238
147 271
147 340
147 311
147 409
147 188
147 351
148 149
148 393
148 395
148 161
148 418
148 164
148 424
148 185
148 192
148 204
148 336
148 466
148 468
148 214
148 473
148 474
148 335
148 222
148 480
148 464
148 255
149 385
149 390
149 433
149 372
149 431
149 272
149 401
149 214
149 151
149 217
149 346
149 283
149 190
149 455
150 263
150 264
150 428
150 397
150 412
150 159
150 416
150 293
150 294
150 169
150 177
150 436
150 310
150 183
150 449
150 226
150 205
150 213
150 470
150 399
150 337
150 497
150 379
150 381
150 254
151 390
151 272
151 402
151 174
151 188
151 459
151 331
151 333
151 462
151 359
151 444
151 363
151 238
151 370
151 374
151 251
151 405
152 427
152 261
152 391
152 403
152 282
152 284
152 168
152 156
152 179
152 191
152 353
152 200
152 331
152 332
152 210
152 213
152 474
152 225
152 484
152 361
152 490
152 236
152 366
152 379
153 291
153 261
153 169
153 202
153 331
153 434
153 399
153 242
153 277
153 457
153 444
153 325
154 371
154 451
154 277
154 281
154 166
154 296
154 426
154 177
154 307
154 183
154 315
154 446
154 191
154 395
154 199
154 456
154 201
154 463
154 222
154 486
154 487
154 243
155 192
155 163
155 342
155 278
155 327
155 296
155 266
155 420
155 365
155 494
155 303
155 216
155 427
155 355
155 246
155 281
155 316
155 221
155 158
156 261
156 402
156 276
156 162
156 291
156 424
156 173
156 307
156 322
156 470
156 341
156 214
156 218
156 356
156 360
156 489
156 238
156 488
156 499
156 376
156 252
157 227
157 268
157 429
157 398
157 175
157 440
157 338
157 196
157 342
157 216
157 221
158 386
158 265
158 273
158 403
158 159
158 283
158 434
158 306
158 329
158 331
158 269
158 342
158 479
158 227
158 361
158 363
158 243
158 249
159 474
159 438
159 169
159 268
159 366
159 414
159 308
159 377
159 184
159 345
159 186
159 475
159 445
160 480
160 161
160 354
160 327
160 237
160 437
160 239
160 305
160 180
160 286
160 214
160 314
160 254
160 361
161 224
161 354
161 326
161 487
161 236
161 491
161 173
161 269
161 272
161 214
161 375
161 440
161 409
161 287
161 394
162 256
162 263
162 364
162 194
162 411
162 298
162 435
162 308
162 183
162 191
162 205
162 468
162 471
162 164
162 350
162 487
162 236
162 495
162 319
162 255
163 260
163 396
163 404
163 405
163 411
163 305
163 179
163 443
163 328
163 333
163 212
163 219
163 476
163 356
163 486
163 360
163 492
163 237
163 241
163 252
164 256
164 257
164 260
164 391
164 489
164 484
164 354
164 302
164 418
164 449
164 481
164 414
164 310
164 217
164 218
164 382
165 386
165 267
165 275
165 170
165 171
165 428
165 175
165 182
165 316
165 318
165 191
165 331
165 205
165 206
165 340
165 351
165 232
165 353
165 481
165 380
166 258
166 276
166 419
166 185
166 189
166 192
166 193
166 324
166 199
166 459
166 205
166 353
166 229
166 357
166 234
166 485
166 497
167 448
167 419
167 388
167 418
167 271
167 346
167 285
168 427
168 189
168 191
168 448
168 455
168 204
168 463
168 464
168 338
168 398
168 471
168 345
168 479
168 224
168 229
169 269
169 429
169 401
169 276
169 277
169 289
169 301
169 179
169 309
169 183
169 319
169 320
169 451
169 463
169 355
169 217
169 474
169 232
169 447
170 385
170 278
170 456
170 439
170 312
170 446
170 192
170 450
170 454
170 333
170 469
170 441
170 348
170 481
170 365
170 241
170 246
170 378
171 386
171 439
171 391
171 275
171 404
171 426
171 309
171 479
171 448
171 322
171 199
171 329
171 203
171 335
171 473
171 223
171 365
171 253
171 381
172 386
172 391
172 267
172 274
172 406
172 410
172 284
172 454
172 174
172 413
172 304
172 447
172 198
172 211
172 345
172 353
172 360
172 366
172 250
173 387
173 263
173 398
173 280
173 370
173 296
173 175
173 433
173 434
173 371
173 183
173 441
173 189
173 319
173 481
173 201
173 467
173 211
173 221
173 225
173 355
173 229
173 492
173 237
173 242
173 251
174 259
174 393
174 395
174 281
174 176
174 433
174 311
174 464
174 225
174 470
174 211
174 229
174 360
174 493
174 371
174 244
175 491
175 260
175 391
175 404
175 279
175 295
175 427
175 305
175 314
175 315
175 241
175 332
175 487
175 489
175 490
175 369
176 452
176 438
176 361
176 269
176 401
176 342
176 444
176 383
177 384
177 386
177 388
177 392
177 286
177 299
177 432
177 307
177 444
177 448
177 450
177 196
177 337
177 212
177 473
177 250
177 354
177 483
177 357
177 423
177 494
177 496
177 377
177 380
177 382
178 284
178 295
178 297
178 179
178 185
178 208
178 339
178 346
178 442
178 353
178 482
178 483
178 230
178 232
178 400
179 257
179 387
179 263
179 283
179 421
179 453
179 308
179 183
179 444
179 189
179 325
179 328
179 201
179 468
179 351
179 227
179 234
179 363
179 494
179 367
179 368
179 243
180 260
180 448
180 348
180 362
180 216
180 372
180 214
180 343
180 184
180 388
180 378
180 188
180 255
181 262
181 266
181 410
181 284
181 325
181 416
181 426
181 313
181 314
181 415
181 316
181 319
181 192
181 197
181 335
181 341
181 470
181 220
181 349
181 239
181 191
182 256
182 386
182 292
182 297
182 433
182 478
182 318
182 191
182 451
182 461
182 190
182 210
182 446
182 222
182 421
182 230
182 494
182 496
183 435
183 281
183 299
183 312
183 322
183 341
183 480
183 358
183 234
183 370
183 382
184 391
184 410
184 284
184 414
184 427
184 306
184 321
184 196
184 460
184 466
184 483
184 219
184 400
184 227
184 239
184 378
185 263
185 275
185 410
185 415
185 308
185 442
185 444
185 190
185 322
185 451
185 468
185 473
185 493
185 356
185 360
185 496
185 379
185 380
185 253
186 448
186 322
186 228
186 374
186 429
186 317
186 208
186 307
186 399
186 431
186 342
186 379
187 256
187 387
187 435
187 345
187 414
187 428
187 402
187 307
187 437
187 311
187 449
187 325
187 458
187 463
187 472
187 378
187 228
187 237
187 244
187 349
187 250
187 382
188 394
188 283
188 414
188 423
188 426
188 302
188 441
188 484
188 465
188 345
188 478
188 228
188 357
188 230
188 487
188 248
189 399
189 406
189 308
189 450
189 206
189 484
189 364
189 367
189 242
189 379
189 254
190 194
190 355
190 310
190 441
190 233
190 332
190 303
190 449
190 247
190 376
190 439
190 495
190 285
190 455
191 270
191 276
191 289
191 292
191 302
191 330
191 344
192 194
192 219
192 324
192 363
192 238
192 399
192 208
192 337
192 462
192 250
193 384
193 387
193 415
193 498
193 438
193 446
193 458
193 203
193 290
193 207
193 464
193 338
193 348
193 229
193 236
193 370
193 499
193 375
193 250
193 247
194 265
194 394
194 397
194 398
194 283
194 299
194 443
194 323
194 199
194 201
194 334
194 207
194 211
194 346
194 477
194 352
194 496
194 497
195 342
195 294
195 456
195 491
195 268
195 269
195 207
195 246
195 201
195 473
195 396
195 283
195 252
195 351
196 257
196 391
196 287
196 305
196 439
196 314
196 445
196 448
196 335
196 209
196 342
196 230
196 382
197 389
197 272
197 408
197 282
197 296
197 308
197 309
197 310
197 457
197 442
197 444
197 437
197 452
197 201
197 209
197 223
197 484
198 392
198 273
198 281
198 421
198 424
198 322
198 214
198 471
198 220
198 356
198 422
198 360
198 489
198 491
198 364
198 383
199 257
199 350
199 285
199 310
199 314
199 325
199 201
199 461
199 463
199 344
199 484
199 480
199 391
199 489
199 241
199 377
200 445
200 420
200 338
200 269
200 207
200 242
200 438
200 329
200 372
200 250
200 330
201 264
201 322
201 297
201 427
201 433
201 326
201 396
201 461
201 337
201 339
201 216
201 474
202 336
202 475
202 390
202 234
202 371
202 305
202 369
202 248
202 313
202 339
202 340
202 281
202 315
202 285
202 471
203 423
203 435
203 317
203 447
203 331
203 206
203 338
203 334
203 475
203 348
203 349
203 351
203 226
203 229
203 375
204 289
204 259
204 292
204 485
204 491
204 483
204 237
204 398
204 243
204 333
204 244
204 474
204 318
204 415
205 395
205 478
205 310
205 440
205 447
205 321
205 327
205 459
205 335
205 467
205 463
205 222
205 367
205 369
205 498
205 248
205 251
206 256
206 258
206 368
206 443
206 447
206 320
206 321
206 331
206 332
206 215
206 356
206 360
206 240
206 241
207 411
207 415
207 321
207 317
207 449
207 335
207 395
207 493
207 242
207 249
207 255
208 482
208 358
208 457
208 266
208 295
208 440
208 274
208 373
208 409
208 408
208 394
209 386
209 265
209 270
209 405
209 284
209 287
209 308
209 312
209 313
209 317
209 326
209 327
209 460
209 351
209 362
209 364
209 366
209 498
209 244
209 250
210 311
210 419
210 407
210 278
210 348
210 401
210 370
210 372
210 484
210 427
210 447
211 270
211 271
211 284
211 421
211 295
211 433
211 309
211 269
211 212
211 468
211 237
211 243
211 340
212 224
212 386
212 388
212 231
212 361
212 435
212 369
212 269
212 270
212 239
212 496
212 467
212 310
212 484
212 249
212 475
213 363
213 406
213 269
213 259
213 290
213 423
213 435
213 479
213 314
213 443
213 418
213 465
213 219
213 477
213 421
213 358
213 235
213 239
213 382
214 256
214 395
214 273
214 280
214 413
214 440
214 313
214 450
214 417
214 328
214 338
214 471
214 472
214 227
214 484
214 486
214 487
214 298
215 386
215 388
215 266
215 268
215 405
215 288
215 290
215 430
215 445
215 321
215 339
215 334
215 472
215 231
215 488
215 369
215 371
215 246
215 247
216 386
216 388
216 262
216 273
216 277
216 407
216 287
216 418
216 436
216 317
216 327
216 340
216 470
216 476
216 363
216 237
216 381
216 372
216 379
217 256
217 384
217 258
217 273
217 275
217 408
217 441
217 318
217 449
217 450
217 323
217 456
217 337
217 230
217 254
217 255
218 224
218 246
218 262
218 360
218 457
218 234
218 302
218 424
218 499
218 437
218 285
218 357
219 257
219 258
219 269
219 275
219 414
219 296
219 306
219 441
219 452
219 463
219 231
219 248
220 230
220 226
220 363
220 456
220 393
220 331
220 300
220 301
220 499
220 342
220 346
220 437
221 395
221 291
221 424
221 307
221 445
221 326
221 462
221 337
221 341
221 222
221 482
221 357
222 259
222 262
222 386
222 387
222 281
222 283
222 303
222 319
222 322
222 459
222 468
222 474
222 477
222 485
222 362
222 375
222 276
222 255
223 271
223 403
223 425
223 320
223 453
223 353
223 340
223 226
223 228
223 357
223 494
224 272
224 404
224 495
224 346
224 419
224 421
224 454
224 468
224 249
224 477
224 226
224 490
224 367
224 497
224 245
224 376
225 258
225 394
225 493
225 286
225 298
225 303
225 308
225 443
225 316
225 323
225 336
225 356
225 233
225 379
226 384
226 297
226 434
226 436
226 310
226 314
226 318
226 331
226 454
226 457
226 475
226 358
226 234
226 366
226 239
226 373
226 425
226 376
227 385
227 394
227 397
227 273
227 420
227 421
227 426
227 301
227 326
227 456
227 457
227 478
227 479
227 489
227 358
227 361
227 494
227 250
227 254
228 457
228 356
228 326
228 488
228 284
228 395
228 300
228 361
228 462
228 464
228 281
229 384
229 257
229 276
229 430
229 285
229 295
229 297
229 499
229 438
229 454
229 364
229 249
229 381
230 397
230 237
230 285
230 417
230 428
230 365
230 478
230 447
230 456
230 333
230 337
230 469
230 444
230 248
230 377
231 385
231 272
231 300
231 434
231 435
231 436
231 312
231 330
231 339
231 478
231 495
231 496
231 497
231 242
231 499
231 375
232 387
232 400
232 276
232 292
232 425
232 305
232 463
232 340
232 472
232 476
232 297
232 484
232 492
232 496
232 243
232 253
233 486
233 337
233 329
233 320
233 288
233 272
233 254
233 466
233 371
233 247
233 362
233 497
234 410
234 282
234 289
234 294
234 423
234 425
234 307
234 457
234 335
234 485
234 360
234 466
234 254
235 480
235 293
235 450
235 339
235 494
235 381
236 388
236 292
236 296
236 391
236 434
236 436
236 311
236 316
236 451
236 452
236 417
236 464
236 466
236 378
236 491
236 367
236 242
236 250
236 381
237 269
237 278
237 286
237 425
237 439
237 442
237 445
237 320
237 451
237 464
237 471
237 486
237 402
237 249
237 319
237 252
238 291
238 292
238 264
238 316
238 388
238 363
238 367
238 498
238 281
238 379
238 350
239 256
239 259
239 342
239 395
239 275
239 439
239 293
239 295
239 433
239 308
239 311
239 348
239 363
239 243
239 380
240 304
240 282
240 261
240 427
240 268
240 409
240 253
240 478
241 459
241 364
241 497
241 339
241 244
241 407
241 282
241 351
241 476
241 443
241 446
242 263
242 323
242 405
242 414
242 298
242 446
242 460
242 335
242 484
242 499
242 378
243 394
243 398
243 275
243 405
243 281
243 432
243 425
243 428
243 431
243 304
243 315
243 445
243 459
243 344
243 475
243 476
243 351
243 491
243 366
244 385
244 421
244 300
244 459
244 499
244 245
244 409
244 472
244 356
244 253
245 256
245 392
245 266
245 267
245 270
245 325
245 416
245 422
245 309
245 444
245 449
245 328
245 458
245 333
245 479
245 379
246 408
246 276
246 280
246 310
246 458
246 320
246 258
246 461
246 468
246 489
246 372
246 251
246 254
246 405
247 260
247 257
247 456
247 298
247 417
247 344
247 302
247 374
247 248
247 251
247 349
248 413
248 298
248 302
248 326
248 463
248 337
248 354
248 367
248 368
248 369
248 376
249 385
249 448
249 405
249 410
249 291
249 422
249 427
249 431
249 433
249 313
249 443
249 480
249 328
249 341
249 359
249 375
249 381
250 256
250 271
250 294
250 291
250 434
250 309
250 444
250 323
250 325
250 486
250 467
250 373
250 378
250 380
251 481
251 491
251 296
251 428
251 443
251 429
251 282
251 316
251 314
251 445
252 264
252 410
252 389
252 293
252 294
252 302
252 432
252 318
252 461
252 346
252 487
252 379
253 263
253 267
253 398
253 399
253 272
253 408
253 288
253 425
253 438
253 322
253 338
253 346
253 475
253 348
253 351
253 365
253 366
253 378
254 387
254 407
254 453
254 312
254 323
254 374
254 333
254 483
254 340
254 378
255 387
255 274
255 291
255 426
255 331
255 476
255 491
255 496
255 374
256 391
256 473
256 416
256 297
256 435
256 308
256 373
256 331
256 290
256 467
256 348
256 481
256 487
257 386
257 271
257 402
257 404
257 452
257 445
257 450
257 454
257 327
257 332
257 461
257 470
257 480
257 490
257 496
257 276
258 384
258 263
258 276
258 287
258 304
258 309
258 317
258 325
258 459
258 346
258 350
259 416
259 323
259 292
259 312
259 402
259 280
259 380
259 351
260 261
260 424
260 316
260 498
260 310
260 348
260 281
260 413
261 368
261 419
261 361
261 312
261 339
261 406
261 311
261 410
261 345
262 289
262 328
262 490
262 423
262 429
262 321
262 456
262 346
263 268
263 423
263 433
263 440
263 338
263 467
263 470
263 481
264 411
264 389
264 427
264 310
264 329
264 448
264 463
264 467
264 354
264 360
264 498
265 481
265 487
265 328
265 364
265 299
265 322
265 306
265 396
265 428
265 285
265 485
266 277
266 293
266 357
266 407
266 395
266 336
266 499
266 462
266 309
267 399
267 272
267 430
267 309
267 452
267 456
267 338
267 344
267 371
267 375
267 380
268 389
268 278
268 281
268 309
268 440
268 322
268 468
268 483
268 383
269 390
269 274
269 282
269 436
269 417
269 331
269 338
269 480
269 482
269 373
269 379
270 344
270 277
270 283
270 413
270 294
270 303
270 308
270 454
270 335
270 484
270 447
270 382
271 401
271 410
271 415
271 423
271 315
271 444
271 458
271 334
271 469
271 365
271 375
272 416
272 290
272 423
272 308
272 439
272 314
272 327
272 468
272 350
272 295
272 492
272 361
272 378
273 453
273 382
273 368
273 400
273 419
273 478
273 318
273 287
274 289
274 451
274 485
274 321
274 472
274 494
274 280
275 392
275 393
275 400
275 402
275 281
275 292
275 422
275 435
275 317
275 318
275 334
275 468
275 481
275 498
275 375
275 377
276 389
276 450
276 287
276 293
276 309
276 320
276 322
276 328
276 329
276 337
276 340
276 485
276 358
276 492
276 360
277 389
277 393
277 413
277 421
277 445
277 447
277 457
277 465
277 341
277 485
277 495
278 483
278 454
278 449
278 297
278 395
278 430
278 335
278 305
278 476
279 491
279 483
279 324
279 487
279 476
279 420
279 365
279 430
279 287
279 306
279 436
280 404
280 282
280 305
280 306
280 444
280 446
280 330
280 462
280 467
280 377
280 380
281 384
281 409
281 454
281 372
281 433
281 313
281 314
281 334
281 465
281 469
281 496
281 376
281 383
282 389
282 407
282 325
282 424
282 453
282 302
282 435
282 447
282 345
282 485
282 365
283 389
283 392
283 310
283 438
283 376
283 381
284 384
284 386
284 409
284 286
284 289
284 296
284 483
284 304
284 313
284 444
284 453
284 454
284 336
284 470
284 344
284 348
284 378
284 352
284 486
284 446
285 394
285 400
285 287
285 349
285 351
285 358
285 491
285 493
285 481
285 376
286 399
286 293
286 297
286 455
286 488
286 369
287 388
287 412
287 415
287 293
287 422
287 302
287 311
287 327
287 462
287 421
287 480
287 484
287 494
288 385
288 390
288 394
288 303
288 437
288 336
288 465
288 338
288 470
288 471
288 475
288 374
288 375
288 379
289 389
289 402
289 433
289 440
289 463
289 337
289 468
289 471
289 350
289 368
289 372
290 397
290 407
290 417
290 295
290 424
290 299
290 325
290 454
290 335
290 474
290 476
290 365
291 405
291 406
291 413
291 349
291 441
291 444
291 323
291 324
291 332
291 464
291 339
291 471
291 355
291 465
291 445
292 386
292 494
292 390
292 435
292 449
292 337
292 479
292 483
292 493
292 369
293 392
293 399
293 301
293 303
293 304
293 415
293 316
293 366
294 448
294 332
294 476
294 497
294 403
294 437
294 439
294 414
295 367
295 432
295 440
295 448
295 321
295 329
295 335
295 480
295 353
295 483
296 484
296 298
296 467
296 377
296 479
297 388
297 400
297 433
297 444
297 321
297 454
297 459
297 334
297 335
297 464
297 342
297 344
297 492
297 377
297 378
297 381
298 391
298 409
298 423
298 432
298 499
298 351
298 371
299 392
299 414
299 417
299 422
299 428
299 432
299 436
299 331
299 350
299 363
299 498
300 398
300 323
300 434
300 451
300 325
300 460
300 467
300 484
300 357
301 481
301 318
301 489
301 356
301 410
302 391
302 430
302 406
302 411
302 413
302 416
302 431
302 325
302 338
303 428
303 305
303 434
303 442
303 317
303 450
303 343
303 347
303 350
303 362
303 492
303 495
304 390
304 467
304 339
304 459
304 366
304 373
304 351
305 418
305 307
305 313
305 411
305 446
305 456
305 460
305 351
305 361
305 497
305 373
306 428
306 432
306 332
306 340
306 475
306 489
306 490
307 394
307 405
307 378
307 435
307 415
307 310
307 436
307 321
307 453
307 461
307 338
307 472
307 479
307 481
307 487
307 369
307 377
308 419
308 424
308 415
308 447
308 448
308 472
308 475
308 479
308 465
308 492
308 375
309 389
309 402
309 417
309 418
309 450
309 323
309 328
309 336
309 338
309 346
309 478
309 484
309 361
309 369
310 404
310 449
310 339
310 343
310 481
310 483
310 361
310 491
310 364
310 369
310 379
310 383
311 417
311 440
311 442
311 325
311 340
311 475
311 354
311 357
312 388
312 465
312 446
312 322
312 335
312 349
312 350
312 495
313 396
313 417
313 329
313 464
313 343
313 345
313 347
313 478
313 355
313 360
313 489
313 369
313 375
314 392
314 394
314 427
314 428
314 368
315 401
315 403
315 409
315 413
315 423
315 428
315 434
315 499
315 479
315 330
315 317
315 322
315 341
315 351
315 363
315 497
316 384
316 390
316 394
316 402
316 436
316 456
316 354
316 360
316 371
317 420
317 444
317 323
317 453
317 327
317 464
317 476
318 384
318 412
318 413
318 457
318 420
318 329
318 445
318 447
318 466
318 344
318 472
318 487
318 485
318 492
318 496
318 376
319 396
319 398
319 414
319 338
319 431
319 433
319 328
319 459
319 337
319 466
319 371
319 379
320 361
320 324
320 421
320 456
320 333
320 437
320 397
320 365
320 348
321 392
321 398
321 403
321 428
321 434
321 447
321 451
321 340
321 334
321 475
321 469
322 427
322 416
322 447
322 325
322 330
322 331
322 332
322 469
322 485
322 490
322 494
322 369
322 380
323 439
323 416
323 344
323 494
323 383
324 388
324 441
324 416
324 452
324 343
324 479
324 482
324 494
324 371
325 388
325 404
325 415
325 391
325 451
325 332
325 338
325 467
326 393
326 395
326 421
326 435
326 440
326 443
326 486
326 360
326 445
326 381
327 452
327 394
327 334
327 383
327 399
327 446
327 412
328 385
328 389
328 401
328 404
328 439
328 449
328 450
328 466
328 478
329 423
329 428
329 434
329 439
329 467
329 354
330 397
330 424
330 432
330 441
330 394
330 464
330 350
330 480
330 486
330 495
330 496
331 418
331 476
331 465
331 473
331 351
331 491
331 369
331 374
331 383
332 387
332 426
332 411
332 475
332 476
332 359
332 360
332 382
333 427
333 430
333 337
333 419
333 490
333 363
334 397
334 401
334 434
334 444
334 462
334 450
334 468
334 383
335 390
335 438
335 479
335 491
336 485
336 487
336 391
336 405
336 476
336 455
336 416
336 436
336 383
337 398
337 402
337 348
337 478
337 368
338 387
338 406
338 390
338 425
338 457
338 361
339 404
339 414
339 461
339 345
339 475
339 482
339 365
339 366
339 498
339 499
340 438
340 473
341 489
341 452
341 389
341 455
341 425
341 434
341 399
341 440
342 405
342 417
342 411
342 478
342 482
342 357
342 367
342 380
342 426
343 398
343 412
343 420
343 430
343 461
343 468
343 470
343 479
343 357
343 367
343 378
344 411
344 413
344 429
344 434
344 352
344 487
344 363
344 382
344 383
345 423
345 436
345 463
345 487
346 459
346 462
346 474
346 487
346 367
347 385
347 390
347 393
347 494
347 413
347 418
347 423
347 425
347 457
347 449
347 465
347 475
347 479
347 497
348 427
348 443
348 450
348 452
348 463
348 482
349 384
349 396
349 421
349 350
349 487
349 494
350 403
350 366
350 400
350 370
350 372
351 435
351 398
351 408
351 411
351 412
351 432
351 460
351 473
351 482
351 376
352 432
352 421
352 458
352 495
352 453
353 482
353 422
353 485
353 497
353 475
353 473
353 383
353 476
353 490
353 382
354 422
354 439
354 446
354 459
354 471
354 477
354 360
355 473
355 420
355 391
355 484
355 366
355 393
356 487
356 360
356 412
356 436
356 396
357 387
357 406
357 392
357 410
357 413
357 442
357 482
357 463
357 485
357 379
357 380
358 448
358 389
358 492
358 425
358 396
358 468
358 380
358 437
359 427
359 421
359 461
359 467
359 472
359 378
359 474
360 385
360 400
360 402
360 419
360 485
360 488
360 382
360 383
361 386
361 395
361 454
361 455
361 470
361 480
361 489
361 491
361 495
361 383
362 459
362 373
362 388
362 455
362 498
362 377
362 440
363 440
363 442
363 446
363 447
363 457
363 458
363 478
363 497
364 406
364 415
364 438
364 439
364 448
364 474
364 475
364 481
364 486
364 465
364 445
364 369
365 485
365 449
365 401
365 370
365 437
366 388
366 385
366 396
366 418
366 434
366 438
366 485
366 377
367 435
367 402
367 403
367 494
367 452
367 415
367 429
367 463
367 477
367 488
367 491
368 488
368 374
368 473
368 443
369 390
369 392
369 395
369 413
369 428
369 439
369 462
369 475
369 494
369 375
370 433
370 499
370 432
370 401
370 472
370 431
370 445
371 410
371 415
371 416
371 422
371 444
371 455
371 487
372 407
372 454
372 469
372 378
372 490
372 376
373 493
373 496
373 438
373 439
374 438
374 481
374 432
374 478
374 472
374 475
375 410
375 428
375 442
375 416
375 489
375 380
376 386
376 415
376 428
376 442
376 477
376 481
377 392
377 405
377 412
377 497
377 432
377 443
377 424
377 446
377 381
378 391
378 411
378 413
378 381
378 457
378 382
379 420
379 440
379 446
379 450
379 397
379 465
379 487
379 492
379 494
380 486
380 417
380 499
380 479
380 459
381 386
381 391
381 400
381 408
381 445
381 467
382 389
382 409
382 435
382 481
382 484
382 496
383 439
383 399
383 400
383 407
383 421
383 427
383 440
383 449
384 387
384 400
384 414
384 416
384 474
385 395
385 413
385 430
385 458
385 435
385 482
385 496
386 389
386 428
386 400
386 478
386 456
386 459
386 424
387 429
387 405
387 463
387 471
387 478
387 485
388 393
388 492
388 458
389 413
389 419
389 424
389 448
389 462
389 479
389 483
389 422
389 495
390 409
390 455
390 473
390 493
391 450
391 401
391 404
391 414
391 435
391 437
391 444
391 473
391 491
392 405
392 428
392 438
393 400
393 418
393 440
394 400
394 430
394 480
394 490
395 421
395 466
396 407
396 409
396 418
396 432
396 442
396 464
396 465
396 485
397 449
397 464
397 497
397 437
397 445
398 405
398 427
398 441
398 445
398 486
400 415
400 431
400 442
400 454
400 456
400 476
400 425
401 414
401 428
401 454
401 464
401 467
401 463
401 487
401 491
402 409
402 468
402 472
402 474
402 475
402 491
403 480
403 432
403 474
404 410
404 442
404 485
405 412
405 488
406 407
406 418
406 447
406 448
406 463
407 448
407 477
407 408
407 453
407 458
408 410
408 416
408 436
408 452
408 461
408 467
408 475
409 416
409 446
409 448
409 457
409 460
409 461
409 464
409 486
409 492
410 432
410 419
410 459
410 481
410 492
411 413
412 493
412 446
412 447
413 414
413 442
413 456
413 460
413 474
414 475
414 422
414 480
415 436
415 438
415 437
415 485
416 450
416 417
416 427
416 434
416 445
416 485
417 420
417 428
417 431
417 444
417 459
417 496
418 422
419 433
419 435
419 445
419 451
419 460
420 424
420 439
420 445
420 470
420 492
421 435
421 442
421 458
421 482
421 492
422 429
422 431
422 435
422 441
422 448
422 450
423 446
423 453
423 465
424 430
424 455
424 476
424 487
425 442
425 446
425 451
425 484
425 498
426 444
426 468
426 489
427 450
427 496
427 441
427 483
428 461
428 470
429 474
429 471
430 446
430 453
430 457
431 440
431 459
431 474
432 479
432 442
432 450
432 459
432 475
433 439
434 444
435 436
435 453
435 485
435 451
436 471
436 466
436 443
436 496
437 458
438 450
438 479
438 482
438 485
438 495
439 462
440 454
440 462
440 461
440 487
441 450
441 485
442 454
442 484
443 497
443 472
443 476
443 485
443 489
444 477
445 454
446 449
446 451
446 462
446 480
447 461
447 477
448 479
449 473
449 471
449 479
449 496
450 470
450 491
450 479
450 480
450 484
451 476
451 485
452 459
452 469
453 463
453 485
453 492
454 458
454 478
456 463
456 492
456 493
456 496
457 465
458 468
458 476
460 470
460 464
462 482
463 473
463 485
465 478
465 470
465 494
466 487
466 490
467 484
467 498
468 470
469 470
469 480
470 478
470 491
472 496
473 482
473 494
473 498
475 477
475 487
476 498
477 491
479 480
481 492
481 488
483 490
483 494
488 489
489 494
490 491
493 495
494 496
495 497
