0 386
0 5
0 392
0 273
0 146
0 26
0 163
0 171
0 435
0 311
0 319
0 192
0 450
0 456
0 77
0 218
0 348
0 222
0 356
0 230
0 231
0 492
0 371
0 245
0 246
0 375
0 248
0 121
1 257
1 3
1 391
1 411
1 30
1 159
1 35
1 36
1 297
1 178
1 55
1 64
1 461
1 207
1 338
1 99
1 212
1 341
1 345
1 475
1 227
1 361
1 493
1 124
1 254
2 261
2 390
2 393
2 139
2 140
2 274
2 281
2 420
2 301
2 175
2 50
2 308
2 309
2 54
2 192
2 324
2 453
2 71
2 211
2 85
2 342
2 471
2 476
2 221
2 365
2 238
2 496
2 497
2 377
2 122
2 123
3 142
3 274
3 275
3 21
3 156
3 416
3 46
3 435
3 308
3 449
3 451
3 204
3 205
3 462
3 212
3 89
3 95
3 101
3 239
3 113
3 123
4 133
4 8
4 144
4 451
4 283
4 30
4 160
4 418
4 426
4 299
4 51
4 308
4 184
4 446
4 322
4 195
4 73
4 209
4 87
4 91
4 348
4 228
4 103
4 489
4 107
4 497
4 123
4 254
5 257
5 262
5 264
5 394
5 369
5 147
5 25
5 411
5 287
5 163
5 295
5 426
5 300
5 179
5 310
5 311
5 190
5 197
5 79
5 464
5 340
5 469
5 215
5 345
5 480
5 105
5 237
5 113
6 258
6 139
6 18
6 278
6 153
6 414
6 415
6 290
6 432
6 306
6 55
6 58
6 187
6 454
6 329
6 482
6 79
6 341
6 87
6 96
6 98
6 236
6 114
6 127
7 9
7 11
7 146
7 148
7 150
7 281
7 417
7 290
7 170
7 50
7 52
7 54
7 187
7 69
7 204
7 333
7 81
7 220
7 223
7 493
7 496
7 245
7 374
7 380
7 125
7 426
8 288
8 320
8 226
8 101
8 70
8 328
8 425
8 248
8 146
8 153
8 212
8 54
8 119
8 24
8 89
8 122
8 60
8 134
9 22
9 134
9 139
9 269
9 270
9 272
9 286
9 19
9 278
9 24
9 196
9 30
9 302
9 306
9 51
9 180
9 181
9 182
9 440
9 68
9 460
9 335
9 466
9 212
9 225
9 101
9 491
9 368
9 117
9 120
9 340
10 419
10 236
10 45
10 221
10 115
10 276
10 446
10 118
10 56
10 249
10 314
10 27
10 125
10 254
10 447
11 260
11 393
11 395
11 142
11 403
11 24
11 288
11 135
11 431
11 316
11 445
11 190
11 448
11 195
11 196
11 329
11 330
11 337
11 211
11 346
11 225
11 98
11 102
11 108
11 365
11 242
11 380
11 127
12 128
12 192
12 290
12 69
12 102
12 135
12 328
12 458
12 332
12 354
12 111
12 337
12 85
12 438
12 119
12 88
12 58
12 38
12 348
12 381
12 229
13 257
13 138
13 267
13 397
13 270
13 145
13 278
13 279
13 25
13 155
13 418
13 422
13 497
13 172
13 177
13 316
13 193
13 451
13 454
13 332
13 83
13 470
13 228
13 223
13 482
13 100
13 104
13 113
13 467
13 372
13 376
13 121
13 126
14 387
14 264
14 277
14 409
14 28
14 286
14 415
14 299
14 439
14 73
14 76
14 209
14 82
14 477
14 352
14 356
14 359
14 362
14 363
14 365
14 240
14 242
14 247
14 249
14 255
15 262
15 137
15 266
15 300
15 23
15 157
15 35
15 37
15 38
15 44
15 45
15 178
15 307
15 437
15 311
15 428
15 61
15 74
15 205
15 419
15 341
15 86
15 349
15 483
15 358
15 235
15 120
15 404
16 387
16 22
16 390
16 140
16 17
16 19
16 278
16 26
16 169
16 42
16 338
16 304
16 443
16 189
16 65
16 458
16 80
16 210
16 476
16 478
16 229
16 237
16 369
17 142
17 417
17 37
17 297
17 430
17 371
17 187
17 448
17 195
17 453
17 201
17 206
17 80
17 343
17 92
17 479
17 357
17 486
17 109
17 115
17 118
18 142
18 271
18 19
18 33
18 172
18 307
18 316
18 454
18 200
18 202
18 334
18 207
18 467
18 468
18 346
18 92
18 354
18 234
18 497
18 340
18 125
18 127
19 142
19 409
19 420
19 37
19 297
19 298
19 47
19 304
19 52
19 364
19 59
19 197
19 217
19 250
19 354
19 106
19 236
19 402
19 111
19 378
19 251
19 381
20 133
20 141
20 285
20 31
20 36
20 29
20 176
20 437
20 438
20 318
20 456
20 75
20 227
20 468
20 475
20 353
20 99
20 356
20 364
20 493
20 239
20 112
20 244
20 190
20 119
21 32
21 458
21 450
21 100
21 326
21 138
21 171
21 364
21 110
21 239
21 362
21 267
21 122
21 367
21 93
21 191
22 129
22 268
22 141
22 151
22 285
22 163
22 293
22 296
22 425
22 304
22 309
22 184
22 318
22 193
22 75
22 76
22 205
22 81
22 469
22 473
22 218
22 477
22 356
22 103
22 499
22 122
22 379
23 258
23 133
23 152
23 410
23 421
23 173
23 175
23 306
23 51
23 183
23 325
23 456
23 465
23 82
23 212
23 470
23 354
23 355
23 237
23 115
23 340
24 261
24 393
24 138
24 270
24 151
24 155
24 33
24 283
24 164
24 169
24 43
24 498
24 27
24 310
24 191
24 183
24 466
24 476
24 350
24 95
24 480
24 236
24 370
25 261
25 137
25 398
25 272
25 275
25 149
25 406
25 151
25 284
25 170
25 172
25 173
25 49
25 181
25 310
25 60
25 189
25 197
25 200
25 208
25 83
25 212
25 87
25 344
25 240
25 121
25 382
26 257
26 267
26 156
26 416
26 290
26 41
26 46
26 432
26 180
26 322
26 325
26 198
26 72
26 203
26 208
26 209
26 210
26 213
26 472
26 347
26 95
26 488
26 493
26 373
27 144
27 274
27 275
27 151
27 153
27 416
27 162
27 424
27 175
27 51
27 442
27 62
27 65
27 197
27 71
27 468
27 214
27 89
27 93
27 222
27 97
27 484
27 229
27 358
27 362
27 402
27 115
27 244
27 376
27 249
28 290
28 43
28 420
28 421
28 296
28 234
28 75
28 452
28 418
28 175
28 498
28 114
28 372
28 117
28 203
28 439
28 249
28 395
29 132
29 263
29 401
29 147
29 430
29 152
29 162
29 424
29 428
29 174
29 305
29 314
29 451
29 452
29 458
29 77
29 464
29 471
29 353
29 227
29 114
29 125
30 482
30 131
30 262
30 231
30 42
30 343
30 205
30 142
30 431
30 208
30 466
30 297
30 206
30 182
30 119
30 285
30 223
31 269
31 274
31 277
31 280
31 304
31 49
31 178
31 437
31 186
31 187
31 181
31 448
31 200
31 203
31 462
31 82
31 83
31 347
31 63
31 491
31 123
31 125
31 382
32 395
32 148
32 150
32 279
32 285
32 166
32 42
32 175
32 456
32 312
32 188
32 446
32 65
32 323
32 453
32 199
32 72
32 463
32 469
32 86
32 87
32 91
32 486
32 358
32 112
32 499
33 141
33 166
33 433
33 185
33 314
33 190
33 65
33 68
33 326
33 455
33 201
33 206
33 463
33 209
33 82
33 340
33 473
33 226
33 100
33 486
33 359
33 360
33 235
33 492
33 111
33 123
33 381
34 263
34 392
34 393
34 399
34 110
34 280
34 418
34 305
34 297
34 427
34 264
34 310
34 183
34 319
34 451
34 328
34 329
34 75
34 85
34 93
34 479
34 486
34 237
34 366
34 245
34 149
35 135
35 139
35 146
35 188
35 405
35 416
35 417
35 476
35 171
35 430
35 176
35 180
35 444
35 218
35 220
35 96
35 481
35 233
35 106
35 369
35 374
35 254
36 391
36 393
36 396
36 272
36 162
36 294
36 424
36 135
36 257
36 182
36 62
36 72
36 461
36 82
36 351
36 484
36 231
36 105
36 109
36 110
36 296
37 145
37 276
37 149
37 278
37 410
37 413
37 287
37 312
37 63
37 64
37 464
37 344
37 90
37 221
37 490
37 109
37 367
37 496
37 373
37 383
38 320
38 145
38 405
38 413
38 421
38 294
38 167
38 285
38 48
38 178
38 310
38 59
38 64
38 182
38 201
38 471
38 473
38 231
38 360
38 491
38 366
38 375
39 480
39 496
39 67
39 69
39 391
39 232
39 307
39 299
39 302
39 304
39 241
39 115
39 185
39 155
39 381
39 325
40 427
40 278
40 412
40 112
40 166
40 423
40 171
40 44
40 316
40 62
40 452
40 75
40 206
40 339
40 214
40 89
40 94
40 99
40 102
40 494
40 367
40 240
40 254
41 132
41 392
41 393
41 420
41 169
41 426
41 427
41 49
41 53
41 442
41 448
41 67
41 453
41 457
41 104
41 491
41 237
41 370
41 115
41 377
41 380
42 131
42 267
42 140
42 444
42 156
42 161
42 290
42 164
42 188
42 190
42 455
42 467
42 344
42 221
42 361
42 484
42 229
42 316
42 110
42 119
43 257
43 393
43 139
43 142
43 428
43 46
43 182
43 183
43 68
43 69
43 330
43 459
43 463
43 468
43 343
43 473
43 95
43 353
43 485
43 245
43 379
44 384
44 270
44 276
44 291
44 301
44 306
44 457
44 314
44 190
44 70
44 72
44 73
44 332
44 77
44 336
44 209
44 466
44 339
44 429
44 228
44 229
44 104
44 236
44 498
44 254
44 383
45 137
45 397
45 150
45 413
45 415
45 428
45 303
45 434
45 55
45 62
45 192
45 195
45 458
45 75
45 226
45 361
45 234
45 110
45 495
45 497
45 115
45 121
45 255
46 281
46 284
46 157
46 414
46 297
46 47
46 433
46 65
46 73
46 462
46 466
46 86
46 87
46 475
46 480
46 355
46 361
46 240
46 241
46 243
46 127
47 395
47 273
47 174
47 150
47 324
47 288
47 290
47 424
47 177
47 180
47 457
47 442
47 315
47 316
47 68
47 201
47 75
47 82
47 339
47 214
47 88
47 93
47 233
47 363
47 113
47 242
47 249
47 250
47 127
48 129
48 227
48 488
48 72
48 460
48 202
48 204
48 206
48 209
48 244
48 248
48 251
48 413
48 280
48 63
49 389
49 450
49 275
49 276
49 156
49 414
49 161
49 162
49 428
49 429
49 433
49 437
49 186
49 187
49 66
49 204
49 458
49 76
49 334
49 467
49 470
49 220
49 224
49 497
49 248
49 379
50 128
50 256
50 150
50 134
50 278
50 156
50 414
50 179
50 309
50 55
50 61
50 447
50 458
50 89
50 476
50 224
50 111
50 63
50 254
50 127
51 386
51 266
51 140
51 141
51 171
51 180
51 194
51 323
51 196
51 456
51 396
51 75
51 322
51 269
51 356
51 230
51 116
51 375
51 248
51 127
52 394
52 141
52 398
52 274
52 288
52 429
52 176
52 178
52 57
52 58
52 188
52 326
52 205
52 336
52 478
52 479
52 483
52 356
52 491
52 108
52 493
52 110
52 116
52 374
52 123
52 382
53 394
53 395
53 275
53 149
53 478
53 286
53 173
53 181
53 312
53 188
53 63
53 64
53 195
53 197
53 75
53 336
53 340
53 346
53 94
53 223
53 364
53 374
53 125
54 398
54 399
54 312
54 426
54 61
54 303
54 264
54 440
54 313
54 60
54 317
54 448
54 451
54 80
54 209
54 90
54 100
54 358
54 236
54 494
54 239
54 378
55 268
55 269
55 274
55 152
55 154
55 164
55 294
55 430
55 439
55 314
55 190
55 319
55 480
55 331
55 209
55 467
55 472
55 478
55 96
55 481
55 227
55 487
55 236
55 117
55 118
55 250
55 251
56 198
56 352
56 66
56 315
56 101
56 166
56 360
56 139
56 79
56 272
56 369
56 471
56 217
56 251
56 138
56 222
56 390
57 132
57 393
57 273
57 407
57 388
57 415
57 288
57 428
57 312
57 194
57 67
57 197
57 202
57 75
57 336
57 211
57 478
57 485
57 112
57 378
57 123
57 383
58 257
58 265
58 395
58 282
58 288
58 262
58 166
58 177
58 310
58 354
58 208
58 337
58 339
58 214
58 356
58 474
58 479
58 226
58 228
58 358
58 235
58 365
58 112
58 372
58 377
59 224
59 97
59 258
59 198
59 422
59 458
59 473
59 108
59 173
59 430
59 176
59 148
59 377
59 116
59 250
59 189
60 163
60 164
60 497
60 324
60 75
60 108
60 430
60 239
60 104
60 387
60 291
60 276
60 247
60 332
60 136
60 303
60 250
60 475
61 181
61 68
61 165
61 358
61 225
61 202
61 109
61 270
61 336
61 340
61 85
61 407
61 313
61 378
61 415
61 490
61 127
62 259
62 392
62 265
62 394
62 273
62 402
62 279
62 155
62 421
62 294
62 425
62 433
62 71
62 485
62 101
62 105
62 110
62 113
62 372
62 246
62 379
63 392
63 149
63 279
63 418
63 300
63 312
63 441
63 322
63 67
63 453
63 199
63 210
63 348
63 98
63 230
63 231
63 362
63 109
63 379
63 253
64 129
64 140
64 143
64 403
64 406
64 433
64 443
64 319
64 192
64 459
64 461
64 464
64 86
64 96
64 225
64 229
64 231
64 498
64 118
64 191
64 381
65 128
65 258
65 387
65 388
65 389
65 401
65 148
65 406
65 283
65 163
65 478
65 319
65 327
65 464
65 92
65 93
65 350
65 144
65 239
65 377
66 322
66 187
66 357
66 198
66 263
66 233
66 490
66 139
66 361
66 79
66 179
66 215
66 397
66 410
66 91
66 252
66 351
67 226
67 357
67 360
67 199
67 369
67 109
67 173
67 209
67 498
67 308
67 425
67 447
68 130
68 132
68 135
68 139
68 142
68 153
68 260
68 163
68 292
68 294
68 170
68 302
68 407
68 417
68 200
68 335
68 82
68 470
68 216
68 219
68 98
68 493
68 367
68 368
68 241
68 371
69 128
69 384
69 391
69 394
69 140
69 275
69 281
69 155
69 416
69 290
69 169
69 302
69 433
69 180
69 313
69 318
69 450
69 324
69 70
69 205
69 206
69 102
69 491
70 385
70 141
70 143
70 406
70 151
70 325
70 165
70 426
70 300
70 200
70 210
70 471
70 399
70 224
70 355
70 230
70 359
70 119
70 123
70 125
71 336
71 292
71 133
71 294
71 492
71 298
71 139
71 172
71 141
71 238
71 271
71 176
71 147
71 310
71 281
71 122
71 186
71 126
72 133
72 391
72 269
72 143
72 281
72 411
72 154
72 159
72 166
72 174
72 198
72 199
72 462
72 217
72 220
72 485
72 495
72 368
72 499
72 376
73 262
73 145
73 452
73 287
73 416
73 426
73 304
73 306
73 321
73 324
73 457
73 354
73 463
73 212
73 213
73 342
73 215
73 96
73 226
73 229
73 364
73 109
73 239
74 130
74 133
74 391
74 428
74 279
74 409
74 284
74 300
74 306
74 308
74 327
74 201
74 81
74 218
74 225
74 362
74 366
74 112
74 243
74 250
74 382
75 131
75 151
75 409
75 283
75 305
75 312
75 309
75 324
75 204
75 290
75 207
75 209
75 213
75 343
75 97
75 489
75 106
75 113
75 119
75 250
75 252
76 269
76 145
76 405
76 288
76 294
76 177
76 435
76 309
76 325
76 326
76 200
76 206
76 209
76 347
76 481
76 489
76 121
76 251
76 127
77 98
77 427
77 485
77 326
77 136
77 298
77 235
77 130
77 209
77 275
77 309
77 470
77 92
77 447
78 274
78 275
78 151
78 410
78 218
78 286
78 418
78 292
78 170
78 428
78 413
78 309
78 311
78 204
78 81
78 87
78 90
78 355
78 358
78 361
78 364
78 402
78 111
78 368
78 116
78 119
78 124
78 127
79 259
79 194
79 152
79 160
79 179
79 182
79 193
79 325
79 326
79 329
79 209
79 102
79 337
79 108
79 109
79 114
79 244
79 378
79 380
80 131
80 449
80 139
80 141
80 147
80 404
80 238
80 154
80 444
80 310
80 184
80 187
80 188
80 193
80 333
80 211
80 345
80 474
80 348
80 100
80 104
80 105
80 237
80 110
80 252
80 405
81 256
81 386
81 387
81 133
81 134
81 140
81 271
81 401
81 147
81 152
81 157
81 389
81 288
81 165
81 428
81 438
81 457
81 185
81 317
81 192
81 339
81 322
81 195
81 455
81 493
81 201
81 464
81 210
81 211
81 470
81 475
81 476
81 222
81 480
81 105
81 338
81 243
81 245
82 392
82 147
82 157
82 291
82 424
82 437
82 312
82 450
82 199
82 472
82 413
82 219
82 349
82 223
82 354
82 109
82 244
82 246
82 375
82 248
83 257
83 130
83 163
83 244
83 357
83 194
83 444
83 140
83 400
83 264
83 275
83 84
83 342
83 216
83 347
83 296
83 125
84 491
84 228
84 453
84 265
84 490
84 139
84 233
84 218
84 412
84 474
84 318
85 388
85 271
85 147
85 408
85 162
85 424
85 433
85 437
85 198
85 327
85 331
85 461
85 464
85 480
85 124
85 492
85 499
85 252
86 357
86 97
86 264
86 332
86 458
86 204
86 272
86 424
86 402
86 462
86 182
86 425
86 184
86 411
86 412
86 463
86 383
87 281
87 163
87 432
87 181
87 442
87 319
87 352
87 456
87 477
87 94
87 224
87 226
87 355
87 106
87 365
87 119
88 391
88 272
88 276
88 151
88 282
88 431
88 420
88 304
88 177
88 434
88 181
88 441
88 325
88 326
88 209
88 92
88 354
88 483
88 115
88 254
89 388
89 133
89 134
89 493
89 144
89 401
89 298
89 174
89 115
89 447
89 90
89 477
89 478
89 99
89 485
89 231
89 109
89 498
89 371
89 125
89 126
89 255
90 354
90 262
90 210
90 233
90 371
90 300
90 141
90 146
90 115
90 436
90 478
90 313
90 248
90 252
90 473
90 361
91 289
91 132
91 103
91 324
91 426
91 226
91 334
91 335
91 304
91 209
91 403
91 292
91 118
91 473
91 444
92 257
92 283
92 418
92 167
92 429
92 309
92 314
92 204
92 339
92 215
92 216
92 487
92 489
92 234
92 108
92 493
92 239
93 258
93 285
93 171
93 432
93 441
93 186
93 195
93 453
93 199
93 162
93 334
93 349
93 224
93 355
93 233
93 493
93 111
93 221
94 257
94 260
94 261
94 385
94 471
94 146
94 422
94 369
94 172
94 431
94 305
94 306
94 308
94 188
94 328
94 459
94 463
94 356
94 221
94 98
94 228
94 357
94 102
94 103
94 444
94 106
94 423
94 168
94 118
94 251
94 362
95 386
95 138
95 146
95 387
95 278
95 427
95 410
95 416
95 474
95 177
95 192
95 198
95 343
95 346
95 353
95 228
95 360
95 115
95 218
96 263
96 276
96 297
96 173
96 183
96 442
96 447
96 481
96 200
96 460
96 335
96 339
96 476
96 225
96 227
96 228
96 485
96 104
96 490
96 363
96 365
96 498
96 117
96 383
97 257
97 391
97 275
97 415
97 419
97 425
97 307
97 437
97 118
97 454
97 205
97 340
97 223
97 102
97 109
97 494
97 243
97 246
97 248
98 129
98 418
98 203
98 453
98 199
98 200
98 257
98 142
98 304
98 466
98 355
98 420
98 217
99 390
99 137
99 403
99 277
99 407
99 280
99 283
99 414
99 292
99 301
99 178
99 440
99 314
99 317
99 194
99 197
99 464
99 468
99 346
99 219
99 222
99 352
99 483
99 231
99 366
99 115
100 129
100 145
100 150
100 413
100 286
100 421
100 298
100 200
100 183
100 196
100 197
100 455
100 328
100 462
100 353
100 371
100 377
100 380
100 253
101 128
101 354
101 197
101 391
101 394
101 459
101 460
101 205
101 206
101 400
101 307
101 382
101 414
101 430
101 185
101 155
102 386
102 260
102 166
102 295
102 425
102 301
102 302
102 178
102 450
102 333
102 351
102 227
102 235
102 365
102 367
102 116
102 373
102 118
102 248
103 256
103 134
103 141
103 271
103 272
103 406
103 155
103 414
103 283
103 295
103 296
103 425
103 438
103 184
103 215
103 231
103 368
103 253
103 382
104 132
104 137
104 286
104 416
104 162
104 429
104 306
104 312
104 442
104 318
104 210
104 479
104 481
104 226
104 484
104 231
104 488
104 108
104 109
104 238
104 118
104 127
105 132
105 172
105 267
105 142
105 408
105 289
105 423
105 300
105 174
105 176
105 315
105 449
105 338
105 220
105 225
105 187
105 490
105 492
105 237
105 239
105 369
105 114
105 255
106 360
106 472
106 198
106 327
106 264
106 329
106 489
106 493
106 335
106 424
106 296
106 286
106 414
106 184
107 262
107 143
107 145
107 285
107 158
107 422
107 297
107 299
107 301
107 430
107 316
107 455
107 456
107 211
107 473
107 477
107 356
107 357
107 359
107 112
107 125
107 255
108 258
108 261
108 268
108 402
108 275
108 277
108 158
108 295
108 169
108 433
108 438
108 439
108 441
108 329
108 461
108 465
108 469
108 378
108 478
108 225
108 230
108 231
108 235
108 232
108 499
108 116
108 375
108 250
109 390
109 401
109 273
109 451
109 417
109 419
109 301
109 307
109 186
109 321
109 327
109 459
109 477
109 492
109 368
109 497
109 371
109 244
110 385
110 266
110 267
110 272
110 280
110 285
110 286
110 419
110 309
110 184
110 180
110 319
110 395
110 452
110 205
110 338
110 224
110 355
110 362
110 113
110 375
110 120
110 380
110 381
110 277
111 473
111 151
111 153
111 283
111 412
111 163
111 420
111 432
111 180
111 185
111 188
111 190
111 201
111 464
111 213
111 313
111 217
111 490
111 236
111 365
111 238
111 112
111 369
111 268
111 248
111 379
111 252
112 263
112 392
112 401
112 155
112 157
112 166
112 186
112 189
112 288
112 323
112 197
112 339
112 347
112 222
112 355
112 359
112 232
112 365
112 238
112 121
113 132
113 139
113 259
113 278
113 282
113 424
113 170
113 428
113 173
113 176
113 438
113 192
113 331
113 338
113 468
113 341
113 351
113 240
113 372
113 245
113 246
113 249
113 255
114 342
114 134
114 264
114 398
114 143
114 407
114 182
114 439
114 446
114 459
114 202
114 331
114 461
114 464
114 212
114 214
114 350
114 421
114 481
114 488
114 367
114 369
114 245
114 374
114 127
115 407
115 268
115 429
115 277
115 419
115 293
115 302
115 434
115 437
115 184
115 445
115 189
115 322
115 325
115 460
115 334
115 440
115 469
115 220
115 481
115 226
115 362
115 366
115 239
115 368
115 245
115 381
115 254
115 127
116 138
116 274
116 276
116 278
116 409
116 287
116 162
116 293
116 423
116 433
116 310
116 441
116 323
116 454
116 337
116 340
116 224
116 232
116 489
116 242
116 373
116 376
116 379
117 262
117 138
117 272
117 273
117 274
117 422
117 295
117 296
117 297
117 427
117 315
117 318
117 449
117 201
117 439
117 342
117 446
117 475
117 144
117 354
117 497
117 371
117 190
117 250
118 391
118 144
118 280
118 281
118 284
118 286
118 421
118 187
118 326
118 461
118 335
118 152
118 347
118 362
118 245
119 265
119 139
119 399
119 151
119 408
119 153
119 282
119 171
119 307
119 311
119 186
119 316
119 267
119 458
119 473
119 314
119 229
119 359
119 489
119 492
119 243
119 378
119 426
120 134
120 268
120 275
120 404
120 431
120 287
120 418
120 164
120 421
120 429
120 303
120 393
120 445
120 318
120 451
120 453
120 455
120 331
120 346
120 347
120 224
120 485
120 276
120 360
120 244
120 248
120 121
121 258
121 260
121 146
121 409
121 282
121 430
121 175
121 306
121 181
121 441
121 190
121 465
121 210
121 356
121 366
121 498
122 132
122 390
122 268
122 400
122 275
122 407
122 420
122 422
122 297
122 173
122 308
122 181
122 445
122 476
122 335
122 343
122 345
122 346
122 220
122 350
122 357
122 234
122 235
122 237
122 362
122 382
123 256
123 384
123 134
123 258
123 401
123 405
123 406
123 454
123 437
123 444
123 319
123 193
123 196
123 459
123 336
123 367
123 498
123 374
123 380
124 384
124 136
124 266
124 139
124 271
124 147
124 413
124 414
124 289
124 423
124 264
124 188
124 192
124 197
124 460
124 468
124 477
124 354
124 499
124 372
125 268
125 270
125 144
125 405
125 283
125 295
125 174
125 413
125 435
125 315
125 444
125 266
125 437
125 324
125 204
125 210
125 344
125 351
125 229
125 230
125 489
125 238
125 378
125 252
125 126
126 365
126 148
126 149
126 412
126 414
126 415
126 160
126 432
126 184
126 447
126 327
126 212
126 476
126 199
126 489
126 237
126 380
126 381
126 382
127 342
127 397
127 143
127 401
127 151
127 154
127 158
127 292
127 390
127 423
127 169
127 370
127 183
127 314
127 195
127 196
127 455
127 460
127 459
127 214
127 220
127 354
127 358
127 359
127 490
127 434
128 260
128 389
128 390
128 263
128 269
128 401
128 274
128 405
128 150
128 409
128 281
128 174
128 175
128 438
128 443
128 318
128 464
128 480
128 343
128 472
128 352
128 483
128 230
128 359
128 233
128 490
128 492
128 237
128 373
128 449
129 256
129 257
129 275
129 410
129 290
129 191
129 194
129 198
129 332
129 339
129 344
129 480
129 481
129 498
129 244
129 374
129 378
130 354
130 419
130 485
130 231
130 137
130 139
130 356
130 401
130 369
130 406
130 361
130 344
130 345
130 283
130 316
130 458
130 191
131 256
131 392
131 149
131 412
131 419
131 164
131 425
131 177
131 441
131 314
131 444
131 445
131 352
131 460
131 208
131 340
131 213
131 475
131 348
131 224
131 483
131 359
131 233
132 388
132 136
132 394
132 396
132 145
132 404
132 408
132 281
132 285
132 423
132 177
132 435
132 203
132 344
132 218
132 478
132 224
132 482
132 371
132 169
133 261
133 178
133 313
133 193
133 198
133 341
133 216
133 473
133 474
133 224
133 486
133 358
133 233
133 363
133 253
134 135
134 407
134 401
134 406
134 279
134 168
134 300
134 182
134 265
134 184
134 442
134 315
134 191
134 321
134 458
134 460
134 208
134 211
134 471
134 474
134 348
134 357
134 363
134 237
134 495
134 339
134 245
134 375
135 386
135 214
135 141
135 277
135 324
135 282
135 288
135 289
135 427
135 304
135 435
135 180
135 479
135 315
135 318
135 326
135 458
135 397
135 338
135 339
135 342
135 471
135 351
135 241
135 382
136 390
136 396
136 411
136 158
136 161
136 420
136 303
136 433
136 178
136 435
136 437
136 187
136 204
136 464
136 343
136 230
136 233
136 368
136 369
136 373
137 288
137 329
137 491
137 332
137 334
137 433
137 492
137 462
137 474
137 283
137 349
137 351
138 394
138 268
138 144
138 155
138 284
138 168
138 373
138 193
138 472
138 345
138 482
138 366
138 242
138 243
138 245
138 249
139 390
139 141
139 432
139 300
139 174
139 303
139 304
139 445
139 454
139 458
139 397
139 231
139 499
140 261
140 264
140 141
140 465
140 408
140 285
140 325
140 453
140 173
140 432
140 437
140 435
140 200
140 464
140 470
140 473
140 349
140 359
140 368
141 390
141 268
141 397
141 303
141 412
141 285
141 415
141 160
141 423
141 327
141 178
141 430
141 175
141 306
141 329
141 451
141 456
141 469
141 484
141 356
141 229
141 366
141 368
141 377
141 251
142 386
142 390
142 274
142 282
142 411
142 164
142 167
142 169
142 433
142 194
142 323
142 462
142 341
142 420
142 346
142 235
142 238
142 499
142 245
142 376
142 255
143 320
143 491
143 275
143 151
143 281
143 420
143 166
143 297
143 170
143 172
143 429
143 445
143 326
143 204
143 478
143 354
143 232
143 238
144 295
144 297
144 171
144 221
144 322
144 327
144 332
144 477
144 358
144 365
144 494
144 246
144 248
144 378
144 382
145 256
145 400
145 280
145 410
145 434
145 306
145 438
145 439
145 443
145 319
145 449
145 326
145 202
145 205
145 463
145 486
145 493
145 371
145 379
146 392
146 270
146 273
146 156
146 415
146 416
146 289
146 170
146 172
146 312
146 190
146 197
146 203
146 461
146 471
146 476
146 498
146 254
146 255
147 262
147 465
147 156
147 291
147 164
147 297
147 298
147 174
147 307
147 182
147 446
147 461
147 222
147 483
147 359
147 360
147 367
147 379
148 384
148 406
148 150
148 280
148 153
148 156
148 474
148 415
148 417
148 294
148 296
148 428
148 303
148 176
148 449
148 310
148 444
148 454
148 481
148 330
148 288
148 465
148 338
148 471
148 218
148 350
148 353
148 365
148 498
148 252
148 255
149 257
149 398
149 271
149 273
149 403
149 282
149 160
149 306
149 181
149 313
149 314
149 453
149 463
149 344
149 216
149 365
149 382
150 264
150 402
150 277
150 151
150 414
150 424
150 305
150 315
150 202
150 461
150 206
150 465
150 340
150 471
150 472
150 346
150 481
150 482
150 355
150 238
151 277
151 288
151 421
151 327
151 300
151 302
151 438
151 183
151 313
151 189
151 197
151 199
151 202
151 213
151 484
151 348
151 477
151 228
151 455
151 366
151 372
151 248
152 321
152 282
152 261
152 441
152 393
152 298
152 310
152 334
152 304
152 492
152 249
152 218
152 330
153 257
153 395
153 271
153 452
153 283
153 291
153 165
153 167
153 429
153 310
153 190
153 340
153 470
153 357
153 247
153 251
154 260
154 272
154 280
154 411
154 288
154 184
154 445
154 191
154 416
154 452
154 455
154 472
154 223
154 224
154 231
154 492
154 365
154 239
154 241
154 251
155 384
155 389
155 267
155 402
155 284
155 158
155 425
155 432
155 312
155 445
155 318
155 324
155 326
155 446
155 349
155 351
155 483
155 364
155 494
155 367
155 371
155 245
155 374
155 383
156 256
156 384
156 392
156 394
156 400
156 282
156 417
156 433
156 300
156 430
156 180
156 440
156 189
156 324
156 197
156 327
156 335
156 481
156 241
156 253
157 194
157 380
157 435
157 498
157 333
157 403
157 340
157 466
157 471
157 314
157 220
157 350
157 415
158 448
158 230
158 167
158 404
158 191
158 397
158 304
158 212
158 343
158 340
158 250
158 345
159 354
159 491
159 467
159 359
159 297
159 266
159 331
159 434
159 366
159 461
159 177
159 242
159 403
159 180
159 309
159 473
159 465
159 252
159 477
160 258
160 260
160 398
160 472
160 281
160 282
160 421
160 303
160 439
160 200
160 334
160 211
160 340
160 344
160 346
160 488
160 361
160 363
160 237
160 467
160 378
160 252
161 385
161 388
161 263
161 300
161 271
161 281
161 284
161 288
161 292
161 165
161 172
161 437
161 328
161 484
161 231
161 361
161 490
161 376
161 252
162 395
162 274
162 404
162 281
162 417
162 418
162 477
162 310
162 439
162 450
162 204
162 355
162 485
162 360
162 237
162 239
162 240
162 371
162 254
163 392
163 406
163 411
163 303
163 320
163 466
163 214
163 221
163 230
163 499
163 244
163 247
163 382
164 262
164 406
164 413
164 419
164 302
164 314
164 316
164 195
164 199
164 458
164 474
164 477
164 484
164 357
164 486
164 362
164 364
164 497
164 298
165 480
165 482
165 326
165 433
165 456
165 171
165 492
165 239
165 272
165 402
165 403
165 218
165 220
165 478
165 479
166 409
166 282
166 411
166 291
166 173
166 176
166 311
166 316
166 189
166 321
166 194
166 329
166 288
166 337
166 469
166 479
166 483
166 363
166 493
166 366
166 381
167 226
167 388
167 293
167 486
167 457
167 490
167 435
167 450
167 339
167 414
167 247
167 410
167 475
167 479
168 385
168 262
168 272
168 285
168 286
168 417
168 171
168 301
168 414
168 314
168 318
168 192
168 451
168 329
168 330
168 464
168 471
168 472
168 223
168 225
168 484
168 230
168 369
168 245
168 375
168 376
169 286
169 289
169 424
169 303
169 184
169 459
169 417
169 203
169 209
169 356
169 234
169 235
169 367
169 252
169 254
170 256
170 225
170 289
170 490
170 240
170 208
170 497
170 276
170 417
170 215
170 379
170 477
170 254
171 208
171 386
171 196
171 447
171 221
171 212
171 377
171 495
171 219
171 188
171 296
172 273
172 406
172 302
172 176
172 181
172 439
172 460
172 338
172 237
172 471
172 487
172 369
172 361
173 385
173 258
173 388
173 279
173 411
173 413
173 288
173 292
173 427
173 307
173 316
173 198
173 330
173 482
173 464
173 214
173 344
173 354
173 496
173 376
174 275
174 292
174 176
174 440
174 197
174 460
174 211
174 470
174 217
174 224
174 225
174 482
174 231
174 491
174 497
174 361
175 386
175 272
175 323
175 283
175 286
175 287
175 300
175 307
175 180
175 313
175 288
175 194
175 195
175 206
175 466
175 339
175 340
175 346
175 225
175 229
175 237
175 245
175 375
175 252
176 384
176 412
176 288
176 293
176 307
176 191
176 324
176 206
176 216
176 360
176 491
176 364
177 486
177 230
177 487
177 405
177 204
177 203
177 403
177 213
177 409
177 388
177 474
177 318
178 391
178 393
178 272
178 389
178 431
178 434
178 311
178 184
178 345
178 356
178 489
178 367
178 368
178 379
179 397
179 277
179 280
179 282
179 389
179 304
179 434
179 314
179 188
179 453
179 460
179 207
179 342
179 345
179 219
179 186
179 479
179 359
180 399
180 239
180 288
180 420
180 453
180 429
180 182
180 445
180 466
180 475
180 221
180 352
180 367
180 496
180 251
181 262
181 471
181 412
181 436
181 183
181 440
181 444
181 320
181 450
181 451
181 196
181 337
181 479
181 482
181 374
182 439
182 262
182 391
182 392
182 284
182 289
182 291
182 305
182 434
182 265
182 441
182 188
182 318
182 200
182 311
182 332
182 468
182 463
182 479
182 352
182 490
183 391
183 406
183 284
183 431
183 312
183 313
183 317
183 318
183 440
183 228
183 357
183 483
183 229
183 360
183 242
183 372
183 383
184 491
184 396
184 275
184 494
184 409
184 260
184 294
184 423
184 313
184 457
184 330
184 213
184 226
184 235
184 253
185 448
185 330
185 236
185 270
185 272
185 275
185 385
185 216
185 239
185 349
185 357
186 403
186 405
186 285
186 304
186 432
186 305
186 450
186 198
186 466
186 340
186 214
186 240
186 372
186 246
186 252
187 272
187 279
187 414
187 416
187 308
187 437
187 311
187 441
187 445
187 454
187 200
187 203
187 471
187 221
187 488
187 251
187 255
188 480
188 444
188 492
188 494
188 281
188 250
188 349
188 442
189 386
189 261
189 268
189 271
189 294
189 304
189 316
189 192
189 450
189 199
189 206
189 213
189 214
189 216
189 223
189 498
189 244
189 376
189 469
190 393
190 273
190 274
190 406
190 389
190 421
190 434
190 402
190 433
190 306
190 312
190 442
190 447
190 211
190 377
190 476
190 227
190 363
190 380
190 254
191 404
191 405
191 288
191 297
191 430
191 216
191 478
191 225
191 484
191 361
191 492
191 373
191 249
192 448
192 393
192 267
192 399
192 400
192 369
192 447
192 195
192 199
192 396
192 207
192 338
192 339
192 341
192 342
192 474
192 226
192 355
192 229
192 496
192 371
193 259
193 270
193 284
193 293
193 425
193 428
193 430
193 313
193 316
193 200
193 461
193 344
193 485
193 362
193 239
193 370
193 373
193 374
193 248
193 254
194 393
194 274
194 431
194 411
194 286
194 419
194 422
194 426
194 442
194 322
194 336
194 340
194 477
194 366
194 373
194 468
195 260
195 413
195 376
195 435
195 437
195 445
195 324
195 471
195 467
195 215
195 479
195 225
195 496
195 498
195 248
196 290
196 197
196 262
196 328
196 298
196 444
196 304
196 456
196 308
196 412
196 475
197 258
197 263
197 395
197 408
197 285
197 211
197 342
197 215
197 354
197 467
197 377
197 379
197 252
198 288
198 391
198 263
198 354
198 255
198 287
198 446
198 420
198 350
199 256
199 387
199 275
199 296
199 299
199 439
199 482
199 208
199 469
199 227
199 484
199 232
199 491
199 245
199 252
200 392
200 283
200 423
200 301
200 309
200 316
200 448
200 459
200 210
200 222
200 489
200 238
200 239
200 371
200 373
201 355
201 294
201 297
201 331
201 449
201 387
201 311
201 455
201 437
202 289
202 424
202 426
202 321
202 453
202 329
202 458
202 464
202 209
202 475
202 348
202 355
202 487
202 368
202 372
202 249
203 268
203 402
203 283
203 286
203 497
203 337
203 341
203 215
203 216
203 476
203 229
203 496
203 369
203 377
204 413
204 289
204 431
204 417
204 329
204 460
204 344
204 487
204 360
204 249
204 381
205 273
205 274
205 287
205 430
205 314
205 450
205 207
205 271
205 212
205 472
205 347
205 231
205 493
206 286
206 325
206 418
206 300
206 314
206 443
206 209
206 467
206 468
206 345
206 475
206 221
206 352
206 227
206 337
206 414
206 496
206 369
207 388
207 391
207 397
207 281
207 282
207 419
207 297
207 298
207 300
207 434
207 303
207 306
207 441
207 317
207 319
207 460
207 335
207 485
207 237
207 240
207 250
207 380
208 257
208 262
208 394
208 395
208 286
208 428
208 429
208 302
208 306
208 307
208 336
208 337
208 211
208 344
208 224
208 228
208 434
208 370
208 499
208 250
209 311
209 492
209 279
209 287
209 421
209 295
209 339
209 212
209 342
209 224
209 358
209 233
209 364
209 498
210 256
210 388
210 394
210 276
210 285
210 290
210 300
210 429
210 435
210 315
210 444
210 459
210 472
210 347
210 226
210 228
210 360
210 492
210 381
210 368
210 244
210 447
210 252
210 382
211 259
211 449
211 274
211 405
211 286
211 418
211 440
211 312
211 319
211 441
211 377
211 494
211 354
211 366
211 239
211 368
211 464
211 249
211 447
212 409
212 386
212 396
212 397
212 295
212 286
212 311
212 312
212 337
212 472
212 227
212 485
212 493
212 497
212 373
212 383
213 432
213 226
213 359
213 458
213 386
213 462
213 368
213 306
213 496
213 220
214 388
214 215
214 421
214 298
214 427
214 309
214 336
214 338
214 343
214 345
214 350
214 480
214 357
214 233
214 239
214 498
214 244
215 276
215 282
215 283
215 415
215 293
215 224
215 353
215 482
215 230
215 360
215 359
215 492
215 369
215 246
215 377
215 381
215 255
216 257
216 482
216 491
216 441
216 437
216 337
216 466
216 246
216 281
216 351
217 432
217 424
217 324
217 427
217 434
217 336
217 273
217 242
217 468
217 377
217 442
217 380
217 478
218 394
218 396
218 270
218 272
218 286
218 297
218 446
218 459
218 337
218 348
218 350
218 492
218 239
218 254
219 391
219 264
219 275
219 430
219 284
219 302
219 441
219 352
219 325
219 458
219 470
219 471
219 346
219 349
219 224
219 486
219 234
220 390
220 267
220 287
220 290
220 425
220 298
220 431
220 304
220 310
220 313
220 473
220 477
220 232
220 365
220 488
220 376
220 378
221 392
221 271
221 403
221 286
221 311
221 308
221 444
221 326
221 347
221 236
221 493
221 371
221 245
222 384
222 268
222 271
222 401
222 281
222 290
222 291
222 297
222 301
222 447
222 325
222 462
222 463
222 352
222 361
223 494
223 265
223 231
223 465
223 303
223 400
223 417
223 365
223 281
223 249
223 463
223 316
224 399
224 283
224 412
224 411
224 306
224 437
224 457
224 460
224 466
224 472
224 483
224 337
224 488
224 487
224 236
224 240
224 245
224 248
224 378
224 382
225 323
225 431
225 286
225 425
225 427
225 429
225 313
225 319
225 480
225 482
225 495
225 496
225 499
225 361
225 376
225 379
226 387
226 394
226 268
226 402
226 473
226 424
226 308
226 331
226 462
226 345
226 314
226 230
226 495
226 496
226 245
226 249
227 267
227 244
227 328
227 263
227 429
227 278
227 475
227 348
228 390
228 263
228 407
228 273
228 281
228 313
228 320
228 329
228 397
228 343
228 358
228 491
228 243
228 253
229 386
229 290
229 411
229 433
229 444
229 327
229 341
229 476
229 358
229 360
229 367
229 241
229 244
229 252
229 382
230 266
230 400
230 276
230 459
230 465
230 474
230 494
230 369
230 371
230 373
230 247
231 259
231 265
231 474
231 425
231 298
231 427
231 303
231 307
231 436
231 437
231 351
231 446
231 450
231 324
231 472
231 346
231 367
231 369
232 417
232 396
232 374
232 233
232 461
232 337
232 432
232 278
232 407
232 372
232 314
233 496
233 442
233 462
233 336
233 350
233 487
233 240
233 369
233 372
234 480
234 322
234 315
234 357
234 390
234 426
234 467
234 271
234 272
234 466
234 371
234 316
234 406
234 414
235 396
235 461
235 283
235 413
235 416
235 426
235 302
235 434
235 441
235 333
235 349
235 485
235 358
235 251
236 283
236 263
236 265
236 299
236 461
236 305
236 285
236 239
236 380
236 382
237 407
237 270
237 403
237 333
237 409
237 410
237 412
237 315
237 447
237 343
237 482
237 246
238 268
238 386
238 495
238 414
238 288
238 301
238 321
238 467
238 480
238 352
238 360
238 244
238 382
239 260
239 274
239 286
239 419
239 429
239 456
239 414
239 457
239 312
239 315
239 310
239 339
239 465
239 480
239 488
239 374
239 252
240 284
240 292
240 422
240 424
240 431
240 304
240 445
240 460
240 467
240 485
240 366
240 373
241 384
241 459
241 390
241 316
241 487
241 268
241 271
241 472
241 302
241 407
241 440
242 321
242 290
242 323
242 381
242 327
242 424
242 465
242 405
242 477
242 251
242 330
242 313
242 350
243 262
243 281
243 415
243 419
243 426
243 310
243 443
243 330
243 317
243 448
243 325
243 347
243 368
243 499
243 378
243 381
244 392
244 398
244 271
244 494
244 281
244 298
244 300
244 433
244 319
244 450
244 456
244 356
244 491
244 497
244 372
244 276
244 379
245 271
245 409
245 416
245 390
245 371
245 318
245 447
245 338
245 345
245 493
245 365
245 496
245 375
245 255
246 486
246 390
246 489
246 382
246 491
246 404
246 254
246 352
246 284
247 258
247 259
247 267
247 274
247 278
247 407
247 416
247 425
247 302
247 311
247 441
247 446
247 451
247 327
247 354
247 360
247 496
247 369
248 393
248 323
248 415
248 290
248 423
248 425
248 303
248 355
248 382
249 395
249 276
249 294
249 316
249 448
249 357
249 360
249 368
249 499
249 253
250 265
250 401
250 450
250 461
250 341
250 335
250 477
250 478
250 356
250 253
250 374
250 381
251 268
251 397
251 402
251 293
251 423
251 432
251 319
251 337
251 365
252 384
252 272
252 279
252 422
252 423
252 296
252 428
252 302
252 464
252 482
252 377
253 354
253 291
253 294
253 488
253 489
253 473
253 365
253 335
253 468
253 429
254 261
254 415
254 289
254 294
254 433
254 438
254 314
254 394
254 450
254 337
254 345
254 478
254 363
254 445
254 497
255 320
255 457
255 267
255 372
255 328
255 489
255 398
255 316
256 388
256 271
256 387
256 404
256 260
256 299
256 309
256 314
256 473
256 275
256 379
257 407
257 414
257 429
257 432
257 434
257 435
257 443
257 452
257 453
257 455
257 348
257 350
257 356
257 357
257 487
257 366
257 368
257 497
257 499
257 380
258 406
258 413
258 453
258 328
258 473
258 348
258 362
258 491
258 493
258 345
259 321
259 296
259 426
259 364
259 461
259 270
259 464
259 308
259 473
259 477
260 298
260 460
260 337
260 318
260 405
261 388
261 393
261 280
261 454
261 304
261 440
261 479
261 323
261 326
261 335
261 293
261 358
261 491
261 374
262 276
262 476
262 432
262 315
262 345
262 348
262 477
262 355
262 498
262 381
263 265
263 269
263 402
263 283
263 422
263 296
263 297
263 307
263 309
263 439
263 443
263 318
263 328
263 457
263 435
263 484
263 477
263 360
263 361
263 494
264 387
264 392
264 395
264 405
264 475
264 297
264 444
264 396
264 330
264 336
264 338
264 493
265 268
265 275
265 415
265 287
265 447
265 449
265 342
265 495
265 368
265 499
265 468
266 482
266 486
266 359
266 331
266 304
266 305
266 465
266 494
266 409
266 377
266 346
266 431
266 446
267 271
267 273
267 412
267 417
267 299
267 432
267 437
267 323
267 344
267 459
267 480
268 394
268 329
268 335
268 485
268 357
268 370
269 480
269 424
269 462
269 287
269 376
269 443
269 312
269 313
269 314
269 283
269 316
269 297
269 348
270 321
270 393
270 407
270 296
270 297
270 307
270 454
270 481
270 485
270 380
271 393
271 408
271 281
271 282
271 443
271 317
271 373
271 324
271 338
271 471
271 480
271 354
271 364
271 466
272 409
272 275
272 281
272 285
272 314
272 458
272 443
272 493
272 499
272 375
272 382
273 394
273 292
273 432
273 451
273 333
273 462
273 337
273 478
273 353
273 357
273 492
273 498
274 278
274 420
274 428
274 442
274 443
274 439
274 461
274 343
274 477
274 483
274 357
274 371
275 390
275 282
275 411
275 304
275 308
275 442
275 463
275 483
275 374
276 344
276 410
276 411
276 412
276 416
276 291
276 299
276 300
276 305
276 436
276 319
276 340
276 355
276 485
276 491
276 492
277 302
277 366
277 422
277 341
277 323
277 461
277 463
278 407
278 282
278 418
278 304
278 313
278 315
278 316
278 424
278 335
278 376
279 280
279 419
279 423
279 432
279 436
279 438
279 439
279 451
279 463
279 467
279 497
279 380
279 381
280 289
280 486
280 328
280 374
280 293
280 462
280 399
280 317
281 384
281 327
281 478
281 340
281 470
281 346
281 348
281 375
281 468
282 390
282 395
282 397
282 455
282 456
282 344
282 478
282 491
282 496
283 285
283 423
283 487
283 329
283 461
283 349
284 405
284 408
284 443
284 321
284 451
284 374
284 346
284 353
284 356
284 361
284 492
284 379
285 385
285 387
285 389
285 401
285 494
285 407
285 313
285 336
285 371
286 399
286 401
286 494
286 413
286 414
286 310
286 318
286 332
286 352
286 359
286 297
286 376
287 388
287 394
287 303
287 415
287 418
287 295
287 457
287 473
287 490
287 366
288 409
288 443
288 320
288 417
288 461
288 475
288 481
288 483
288 357
288 361
288 491
288 495
288 497
288 381
289 348
289 359
289 464
289 340
289 313
289 439
290 408
290 416
290 422
290 312
290 455
290 470
290 350
291 418
291 295
291 436
291 437
291 312
291 457
291 330
291 332
291 477
291 351
291 483
291 491
292 450
292 309
292 321
292 428
292 372
292 482
292 473
292 380
293 366
293 408
293 378
293 444
293 381
294 424
294 439
294 318
294 448
294 321
294 458
294 350
294 488
295 453
295 457
295 298
295 305
295 323
295 376
295 479
296 438
296 325
296 328
296 463
296 337
296 340
296 330
297 408
297 413
297 429
297 392
297 450
297 460
297 333
297 345
297 347
297 348
297 477
297 497
298 384
298 391
298 426
298 427
298 436
298 330
298 332
298 338
298 362
298 363
299 409
299 330
299 397
299 431
299 375
300 388
300 305
300 437
300 458
300 322
300 407
300 461
300 342
300 491
300 404
301 357
301 428
301 333
301 432
301 338
301 373
301 376
301 445
301 412
301 322
301 421
302 402
302 404
302 411
302 425
302 427
302 335
302 482
302 366
303 447
303 328
303 331
303 464
303 472
303 360
303 491
303 367
303 379
304 396
304 398
304 327
304 459
304 463
304 340
304 374
304 381
305 321
305 395
305 406
305 461
305 430
305 367
305 435
305 436
305 372
306 413
306 417
306 323
306 339
306 371
306 382
307 386
307 397
307 440
307 443
307 445
307 447
307 448
307 450
307 460
307 466
307 475
307 477
307 478
307 486
307 370
307 464
308 323
308 318
309 396
309 386
309 311
309 444
309 322
309 459
309 453
309 463
309 340
309 360
309 468
310 396
310 435
310 328
310 334
310 465
310 422
310 370
310 376
311 385
311 404
311 424
311 431
311 440
311 445
311 324
311 333
311 335
311 352
311 358
311 373
311 379
312 442
312 317
312 318
312 327
312 332
312 347
312 356
312 382
313 399
313 403
313 431
313 415
313 420
313 326
313 358
314 390
314 398
314 421
314 448
314 459
314 454
314 439
314 469
314 344
314 353
314 370
315 396
315 408
315 416
315 417
315 422
315 436
315 448
315 455
315 328
315 459
315 341
315 342
315 355
315 359
315 487
315 362
316 469
316 463
316 335
316 349
316 355
316 358
316 367
316 381
317 388
317 406
317 453
317 387
317 475
317 431
317 350
318 453
318 324
318 333
318 334
318 342
319 390
319 343
319 408
319 429
319 325
319 361
319 364
320 450
320 423
320 366
320 323
320 408
320 420
321 365
321 429
321 447
321 452
321 483
321 482
321 355
321 356
321 486
321 490
321 366
321 405
322 453
322 325
322 487
322 329
322 450
322 479
322 414
323 401
323 421
324 406
324 474
324 417
324 457
324 412
324 426
324 329
324 445
324 338
324 339
324 346
324 491
324 373
325 404
325 454
325 431
325 432
325 441
325 451
325 456
325 334
325 470
325 481
325 356
325 357
325 486
325 489
325 363
325 492
326 403
326 434
326 437
326 478
326 499
326 376
326 378
327 406
327 420
327 440
327 458
327 459
327 397
327 360
327 362
328 390
328 452
328 414
328 416
328 435
328 437
328 471
328 349
328 479
328 359
328 488
329 402
329 414
329 364
329 345
329 349
329 489
329 499
330 472
330 465
330 350
330 377
330 381
331 384
331 459
331 358
331 341
331 363
331 463
331 412
332 403
332 422
332 434
332 458
332 335
332 466
332 341
332 355
332 356
332 372
332 373
332 376
332 377
333 363
333 452
333 453
333 396
333 373
333 414
333 395
334 393
334 408
334 413
334 425
334 444
334 464
334 466
334 470
334 480
334 360
334 361
334 377
335 491
335 403
335 428
335 432
335 436
335 469
335 471
335 363
336 395
336 446
336 353
336 366
336 497
336 370
336 372
336 373
336 489
336 379
336 380
337 399
337 420
337 436
337 444
337 481
338 403
338 407
338 446
338 451
338 458
338 352
338 481
338 482
338 498
339 392
339 399
339 404
339 415
339 438
339 467
339 424
339 380
340 394
340 387
340 464
340 471
340 442
340 478
340 373
341 449
341 489
341 370
341 436
341 344
342 433
342 458
342 464
342 495
342 496
342 370
342 372
343 353
343 360
343 434
343 347
343 375
343 491
344 387
344 388
344 411
344 413
344 419
344 441
344 452
344 486
344 365
344 372
344 377
344 382
345 445
345 397
345 467
345 353
345 486
345 488
345 495
345 383
346 385
346 398
346 483
346 348
346 362
346 371
347 497
347 392
347 413
347 499
348 433
348 479
348 476
348 421
348 359
348 490
349 458
349 362
349 465
349 475
349 470
350 401
350 411
350 412
350 454
350 452
350 462
350 353
350 487
351 464
351 389
351 394
351 484
351 369
351 401
351 399
351 479
351 413
351 390
352 384
352 391
352 394
352 410
352 416
352 431
352 451
352 467
352 462
352 486
352 364
353 491
353 433
353 434
353 449
353 460
353 467
353 356
353 363
353 494
354 453
354 443
354 456
355 406
355 400
355 403
355 423
355 425
355 479
355 365
355 499
355 375
356 385
356 414
356 421
356 441
356 435
356 361
356 492
356 493
356 382
356 383
357 404
357 426
357 460
357 461
357 469
357 420
357 499
357 490
358 414
358 432
358 484
358 492
358 445
358 375
359 391
359 408
359 433
359 448
359 362
359 370
359 380
360 398
360 410
360 463
360 499
360 372
360 362
360 383
361 390
361 385
361 435
361 437
361 441
361 453
361 498
361 382
362 386
362 499
362 427
362 430
362 371
362 450
362 495
362 496
362 383
363 451
363 421
363 435
363 372
364 464
364 457
364 455
364 394
364 440
364 378
365 387
365 483
365 480
365 485
365 499
366 391
366 400
366 496
366 458
366 468
367 388
367 399
367 460
367 478
367 379
367 381
368 410
368 422
368 469
368 498
369 397
369 389
369 433
369 460
369 469
369 493
369 380
370 458
370 461
370 466
371 405
371 416
371 402
371 440
371 451
371 373
371 494
371 383
372 396
373 390
373 397
373 403
373 456
373 451
373 467
373 473
373 382
374 415
374 426
374 429
374 435
374 460
374 419
374 471
374 472
375 482
375 391
375 429
375 474
375 446
376 406
376 410
376 460
376 467
376 480
376 489
377 384
377 440
377 463
377 475
377 480
378 386
378 388
378 431
378 481
379 396
379 402
379 409
379 418
380 492
380 436
380 448
380 449
380 451
380 453
380 474
380 476
381 389
381 391
381 414
381 446
382 384
382 431
382 460
382 499
383 391
383 457
383 487
383 431
383 402
384 440
384 480
384 460
384 490
384 495
385 457
385 421
385 455
385 473
385 468
385 437
385 453
386 486
386 396
386 413
386 458
386 463
386 464
386 488
387 403
387 410
387 417
387 424
387 432
387 479
387 447
387 459
387 467
387 474
387 483
387 485
387 491
388 421
388 437
388 452
388 483
389 497
389 435
389 415
389 431
389 438
390 410
390 436
390 453
390 465
391 412
391 475
391 452
391 460
391 484
391 493
391 499
392 496
392 421
392 465
392 467
393 434
393 437
393 477
393 485
394 453
394 430
394 487
394 493
394 497
395 424
395 469
395 442
395 486
395 488
395 498
396 435
396 404
396 412
396 422
396 442
397 412
397 422
397 469
397 499
398 432
398 422
398 404
398 497
398 440
399 486
399 432
399 405
400 486
400 465
400 424
400 457
400 426
400 476
400 468
400 437
400 470
401 452
401 467
401 483
401 488
401 498
402 421
402 434
402 411
402 458
402 463
402 465
402 472
403 406
403 479
404 424
404 407
404 409
405 440
405 451
405 467
405 489
406 427
406 431
406 434
407 466
407 435
407 444
407 459
407 441
408 427
408 465
408 446
409 414
409 458
409 460
409 464
409 467
409 469
410 490
410 419
410 481
410 413
411 429
411 424
411 433
411 465
411 489
411 497
412 423
412 435
412 443
412 445
413 427
413 428
413 458
413 464
413 486
414 450
414 457
414 463
415 423
415 457
415 484
415 492
415 498
416 456
416 448
416 452
416 463
416 477
416 487
417 463
417 482
418 454
418 479
418 440
418 495
418 439
419 430
419 431
419 433
419 454
419 482
419 492
420 482
420 495
420 429
420 459
420 461
420 467
420 480
420 493
420 499
421 434
421 460
421 467
421 475
422 454
422 459
423 436
423 441
423 460
423 463
423 470
424 428
424 430
424 455
424 495
425 433
425 476
425 493
426 499
426 448
426 465
426 474
426 478
426 497
427 437
427 438
427 448
427 480
427 498
428 481
428 464
428 471
428 475
429 440
429 481
429 441
429 477
429 482
429 487
429 498
430 441
430 443
430 454
430 462
430 470
431 438
431 481
431 465
432 449
432 490
433 438
433 442
433 466
433 474
434 491
434 437
434 439
434 455
434 486
435 456
435 446
435 461
435 481
435 486
435 466
436 439
436 488
436 460
436 438
436 458
437 440
437 444
439 459
439 487
441 462
441 463
441 481
442 459
442 465
442 477
443 459
443 495
443 499
444 482
444 447
445 463
445 474
445 479
445 488
446 456
447 494
448 460
449 486
449 481
450 451
450 470
450 471
450 492
450 498
451 457
451 486
452 454
452 477
452 466
453 493
453 468
454 455
454 467
454 470
454 474
455 492
455 490
456 457
456 473
456 488
457 479
458 472
458 476
458 497
460 490
461 476
461 494
462 471
463 472
463 491
464 478
465 483
466 469
466 473
466 481
467 483
467 492
468 496
470 484
471 473
471 481
471 488
472 493
473 480
474 487
474 499
475 482
475 488
476 479
477 497
478 485
479 491
479 486
482 487
484 485
485 499
486 487
489 495
489 491
490 494
490 498
492 496
493 496
496 497
496 498
