0 1
0 3165
1 2
1 284
1 938
3 3
3 4
4 163
5 384
5 488
5 382
5 6
5 383
6 3874
6 7
6 8
6 9
6 10
6 11
6 12
6 13
6 14
7 3237
7 2279
7 264
7 2896
7 472
7 837
8 1248
8 325
8 300
8 938
8 108
8 3342
8 1679
8 627
8 1844
8 442
8 3966
9 1926
9 1002
9 1837
9 1683
9 726
9 1049
9 1439
10 1536
10 1665
10 3073
10 136
10 265
10 1930
10 781
10 1550
10 911
10 3651
10 1684
10 407
10 751
10 2076
10 1309
10 325
10 3910
10 1862
10 3366
10 668
10 3847
10 685
10 3630
10 3357
10 2952
10 3762
10 334
10 184
10 3636
10 1339
10 1546
10 2111
10 2115
10 709
10 1990
10 3400
10 2889
10 3020
10 845
10 206
10 2513
10 2683
10 739
10 725
10 2263
10 1486
10 3428
10 346
10 1243
10 2912
10 353
10 2403
10 100
10 3055
10 2416
10 753
10 1784
10 1785
10 1275
11 3075
11 1287
11 2312
11 1900
11 727
11 2188
11 527
11 3216
11 742
11 915
11 1813
11 280
11 2073
11 2588
11 1437
11 325
11 1952
11 289
11 3014
11 2111
11 42
11 2347
11 2732
11 3630
11 93
11 2248
11 1970
11 1203
11 3063
11 1591
11 3768
11 1727
11 960
11 1857
11 3396
11 709
11 2909
11 1480
11 2379
11 112
11 1251
11 1751
11 1368
11 3673
11 2780
11 861
11 3678
11 229
11 2400
11 3302
11 2786
11 355
11 356
11 3045
11 230
11 2408
11 2282
11 1132
11 2028
11 496
11 2420
11 3966
11 553
11 1913
11 1914
11 1403
11 3824
11 2881
11 3733
12 771
12 525
12 3726
12 271
12 528
12 530
12 789
12 2075
12 197
12 710
12 1191
12 3881
12 2989
12 1588
12 2873
12 671
12 581
12 582
12 2506
12 1239
12 344
12 1114
12 1120
12 1121
12 486
12 3303
12 2792
12 3691
12 1265
12 2802
12 2678
12 2298
12 1023
13 3328
13 2817
13 3459
13 1541
13 1801
13 3341
13 2062
13 1807
13 912
13 3453
13 1445
13 1702
13 2473
13 2092
13 557
13 3761
13 1333
13 3513
13 428
13 1087
13 837
13 1101
13 3030
13 3600
13 2531
13 2789
13 1132
13 493
13 637
13 1140
13 1788
13 765
13 639
14 2086
14 1704
14 1642
14 2284
14 1009
14 421
15 16
15 2832
15 523
15 756
17 1979
17 3620
17 69
17 742
17 3336
17 3786
17 2635
17 2239
17 2205
17 18
17 403
17 1332
17 1243
17 727
17 123
17 2301
17 2507
17 639
18 19
19 525
19 527
19 528
19 344
19 2707
19 2710
19 1079
19 2850
19 2087
19 40
19 1193
19 1966
19 1352
19 311
19 2616
19 1217
19 1739
19 2503
19 1992
19 3936
19 1867
19 2380
19 1368
19 217
19 1120
19 3299
19 486
19 2150
19 489
19 1260
19 530
19 2033
19 627
20 2409
20 21
20 2205
21 2529
22 1508
22 23
23 2218
24 1922
24 226
24 3925
24 25
24 2394
24 59
24 28
24 61
24 30
26 27
26 3812
26 839
26 173
26 177
26 3518
26 59
26 28
26 30
27 1550
28 514
28 3075
28 3592
28 684
28 3595
28 3597
28 1551
28 3700
28 2579
28 2068
28 2222
28 1049
28 538
28 539
28 28
28 29
28 30
28 32
28 3617
28 548
28 549
28 325
28 2599
28 1576
28 2311
28 2695
28 1070
28 559
28 2097
28 691
28 3292
28 53
28 3126
28 568
28 57
28 58
28 59
28 60
28 61
28 62
28 64
28 65
28 66
28 67
28 68
28 3937
28 974
28 2121
28 565
28 3663
28 592
28 1105
28 594
28 3668
28 1622
28 3684
28 3890
28 2652
28 1119
28 3170
28 2660
28 3174
28 1128
28 2667
28 1589
28 3182
28 113
28 1139
28 1652
28 3189
28 120
28 2681
28 1659
28 124
28 126
28 1663
28 669
28 129
28 642
28 643
28 2180
28 3738
28 647
28 648
28 137
28 650
28 651
28 652
28 653
28 654
28 143
28 144
28 145
28 658
28 659
28 1173
28 662
28 663
28 152
28 3737
28 666
28 3439
28 668
28 1050
28 2757
28 672
28 1697
28 674
28 1051
28 2725
28 1191
28 4046
28 1564
28 3313
28 2220
28 685
28 1198
28 541
28 2205
28 690
28 3187
28 180
28 2722
28 695
28 3768
28 697
28 1722
28 2238
28 1727
28 3264
28 193
28 3019
28 1967
28 3348
28 3271
28 687
28 714
28 203
28 208
28 3390
28 2510
28 1238
28 3799
28 1240
28 3620
28 2266
28 2955
28 733
28 2782
28 1763
28 229
28 84
28 3793
28 233
28 3806
28 748
28 2285
28 750
28 751
28 241
28 242
28 2174
28 249
28 251
28 1276
28 1277
28 3797
28 3841
28 3331
28 2006
28 1286
28 641
28 1290
28 1495
28 269
28 131
28 1300
28 2325
28 657
28 3354
28 3867
28 2845
28 3359
28 2849
28 3998
28 1828
28 2942
28 734
28 1320
28 1321
28 2175
28 2861
28 1327
28 2864
28 2184
28 306
28 692
28 3473
28 1333
28 1334
28 2871
28 1339
28 2186
28 830
28 1343
28 1344
28 863
28 1347
28 1861
28 3267
28 3401
28 3139
28 335
28 2275
28 2900
28 3214
28 2902
28 1593
28 344
28 346
28 655
28 2908
28 3934
28 351
28 2400
28 865
28 2914
28 2107
28 2918
28 871
28 3946
28 3129
28 2877
28 2416
28 3953
28 2878
28 1769
28 1913
28 1914
28 2879
28 1406
28 661
28 1408
28 2435
28 900
28 406
28 904
28 2441
28 1930
28 2809
28 3468
28 3981
28 664
28 402
28 403
28 1941
28 2690
28 3713
28 3481
28 1437
28 176
28 1951
28 2912
28 418
28 683
28 3492
28 3901
28 4006
28 2471
28 2716
28 4010
28 2475
28 1965
28 1693
28 435
28 1972
28 437
28 438
28 3002
28 1469
28 4032
28 962
28 673
28 4040
28 2039
28 3532
28 3746
28 462
28 2637
28 3536
28 675
28 982
28 2297
28 3033
28 1499
28 3781
28 677
28 3552
28 3664
28 3843
28 3835
28 732
28 2641
28 681
28 3050
28 1959
28 3389
28 2030
28 3837
28 1010
28 3522
28 2983
28 1568
28 1017
28 2043
28 2044
28 3413
29 32
29 59
29 30
29 31
30 514
30 31
30 32
30 688
30 550
30 551
30 552
30 57
30 58
30 59
30 60
30 61
30 62
30 64
30 65
30 66
30 67
30 68
30 87
30 108
30 633
30 640
30 642
30 643
30 644
30 645
30 646
30 647
30 648
30 650
30 651
30 652
30 653
30 654
30 655
30 656
30 657
30 658
30 659
30 660
30 661
30 662
30 663
30 152
30 665
30 666
30 667
30 668
30 669
30 670
30 671
30 672
30 673
30 674
30 675
30 676
30 677
30 678
30 679
30 680
30 681
30 682
30 683
30 684
30 685
30 686
30 687
30 176
30 689
30 690
30 691
30 692
30 693
30 694
30 695
30 697
30 731
30 732
30 733
30 734
30 241
30 256
30 269
30 131
30 135
30 166
30 664
30 402
30 435
30 485
31 256
31 640
31 1411
31 644
31 645
31 646
31 135
31 649
31 653
31 678
31 144
31 2691
31 660
31 693
31 670
31 665
31 667
31 671
31 32
31 419
31 1188
31 550
31 551
31 552
31 681
31 3328
31 3126
31 428
31 686
31 688
31 689
31 309
31 2870
31 696
31 313
31 58
31 59
31 60
31 62
31 3519
31 65
31 66
31 67
31 68
31 54
31 1862
31 3536
31 2872
31 694
31 2261
31 87
31 344
31 676
31 731
31 349
31 656
31 2927
31 131
31 485
31 1128
31 3196
31 679
31 108
31 3182
31 879
31 1008
31 680
31 884
31 2807
31 633
31 252
31 682
31 166
32 256
32 67
32 550
32 551
32 552
32 61
32 2739
32 3991
32 57
32 59
33 33
33 34
34 35
34 36
34 37
34 46
35 884
36 88
36 3216
37 3870
37 2692
37 2438
37 2055
37 520
37 2185
37 906
37 3979
37 524
37 2831
37 1296
37 2962
37 3907
37 2836
37 3605
37 3863
37 3864
37 3908
37 1199
37 412
37 797
37 3614
37 1696
37 2209
37 2211
37 2983
37 1932
37 3755
37 1708
37 3245
37 814
37 1181
37 2352
37 2504
37 2976
37 3763
37 4020
37 949
37 1336
37 3774
37 2880
37 449
37 3267
37 3757
37 2977
37 2376
37 201
37 202
37 3403
37 460
37 1614
37 268
37 592
37 1873
37 594
37 1877
37 2907
37 135
37 3677
37 1762
37 100
37 2918
37 974
37 3986
37 110
37 3951
37 625
37 626
37 2932
37 3445
37 1270
37 2348
37 3348
37 3759
38 38
38 39
38 40
38 41
38 76
38 45
38 46
38 47
38 56
39 46
40 226
40 389
40 41
40 42
40 2443
40 45
40 47
41 42
41 43
41 44
41 45
41 46
42 406
42 42
42 54
42 407
42 408
43 2563
43 3087
43 2582
43 1560
43 2587
43 3106
43 1572
43 3112
43 3119
43 1584
43 1085
43 2110
43 63
43 3136
43 69
43 2119
43 585
43 586
43 2635
43 3150
43 3665
43 1619
43 2645
43 1111
43 93
43 2146
43 1635
43 3175
43 2629
43 3700
43 1676
43 3730
43 1686
43 2205
43 1189
43 1191
43 169
43 182
43 1221
43 719
43 1236
43 1242
43 3803
43 751
43 2288
43 242
43 1782
43 1275
43 3329
43 1282
43 3851
43 3342
43 3855
43 1813
43 3862
43 2845
43 805
43 2348
43 2356
43 3896
43 827
43 1342
43 321
43 2885
43 840
43 3401
43 331
43 3404
43 2899
43 3928
43 3934
43 3899
43 1896
43 361
43 2930
43 373
43 1399
43 2426
43 894
43 2954
43 3989
43 2117
43 2468
43 934
43 2472
43 2888
43 4032
43 2504
43 2004
43 2518
43 420
43 989
43 2526
43 991
43 3563
43 2030
43 497
43 3062
44 2862
44 2035
44 2036
44 2038
44 503
45 45
45 46
45 47
46 3789
46 389
46 46
46 47
47 389
47 1488
47 466
47 467
48 48
48 49
48 1744
49 2673
49 160
50 3239
50 51
50 501
50 502
50 503
51 52
52 325
52 3046
52 3848
52 2217
52 1002
52 1965
52 1139
52 1272
52 1722
52 3934
52 639
53 56
53 54
53 55
54 3075
54 3598
54 527
54 1046
54 2071
54 2075
54 2589
54 2080
54 3106
54 554
54 555
54 2909
54 2097
54 54
54 3337
54 57
54 2111
54 1092
54 1974
54 70
54 3147
54 4024
54 1109
54 3673
54 3599
54 3164
54 93
54 94
54 101
54 619
54 115
54 1152
54 1153
54 2188
54 3216
54 3733
54 1693
54 1698
54 2732
54 3247
54 180
54 3358
54 1711
54 2762
54 3275
54 721
54 2910
54 726
54 218
54 2779
54 2780
54 3536
54 2786
54 1251
54 2278
54 2282
54 2283
54 893
54 2295
54 2297
54 1789
54 1280
54 300
54 781
54 742
54 1815
54 1306
54 3631
54 2266
54 286
54 287
54 289
54 2267
54 1851
54 2348
54 315
54 1857
54 3396
54 3912
54 3212
54 1354
54 1356
54 1368
54 3387
54 861
54 1886
54 2400
54 3302
54 355
54 356
54 230
54 1896
54 880
54 1906
54 1913
54 1914
54 1599
54 3678
54 2941
54 2881
54 915
54 1941
54 1942
54 1431
54 1433
54 1952
54 2466
54 3496
54 1453
54 3503
54 1970
54 3510
54 440
54 1468
54 960
54 4037
54 3014
54 3532
54 1488
54 2552
54 2006
54 989
54 481
54 3045
54 2535
54 496
54 1523
54 2037
54 3063
54 1016
54 3578
54 2645
56 2574
56 3601
56 2580
56 1561
56 3104
56 1061
56 2599
56 2600
56 3635
56 2100
56 73
56 2634
56 3661
56 2128
56 1110
56 1111
56 2649
56 2656
56 1121
56 1122
56 615
56 104
56 617
56 618
56 2670
56 616
56 3700
56 1129
56 632
56 122
56 2687
56 2694
56 3734
56 2714
56 1697
56 1699
56 2731
56 693
56 1206
56 183
56 1908
56 189
56 3775
56 1733
56 3447
56 206
56 3283
56 2766
56 3286
56 732
56 2781
56 224
56 1252
56 3302
56 3307
56 2798
56 3321
56 1798
56 781
56 2320
56 1809
56 1813
56 2353
56 2354
56 1844
56 1845
56 2361
56 2362
56 3390
56 2881
56 842
56 3407
56 3410
56 2388
56 858
56 861
56 2403
56 2918
56 3985
56 3435
56 2925
56 2926
56 372
56 887
56 2938
56 2941
56 1407
56 2946
56 1259
56 2949
56 2961
56 2966
56 1444
56 945
56 1458
56 948
56 1012
56 955
56 448
56 4034
56 2499
56 1956
56 474
56 3046
56 3055
56 497
56 3060
56 3574
57 64
57 65
57 66
57 67
57 68
57 69
57 62
57 695
57 58
57 59
57 60
57 61
57 63
58 269
58 78
58 144
58 83
58 696
58 2010
58 59
58 221
59 514
59 688
59 550
59 551
59 552
59 60
59 61
59 62
59 64
59 65
59 66
59 67
59 68
59 87
59 1128
59 108
59 633
59 126
59 640
59 641
59 642
59 643
59 644
59 645
59 646
59 647
59 648
59 649
59 650
59 651
59 652
59 653
59 654
59 655
59 656
59 657
59 658
59 659
59 660
59 661
59 662
59 663
59 152
59 665
59 666
59 667
59 668
59 669
59 670
59 671
59 672
59 673
59 674
59 675
59 676
59 677
59 678
59 679
59 680
59 681
59 682
59 683
59 684
59 685
59 686
59 687
59 176
59 689
59 690
59 691
59 692
59 693
59 694
59 695
59 241
59 256
59 131
59 1300
59 135
59 166
59 664
59 402
59 435
59 485
60 66
60 907
60 87
60 908
60 67
60 675
60 695
61 640
61 642
61 131
61 645
61 646
61 135
61 435
61 654
61 656
61 152
61 665
61 671
61 680
61 685
61 686
61 687
61 176
61 690
61 691
61 692
61 694
61 695
61 62
61 66
61 67
61 731
61 1128
61 252
61 1277
62 131
62 646
62 1128
62 665
62 178
62 185
62 87
62 252
63 3810
63 1282
63 2635
63 69
63 435
63 1774
63 2045
63 1235
63 149
63 119
63 1214
63 639
63 1596
63 1949
63 1950
63 1951
64 645
64 646
64 678
64 670
64 694
64 695
64 677
65 1128
65 873
65 665
65 695
65 252
66 931
66 645
66 1895
66 3080
66 2573
66 879
66 402
66 695
67 2715
67 1128
67 252
67 665
67 879
67 873
68 2971
68 100
68 2736
68 1814
68 3224
68 252
69 3200
69 1282
69 2700
69 3088
69 403
69 149
69 3993
69 1949
69 1950
69 1883
69 2472
69 1456
69 435
69 2485
69 1596
69 1214
69 2372
69 69
69 2635
69 209
69 1235
69 347
69 3423
69 3810
69 2541
69 1774
69 3830
69 119
69 3320
69 2045
69 639
71 72
73 1910
74 74
74 75
75 75
75 1693
75 2566
76 1858
76 2307
76 2788
76 77
76 2510
76 2317
76 2992
76 3122
76 2323
76 1204
76 4004
76 474
76 2267
76 1052
76 1309
78 1225
78 1765
78 1033
78 2439
78 425
78 1874
78 79
78 80
78 81
78 82
78 83
78 84
78 457
78 1476
78 1039
78 794
79 80
79 1034
79 1221
79 295
80 1040
80 2299
80 583
80 584
80 1225
80 1039
80 80
80 81
80 82
80 1789
81 2310
81 3492
81 518
81 1222
81 1223
81 712
81 2091
81 589
81 591
81 1224
81 3382
81 3196
81 925
81 1374
82 457
82 403
82 1813
82 442
85 3387
85 86
86 696
87 709
87 88
87 89
88 1856
88 1857
88 1287
88 2664
88 3337
88 206
88 2110
88 3638
88 248
88 3844
88 2202
88 2557
88 1854
88 1855
89 3984
89 1849
89 122
89 2445
90 90
91 3466
91 3715
91 92
91 2742
92 3342
93 3147
93 93
93 94
94 1813
94 1046
94 1952
94 496
94 3106
94 3014
94 2985
94 2653
94 1970
94 1844
94 440
94 1468
94 2111
94 1857
94 1222
94 1356
94 974
94 595
94 596
94 2779
94 94
94 3045
94 2786
94 355
94 356
94 2278
94 230
94 2408
94 3004
94 880
94 1523
94 1012
94 1599
95 347
95 95
96 3330
96 899
96 137
96 3210
96 3947
96 3394
96 3214
96 3181
96 1937
96 1172
96 3193
96 3760
96 1950
96 2928
96 2980
96 3270
96 423
96 3628
96 2605
96 304
96 1715
96 3892
96 2486
96 3261
96 1848
96 3385
96 1338
96 3900
96 1853
96 3134
96 1474
96 2371
96 3397
96 454
96 3655
96 200
96 331
96 205
96 2896
96 3667
96 1108
96 2135
96 1881
96 2139
96 3676
96 2682
96 3807
96 2272
96 97
96 3171
96 100
96 3985
96 2812
96 3434
96 747
96 749
96 2031
96 1392
96 3965
96 1782
96 2296
96 633
96 1402
96 3455
96 636
96 2800
96 2425
97 2237
98 2305
98 2434
98 3734
98 3559
98 2056
98 3436
98 3783
98 2946
98 3343
98 2448
98 2065
98 2066
98 1556
98 3861
98 918
98 3351
98 3736
98 2713
98 923
98 3750
98 2847
98 1955
98 2598
98 1191
98 2090
98 2987
98 1266
98 2862
98 3247
98 2352
98 3249
98 2355
98 1205
98 2102
98 2487
98 570
98 1595
98 3260
98 3402
98 2495
98 2881
98 3778
98 965
98 3655
98 2377
98 714
98 3659
98 2638
98 3637
98 227
98 1179
98 334
98 3015
98 3126
98 2649
98 1243
98 3550
98 2014
98 2783
98 1888
98 99
98 1380
98 2854
98 3089
98 1128
98 2501
98 3307
98 748
98 3437
98 495
98 1392
98 1640
98 1522
98 3601
98 3759
98 1654
98 1922
98 1913
98 1018
98 2555
98 1788
98 2730
98 510
99 100
100 2063
100 2066
100 1054
100 1055
100 1433
100 545
100 1580
100 1071
100 3133
100 592
100 1105
100 1106
100 604
100 1632
100 1633
100 1634
100 1635
100 2153
100 2160
100 1144
100 136
100 3214
100 146
100 3220
100 3223
100 2716
100 3240
100 685
100 1309
100 2744
100 544
100 1228
100 1229
100 206
100 1746
100 1235
100 1750
100 3287
100 216
100 1243
100 3808
100 1252
100 741
100 2288
100 979
100 3829
100 1785
100 3329
100 3346
100 3860
100 1816
100 1821
100 2351
100 1845
100 3385
100 3410
100 2407
100 3444
100 2422
100 1911
100 1403
100 2940
100 2948
100 1925
100 1934
100 409
100 920
100 921
100 1435
100 1950
100 927
100 3491
100 949
100 3516
100 965
100 3534
100 3539
100 3546
100 3548
100 3037
100 1504
100 997
100 3153
100 594
100 1012
100 1013
101 112
101 102
101 101
103 104
103 2423
105 105
105 3199
106 2073
106 107
106 1364
106 3045
107 2666
107 231
108 108
108 109
108 110
108 111
108 112
108 113
108 114
109 707
109 708
109 379
109 1009
109 627
109 3707
109 3007
110 1900
110 2442
110 1678
110 788
110 1814
110 2078
110 1442
110 3879
110 1961
110 1843
110 565
110 824
110 568
110 325
110 1745
110 857
110 1243
110 861
110 3808
110 1896
111 608
111 609
111 1403
111 2985
111 300
111 600
111 601
111 603
111 606
111 607
112 769
112 3075
112 2408
112 1813
112 1436
112 2589
112 2732
112 3630
112 312
112 2111
112 1857
112 2786
112 974
112 3673
112 2780
112 989
112 3678
112 994
112 355
112 3045
112 1896
112 113
112 1778
112 2295
112 1789
113 2823
113 1132
113 3594
113 727
113 2956
113 915
113 1813
113 2454
113 1303
113 1693
113 1574
113 2475
113 861
113 2481
113 3769
113 323
113 3396
113 325
113 2379
113 1491
113 3671
113 858
113 2780
113 989
113 3943
113 1002
113 619
113 1009
113 1403
113 3966
115 3208
115 2796
115 2882
115 2191
115 627
115 3988
115 149
115 1303
115 3482
115 1691
115 1820
115 3231
115 2464
115 283
115 325
115 3629
115 1966
115 1395
115 2869
115 182
115 3639
115 1720
115 1209
115 2619
115 316
115 1085
115 318
115 2367
115 2624
115 962
115 1352
115 3406
115 345
115 1242
115 3707
115 1002
115 1086
115 748
115 2419
115 116
115 1974
115 506
115 1215
115 2428
115 3583
116 117
117 170
118 118
119 119
120 121
120 2834
120 1812
122 2561
122 1539
122 1028
122 3597
122 2064
122 2071
122 2088
122 3718
122 3635
122 3124
122 569
122 572
122 2628
122 1093
122 3658
122 1622
122 2156
122 123
122 646
122 3723
122 1677
122 3220
122 674
122 163
122 165
122 3872
122 2763
122 3269
122 1227
122 2764
122 206
122 3800
122 1755
122 735
122 224
122 1252
122 2791
122 1775
122 2288
122 3314
122 1273
122 2312
122 2313
122 3858
122 278
122 1303
122 1309
122 1824
122 2694
122 1318
122 3888
122 3464
122 2875
122 2374
122 3365
122 3923
122 341
122 3926
122 3954
122 3964
122 3969
122 3970
122 3461
122 1416
122 2955
122 399
122 402
122 1940
122 2972
122 3998
122 429
122 3502
122 2991
122 3571
122 440
122 1980
122 3006
122 1995
122 4044
122 3034
122 477
122 3042
122 999
122 3566
122 2032
122 3411
122 2559
124 972
124 125
126 2210
126 1820
126 2186
126 435
126 212
126 127
127 128
129 132
129 130
129 131
130 274
130 273
131 695
132 322
132 132
132 134
132 737
132 938
132 813
132 1998
132 719
132 144
132 724
132 725
132 985
133 136
133 137
133 138
133 214
133 134
134 135
134 136
134 625
134 626
135 310
136 1222
136 136
136 213
136 214
136 215
137 303
137 305
137 2877
138 640
138 3489
138 801
138 1936
138 1586
138 1587
138 1556
138 1557
138 214
138 3512
138 799
138 517
139 224
139 140
139 141
139 223
140 141
140 142
141 1696
141 2930
141 1328
141 1682
141 3863
141 3510
141 183
141 473
141 1626
141 3646
141 223
142 619
144 1186
144 1187
144 1188
144 197
144 465
144 284
144 971
144 403
144 335
144 144
144 337
144 338
144 339
144 340
144 730
145 178
146 3395
147 148
148 149
148 437
149 736
149 737
149 738
149 195
149 1188
149 1158
149 437
149 435
149 1806
149 2335
149 338
149 436
149 149
149 3319
149 730
149 319
150 2338
150 1004
150 150
150 151
150 152
150 153
150 154
150 155
150 156
150 157
151 295
151 457
151 458
151 459
151 844
151 505
152 197
152 426
152 429
152 826
153 528
153 426
153 826
153 429
154 426
154 429
154 1108
154 1109
154 826
158 158
159 159
160 1796
160 389
160 2438
160 2317
160 1049
160 1695
160 161
160 930
160 3078
160 2346
160 3118
160 2474
160 2504
160 3145
160 1109
160 3672
160 3817
160 622
160 623
160 624
160 2803
160 1143
160 3065
160 2810
160 447
160 2684
160 893
160 2687
161 2072
161 1693
162 956
162 2082
162 163
162 292
162 165
163 164
163 165
163 166
163 167
163 168
163 169
163 170
163 171
163 172
163 173
163 174
163 175
163 176
163 177
163 475
164 1049
164 347
164 165
165 166
165 167
165 168
165 170
165 171
165 172
165 477
165 474
165 475
165 476
166 347
166 169
166 1785
166 172
166 685
166 206
166 475
166 920
166 921
166 476
167 1030
167 1031
167 168
167 1032
167 179
168 171
168 442
169 1030
169 172
169 179
170 3714
170 2180
170 2181
170 523
170 2572
170 365
170 3986
170 3732
170 2199
170 536
170 1924
170 3995
170 540
170 1821
170 2206
170 2975
170 3293
170 2864
170 2226
170 2747
170 2111
170 1988
170 2211
170 3855
170 1244
170 1885
170 1638
170 2413
170 3588
170 756
170 2550
170 3972
170 255
171 171
171 1846
171 474
173 800
173 3812
173 325
173 486
173 3624
173 2442
173 4015
173 176
173 177
173 403
173 181
173 1002
173 1246
173 1247
174 1157
174 486
174 1517
174 3341
174 3668
174 870
174 439
174 2267
174 3358
175 528
175 1322
176 3812
176 839
176 177
176 695
176 1246
177 1249
177 839
177 2442
177 3725
177 177
177 477
178 1536
178 3073
178 2050
178 3585
178 1033
178 522
178 526
178 3757
178 2065
178 3091
178 532
178 533
178 3161
178 3608
178 2073
178 2587
178 3206
178 2592
178 2593
178 3619
178 2088
178 1579
178 3631
178 2098
178 2483
178 564
178 862
178 2103
178 1080
178 3764
178 3642
178 1084
178 1597
178 3652
178 3412
178 587
178 588
178 2829
178 1616
178 2642
178 3668
178 1622
178 1624
178 1380
178 3162
178 2140
178 3941
178 3174
178 1638
178 2663
178 1640
178 1133
178 2670
178 625
178 626
178 3603
178 2166
178 3705
178 3707
178 646
178 3863
178 2700
178 3522
178 3214
178 2194
178 1171
178 2197
178 1686
178 2711
178 666
178 2203
178 1692
178 1693
178 3466
178 3013
178 3952
178 674
178 3236
178 1702
178 369
178 2216
178 2674
178 1712
178 2226
178 179
178 1204
178 3765
178 183
178 3258
178 3259
178 1724
178 2237
178 3774
178 2035
178 2243
178 3272
178 1738
178 2251
178 3788
178 205
178 2254
178 1231
178 2770
178 723
178 3284
178 4046
178 1238
178 3961
178 2776
178 3290
178 3279
178 881
178 1245
178 3295
178 3808
178 2854
178 744
178 2795
178 3314
178 1272
178 1786
178 2812
178 2302
178 981
178 3840
178 2306
178 3030
178 1800
178 2315
178 269
178 782
178 3288
178 1815
178 1314
178 1414
178 806
178 3367
178 3804
178 3463
178 1325
178 1327
178 3377
178 3123
178 3894
178 825
178 3248
178 1341
178 2374
178 3399
178 1864
178 3554
178 1358
178 1363
178 2057
178 1365
178 3415
178 3929
178 2397
178 2398
178 3301
178 866
178 3387
178 356
178 1381
178 2921
178 2922
178 3437
178 1390
178 1392
178 1393
178 3444
178 2937
178 2941
178 1919
178 1003
178 388
178 1413
178 390
178 1927
178 394
178 3982
178 400
178 1938
178 3475
178 1429
178 2966
178 2457
178 409
178 922
178 3485
178 2463
178 929
178 2978
178 781
178 3498
178 940
178 2888
178 946
178 1523
178 436
178 4022
178 3515
178 3923
178 3521
178 1986
178 1476
178 1989
178 3526
178 3016
178 1482
178 3531
178 2210
178 1486
178 3536
178 3026
178 469
178 1494
178 2519
178 985
178 474
178 3151
178 991
178 482
178 3043
178 1510
178 3563
178 494
178 2543
178 562
178 1524
178 3062
178 2388
178 2554
178 1021
178 1022
178 3925
181 231
181 2697
181 2503
181 2270
181 2353
181 415
181 181
181 182
181 2650
181 1247
181 412
181 1246
181 959
182 736
182 1243
182 1704
182 1673
182 2931
182 2540
182 527
182 1115
182 1461
182 949
182 367
183 2563
183 2180
183 2568
183 265
183 2570
183 2318
183 536
183 540
183 2209
183 1315
183 2213
183 1708
183 2230
183 2233
183 3651
183 325
183 711
183 2766
183 184
183 334
183 953
183 2522
183 1115
183 2780
183 1383
183 3053
183 3054
183 1776
183 2546
183 1652
183 2038
183 1661
184 1785
184 1258
185 1537
185 2562
185 2564
185 901
185 2184
185 1417
185 1418
185 1675
185 1292
185 514
185 526
185 3086
185 400
185 3089
185 4041
185 3694
185 1558
185 2200
185 2943
185 1311
185 3105
185 1059
185 2469
185 2982
185 3624
185 2984
185 3804
185 1581
185 4014
185 573
185 2252
185 1718
185 3593
185 185
185 186
185 4013
185 444
185 2930
185 3829
185 2112
185 3920
185 2571
185 1349
185 4047
185 3809
185 2124
185 3530
185 587
185 588
185 2125
185 2255
185 3532
185 2770
185 4003
185 2318
185 470
185 1497
185 1370
185 2703
185 860
185 2181
185 3472
185 3428
185 3814
185 487
185 232
185 1133
185 2158
185 2799
185 2792
185 1778
185 383
185 3828
185 2165
185 1398
185 2679
185 763
185 3525
185 2431
187 188
187 190
188 189
189 848
189 1778
189 275
191 192
191 688
191 1941
193 194
194 2372
194 3269
194 641
194 3507
194 1046
194 2653
195 1036
195 1562
195 1187
195 813
195 2525
195 1456
195 305
195 318
195 319
195 195
195 196
195 1997
195 466
195 1749
195 983
195 344
195 985
195 3293
195 1262
195 1263
195 754
195 3318
197 525
197 2962
197 789
197 3909
197 417
197 710
197 1702
197 1191
197 2856
197 3881
197 3755
197 563
197 3256
197 1984
197 2497
197 1398
197 198
197 1121
197 3272
197 331
197 2510
197 1617
197 344
197 1241
197 1498
197 3685
197 1120
197 528
197 2214
197 3562
197 530
197 1265
197 499
197 2678
197 2680
197 511
197 1023
198 3745
198 199
199 1708
199 3309
199 2885
200 3008
200 3579
200 200
200 201
200 202
200 1357
200 1401
200 3227
201 627
201 741
202 627
202 741
203 204
203 203
204 1002
204 1837
205 1008
206 226
206 685
206 207
206 920
206 1785
206 921
206 925
206 1854
208 3392
208 3125
209 3088
209 3593
209 1608
209 2700
209 235
209 428
209 3821
209 910
209 911
209 1456
209 2472
209 210
209 437
209 1609
209 1688
209 1817
209 2780
209 637
209 639
210 211
211 1216
211 4005
211 1157
211 1543
211 1101
211 1037
211 661
211 1713
211 757
211 2614
211 3001
211 668
211 1311
212 910
214 3138
214 3305
214 814
214 214
216 217
216 219
217 218
217 219
217 220
218 3526
218 218
218 2157
219 226
219 388
219 1896
219 696
219 2772
219 2427
219 2428
219 1054
219 1055
220 1884
221 3042
221 3206
221 293
221 294
221 295
221 3880
221 2525
221 1424
221 1726
221 221
221 222
221 1349
223 991
224 225
224 226
224 227
224 228
224 229
225 832
226 1537
226 1542
226 3454
226 530
226 1557
226 3616
226 1059
226 2599
226 3627
226 1078
226 569
226 2618
226 1083
226 3132
226 2113
226 1091
226 583
226 584
226 1100
226 1105
226 2131
226 1119
226 2146
226 1636
226 700
226 2676
226 2750
226 3202
226 2179
226 3209
226 2186
226 2188
226 3096
226 2715
226 1692
226 2215
226 3772
226 2238
226 1220
226 1733
226 2768
226 3800
226 1242
226 736
226 3813
226 1255
226 3818
226 1063
226 2286
226 2289
226 242
226 894
226 2297
226 2395
226 3847
226 2312
226 781
226 2830
226 1814
226 3352
226 3870
226 1312
226 3361
226 3362
226 808
226 2012
226 1324
226 3888
226 3379
226 821
226 2872
226 1845
226 2381
226 2108
226 1883
226 2400
226 2915
226 869
226 572
226 369
226 2942
226 2946
226 1412
226 1926
226 1930
226 2443
226 3985
226 3474
226 1428
226 2973
226 1438
226 1444
226 1448
226 2473
226 1969
226 1975
226 954
226 446
226 448
226 452
226 1998
226 1488
226 471
226 3036
226 989
226 478
226 1619
226 1012
226 1014
226 3069
227 2328
227 331
228 1327
229 988
230 230
231 1217
231 235
231 3819
231 231
231 232
231 233
231 234
231 236
231 1503
232 1217
232 492
232 758
234 1512
234 459
235 1281
235 1282
235 2745
235 1134
235 910
235 911
235 1816
235 1685
235 1686
235 1687
235 1688
235 3257
235 2119
235 1691
235 2205
235 2472
235 839
235 428
235 1608
235 1592
235 313
235 3899
235 1090
235 837
235 1607
235 840
235 1609
235 727
235 3087
235 2780
235 3934
235 3563
235 2030
235 242
235 637
235 639
236 1881
236 839
237 238
238 240
238 239
241 695
242 785
242 243
242 2420
242 886
242 1144
243 244
244 829
245 246
246 247
249 250
250 251
250 1457
253 3747
253 1478
253 254
254 2928
254 1845
255 256
255 550
255 551
255 552
255 459
255 846
255 330
256 257
256 258
256 259
256 260
256 261
256 262
256 1095
256 1332
256 695
257 552
257 848
257 550
257 551
258 258
258 1124
258 550
258 551
258 552
258 846
258 1550
259 259
259 550
259 551
259 552
259 1742
259 334
260 552
260 550
260 551
261 734
261 2658
261 1988
261 550
261 551
261 552
261 3808
261 3244
261 1282
261 2448
261 2472
261 978
261 1118
261 2070
261 1463
261 762
261 3388
261 829
261 318
261 3519
262 550
262 295
262 552
262 551
262 525
262 3022
262 2031
262 2995
263 440
263 263
264 2176
264 1729
264 2211
264 805
264 1286
264 1320
264 265
264 1296
264 1489
264 2130
264 806
264 2201
264 2206
265 800
265 332
265 266
265 267
265 268
265 270
265 296
266 2407
266 296
266 1130
266 272
266 1502
267 675
267 1456
267 2898
267 1843
267 2739
267 3839
268 1322
268 1302
268 3582
269 639
270 1130
270 332
270 271
270 272
270 1361
270 1362
270 799
271 272
271 1362
272 1362
273 3275
273 274
273 275
273 276
273 277
273 2780
274 275
274 276
274 277
274 278
274 279
274 280
275 1059
275 1062
275 659
275 3479
275 1756
276 280
276 1691
277 566
277 279
278 2756
279 3497
279 1846
279 566
280 3069
281 777
281 282
281 709
281 710
281 525
282 283
282 796
282 3791
282 1011
283 1629
284 483
284 484
284 938
284 3342
284 337
284 285
288 288
288 289
289 289
289 2756
289 3328
289 426
289 524
289 590
289 3805
289 1297
289 1843
289 4020
289 3253
289 1594
289 923
289 1610
290 1792
290 578
290 291
290 1722
290 840
290 3850
290 972
290 2051
290 1272
290 1907
290 2423
290 824
290 2138
290 764
290 403
290 3043
291 1236
292 2659
292 3300
292 1509
292 3212
292 1997
292 334
292 3437
292 2993
292 3651
292 674
292 597
292 2935
292 1273
292 2046
292 3231
293 1424
293 1735
294 1424
294 1516
295 2240
295 3659
295 1221
295 1033
295 3994
295 459
295 844
295 846
295 2869
295 2328
295 794
295 2491
295 511
296 2407
296 297
296 332
296 1130
296 1502
297 440
298 874
298 299
298 383
299 440
299 300
299 301
300 3051
300 2116
300 1005
300 1416
300 787
300 853
300 991
301 2071
302 302
303 304
303 306
303 305
303 303
304 416
304 578
304 388
304 747
304 305
304 2452
305 752
305 1700
305 305
305 753
305 754
305 3332
306 2560
306 515
306 1157
306 518
306 455
306 3623
306 1005
306 1947
306 845
306 694
306 1459
306 886
306 3625
306 1595
306 1597
306 1534
307 308
308 3968
308 310
308 3788
308 309
308 2838
308 2839
309 1953
309 2885
309 1575
309 3628
309 1612
309 1903
309 3096
309 2270
309 2271
310 1161
310 2897
310 1513
310 1052
311 311
313 1388
313 1328
313 313
313 314
313 315
313 1626
314 1328
314 442
315 3579
315 777
315 780
315 1298
315 1299
315 3253
315 3930
315 315
315 382
316 345
316 460
316 317
316 1157
318 736
318 1595
318 403
318 2990
318 2159
318 1215
318 1596
318 1214
318 319
319 320
319 321
319 322
319 323
319 324
319 325
319 326
319 1780
319 2426
319 1915
320 737
321 321
321 1267
321 325
321 327
321 1002
321 1843
321 2132
321 1141
321 1814
321 1815
321 1816
321 1817
321 1818
321 1819
321 1820
322 737
322 3041
322 2437
322 327
322 1820
322 3338
322 1262
322 815
322 725
322 983
322 1562
322 1564
322 1566
323 737
323 2859
323 2188
323 815
323 1456
323 2290
323 403
323 1263
324 3016
324 1971
324 683
325 641
325 516
325 769
325 2568
325 2061
325 1550
325 1935
325 1424
325 3986
325 1813
325 2454
325 1303
325 408
325 2436
325 1327
325 2906
325 325
325 803
325 3236
325 2215
325 2369
325 2661
325 2860
325 3247
325 2035
325 2036
325 1467
325 2314
325 3650
325 3651
325 3140
325 3437
325 327
325 2248
325 841
325 971
325 3282
325 2132
325 853
325 2390
325 2845
325 4004
325 1242
325 1243
325 604
325 989
325 863
325 2576
325 1806
325 869
325 493
325 957
325 3652
325 3649
325 1140
325 1141
325 3449
325 3095
326 3248
326 737
326 2437
328 3556
328 2844
328 775
328 328
328 329
328 330
328 331
328 332
328 333
328 334
328 776
328 1587
328 2588
329 403
330 993
330 3139
330 1771
330 1004
330 1711
330 3368
330 2898
330 2739
330 2772
330 2268
331 578
331 1638
331 775
332 1130
332 1131
332 525
332 333
333 2472
334 640
334 520
334 1416
334 3213
334 526
334 1005
334 789
334 1174
334 1072
334 803
334 1577
334 3376
334 1073
334 1978
334 1728
334 1094
334 1993
334 1491
334 853
334 1117
334 478
334 2407
334 1384
334 749
334 1133
334 2164
334 374
334 2773
335 736
335 483
335 3396
335 3430
335 807
335 2439
335 845
335 336
335 337
335 339
336 337
336 338
336 339
336 340
337 736
337 738
337 483
337 2439
337 3426
337 3430
337 807
337 2633
337 458
337 939
337 2370
337 337
337 339
337 2560
337 3396
337 730
337 938
338 739
338 1188
338 1157
338 1158
338 1159
338 1160
338 1595
338 1597
339 736
339 1666
339 938
339 1602
339 339
339 724
340 1595
340 1597
342 2359
342 996
342 997
342 1835
342 781
342 342
342 343
342 344
342 345
342 346
343 346
343 996
343 997
343 2335
344 3207
344 525
344 528
344 530
344 3482
344 1349
344 1350
344 2988
344 946
344 563
344 1213
344 1248
344 1348
344 710
344 1487
344 853
344 3293
344 1120
344 1121
344 486
344 1002
344 1013
344 3452
344 3197
344 1023
345 517
345 786
345 788
346 996
346 997
346 2136
346 2335
347 1549
347 1172
347 351
347 348
347 349
347 350
347 352
347 353
347 354
347 355
347 356
347 357
347 358
347 359
347 360
347 361
347 362
347 363
347 364
347 365
347 366
347 367
347 368
347 369
347 370
347 371
347 372
347 373
347 374
347 375
347 376
347 377
347 378
347 379
349 858
349 3275
350 3454
350 350
353 1144
353 2189
355 355
355 471
356 356
356 1511
356 1895
357 1059
357 1062
357 1547
357 1548
357 1197
357 1200
357 1118
357 1117
357 894
359 1637
359 2590
360 1762
360 3476
362 1295
364 839
367 1410
367 839
368 3816
368 2266
369 1190
369 3410
369 2863
369 1969
369 2898
369 2739
369 766
370 3098
372 3162
372 4018
373 3198
373 1775
374 803
374 804
374 421
374 714
374 1324
374 2800
374 2993
374 826
375 1878
376 1780
378 1702
380 1586
380 381
380 1759
381 1353
381 495
382 1379
382 2482
382 1806
383 769
383 2692
383 3713
383 3211
383 1292
383 3734
383 3361
383 2651
383 4006
383 2601
383 428
383 442
383 2377
383 3287
383 1243
383 2027
383 2677
383 2554
383 2559
383 637
383 639
384 994
385 800
385 386
385 1443
385 2404
385 2118
385 1073
385 1644
385 2338
385 432
385 1243
385 2339
385 3871
385 2998
385 1303
385 388
385 1887
385 387
385 3006
385 799
386 2338
386 387
386 388
386 1644
386 1073
386 3871
387 800
387 2339
387 2404
387 2118
387 744
387 3465
387 1644
387 2338
387 1073
387 387
387 2998
387 1303
387 388
387 3871
387 3006
387 1887
388 640
388 388
388 1170
388 2964
388 1303
388 1947
388 3613
388 799
388 800
388 2338
388 2339
388 3620
388 1073
388 2998
388 1209
388 3871
388 3006
388 2118
388 1243
388 855
388 3812
388 2270
388 1887
388 2404
388 1894
388 743
388 744
388 1771
388 1644
388 2805
388 3860
390 931
390 390
391 392
392 393
392 394
392 395
392 396
393 1824
393 2983
393 3308
393 394
393 396
393 2302
394 1889
394 2983
394 396
394 1434
396 1121
396 2983
396 617
396 618
396 616
396 1396
396 632
397 398
400 401
401 3977
402 403
402 695
403 1282
403 2565
403 650
403 1806
403 911
403 403
403 2838
403 792
403 1563
403 2205
403 2437
403 2353
403 1844
403 1609
403 1120
403 3654
403 3344
403 465
403 3669
403 985
403 1885
403 736
403 2704
403 2026
403 3180
403 3090
403 3990
403 2551
404 2498
404 3971
404 2916
404 2917
404 2405
404 2472
404 2889
404 3850
404 1707
404 405
404 3273
404 2901
406 709
408 3650
408 3140
408 3628
408 911
408 3410
408 1843
408 1380
409 997
409 3186
409 410
409 411
411 905
411 2348
411 1073
411 2523
411 2524
412 415
412 414
412 413
413 782
413 415
414 1284
415 1088
415 633
416 416
416 3341
418 3394
418 1654
420 421
421 1184
421 1569
421 1123
421 1125
421 2513
421 1706
421 2990
421 1009
421 3978
421 949
421 580
421 1882
421 733
422 423
423 424
425 426
425 427
425 428
425 429
426 1004
426 468
427 710
427 455
427 460
427 1107
427 2075
428 1666
428 2182
428 3079
428 2485
428 2700
428 1805
428 1295
428 2065
428 1190
428 2198
428 3257
428 2484
428 2460
428 2205
428 3999
428 3110
428 2472
428 1159
428 3244
428 1332
428 2741
428 3275
428 1977
428 1978
428 2107
428 1725
428 3519
428 1728
428 2883
428 3908
428 1608
428 457
428 2378
428 2635
428 3917
428 1615
428 3922
428 4009
428 3798
428 727
428 1496
428 911
428 1124
428 2661
428 2918
428 1001
428 1282
428 2027
428 1520
428 2292
428 3574
428 3575
428 3711
428 638
429 429
429 430
429 431
429 818
429 988
430 955
430 431
431 952
432 433
434 434
434 1395
434 2937
434 2874
434 1693
434 2003
435 736
435 737
435 739
435 2437
435 1806
435 881
435 436
435 730
436 910
436 437
437 736
437 1282
437 437
437 724
437 1927
437 3304
437 3394
437 910
437 1686
437 3132
437 3938
437 639
440 2132
440 441
441 2037
441 991
441 1941
441 1109
442 2433
442 1174
442 2823
442 3722
442 3083
442 3393
442 784
442 2449
442 534
442 3481
442 3353
442 538
442 539
442 3362
442 3355
442 690
442 934
442 881
442 1851
442 3498
442 2859
442 2546
442 3504
442 1970
442 443
442 2108
442 1598
442 1344
442 3137
442 2114
442 3141
442 1222
442 1991
442 714
442 3149
442 2512
442 3412
442 1243
442 3170
442 1448
442 1380
442 1639
442 1832
442 2545
442 2162
442 2036
442 3061
442 1399
442 2555
442 1279
445 445
446 706
446 447
447 448
447 449
448 1796
448 3574
448 2694
448 1293
448 4015
448 3985
448 2259
448 3733
448 1814
449 3200
449 865
450 1651
450 450
450 451
450 452
451 1859
452 3688
452 460
452 1650
453 497
453 3626
453 454
453 2295
454 456
454 3484
454 455
455 922
456 2491
459 2688
459 1936
459 916
459 534
459 2455
459 2328
459 3611
459 941
459 686
459 2740
459 2869
459 2240
459 1221
459 3018
459 3659
459 844
459 846
459 3022
459 2919
459 1384
459 2672
459 3960
459 511
460 1673
460 2702
460 2703
460 1172
460 925
460 2338
460 3186
460 777
460 2747
460 1984
460 1610
460 461
460 2001
460 3797
460 2390
460 1657
460 1138
460 3321
460 2428
462 1970
462 2589
462 975
463 464
463 995
465 2160
465 1589
466 1035
466 1036
466 1262
466 1263
466 1749
466 983
467 2571
467 1035
467 1036
467 467
468 3362
468 1733
468 742
468 3820
468 738
468 1523
468 4019
469 2605
471 3362
471 4036
471 709
471 3721
471 1871
471 496
471 915
471 472
471 4035
471 2014
472 1678
473 1939
475 3531
475 1114
475 476
475 893
476 1114
476 1452
477 2492
477 2442
478 1896
478 727
478 1273
478 861
479 480
481 481
481 482
482 2364
482 1282
483 2439
483 748
483 749
483 750
483 751
484 938
485 486
486 2178
486 1155
486 3460
486 2310
486 3207
486 525
486 1038
486 527
486 528
486 3089
486 2450
486 542
486 543
486 3234
486 3237
486 3110
486 935
486 3786
486 2989
486 2092
486 2632
486 1207
486 2745
486 2747
486 3274
486 1214
486 710
486 968
486 1097
486 714
486 1335
486 979
486 859
486 2525
486 2021
486 1120
486 1121
486 2962
486 3703
486 2425
486 1276
486 1022
488 800
488 3811
488 489
488 847
488 3252
488 1813
488 505
488 506
488 507
488 508
488 509
488 853
490 2827
490 490
490 491
492 2393
492 3938
492 493
492 998
493 999
493 2765
493 494
495 1600
496 496
496 497
497 3148
497 497
497 2167
497 3322
498 499
500 500
501 2978
501 3239
502 503
502 735
503 1060
503 1613
503 504
504 3319
505 3811
505 847
505 3251
505 3252
505 506
505 507
505 508
505 509
506 847
507 3811
507 847
507 3251
507 3252
507 3253
507 507
507 508
507 509
508 3811
508 847
508 3251
508 3252
508 3253
508 509
509 3811
509 909
509 847
509 3251
509 3252
509 3253
511 512
511 726
513 513
513 514
513 2622
514 514
515 515
515 516
515 517
515 518
515 519
515 520
515 521
515 1298
515 1148
516 1002
516 3140
516 1679
517 517
517 3179
517 850
517 2415
517 1424
517 849
517 1138
517 2515
520 3553
520 3202
520 2247
520 3977
520 3531
520 3244
520 2320
520 627
520 3098
521 1579
521 1661
521 3302
523 2832
523 755
525 1155
525 526
525 527
525 2962
525 1133
525 3228
525 546
525 547
525 710
525 2631
525 3244
525 2989
525 563
525 1588
525 999
525 3130
525 1826
525 2112
525 1219
525 1093
525 1734
525 1121
525 1869
525 2645
525 983
525 3805
525 1120
525 1505
525 738
525 3558
525 3303
525 3580
525 3691
525 530
525 1519
525 3312
525 3942
525 2678
525 759
525 1657
525 1023
525 3068
525 3499
525 1349
526 3883
526 969
526 2175
526 1132
526 527
526 528
526 529
526 1875
526 530
526 2143
527 2945
527 527
527 530
527 1187
527 1193
527 1349
527 1868
527 1869
527 846
527 1251
527 590
527 1120
527 2531
527 1133
527 1013
528 771
528 3341
528 530
528 2415
528 671
528 1187
528 3748
528 3502
528 1841
528 3382
528 3807
528 1088
528 710
528 1101
528 2001
528 1381
528 1120
528 1121
528 997
528 3431
528 3303
528 1133
528 2671
528 1656
528 3707
528 2684
528 1023
529 2936
529 2784
529 1133
529 3215
530 1120
530 1121
530 1349
530 710
530 530
530 1133
530 1298
530 2164
530 1013
530 1023
530 2175
531 532
531 533
531 2911
534 3820
534 942
534 535
534 537
536 2719
540 2719
541 541
542 3004
543 3004
550 1095
550 1332
550 695
551 1095
551 1332
551 695
552 1095
552 1332
552 695
553 555
553 1731
553 554
553 1262
553 2961
556 556
557 558
558 2248
558 809
558 1746
559 2309
559 2953
559 560
559 561
559 2772
559 2362
559 2629
562 563
562 3003
563 2887
563 564
563 914
564 3003
565 566
565 567
566 568
566 1754
566 602
567 568
569 571
569 570
570 2244
570 2245
570 3026
570 570
570 572
571 572
573 2953
573 573
573 574
573 575
576 577
576 579
577 578
578 3670
578 2950
578 3084
578 3472
578 921
578 688
578 1572
578 4007
578 808
578 2614
578 1338
578 2877
578 3264
578 579
578 2126
578 2902
578 3183
578 3068
580 4034
580 1379
580 581
580 582
580 1576
580 1715
580 3865
580 893
583 3420
584 3420
585 829
586 829
589 590
590 2594
590 2360
590 3570
590 824
590 591
592 701
592 593
593 594
593 695
594 701
595 2416
596 2416
597 1320
597 598
597 599
600 608
600 609
600 3935
600 2638
600 600
600 601
600 602
600 603
600 606
600 607
601 608
601 609
601 3935
601 2638
601 601
601 602
601 603
601 606
601 607
602 611
602 612
602 613
602 614
602 3916
602 1771
602 652
602 1112
602 1648
602 2648
602 1395
602 4009
602 1209
602 1754
602 3972
602 2462
602 3557
603 604
603 605
604 608
604 609
604 1352
604 606
604 607
605 608
605 609
605 1761
605 944
605 606
605 607
610 3371
610 2881
610 1545
610 1935
610 1171
610 965
610 2976
610 2082
610 2083
610 1189
610 2603
610 1327
610 3384
610 1468
610 714
610 2241
610 2115
610 1349
610 1482
610 3916
610 1230
610 2511
610 3289
610 3919
610 3553
610 611
610 612
610 613
610 614
610 2501
610 3699
610 3318
611 3916
612 3916
613 3916
614 3916
615 833
615 1860
615 1861
615 616
615 617
615 618
615 632
616 1669
617 1669
618 1669
619 1642
619 620
619 621
619 1171
619 1304
619 1309
627 3076
627 2826
627 1813
627 1313
627 1318
627 2985
627 1331
627 2613
627 3027
627 1878
627 2269
627 2017
627 2022
627 3052
627 1902
628 628
628 629
630 741
630 630
630 631
632 1669
633 695
634 635
637 2177
637 1282
637 2182
637 3079
637 2745
637 1036
637 1805
637 911
637 2065
637 2198
637 3257
637 1691
637 2205
637 1190
637 3110
637 2472
637 4009
637 1159
637 3244
637 2485
637 1977
637 2107
637 1725
637 3519
637 3908
637 3269
637 2119
637 840
637 2378
637 3917
637 3922
637 3798
637 727
637 3672
637 2780
637 3934
637 3899
637 2661
637 2918
637 1001
637 2027
637 2030
637 2292
637 638
637 639
638 639
639 1282
639 1283
639 2198
639 2182
639 1928
639 2485
639 1805
639 910
639 911
639 2576
639 3090
639 1045
639 1686
639 3096
639 3257
639 1691
639 1949
639 2472
639 4009
639 3244
639 2606
639 2205
639 4016
639 2484
639 3643
639 1725
639 3519
639 3798
639 727
639 1496
639 3711
639 2780
639 3862
639 2918
639 1001
639 1261
639 3966
639 3574
639 3469
639 3833
639 639
640 640
640 799
640 802
640 3006
640 801
640 800
640 3057
640 1450
640 798
640 695
640 796
640 797
641 868
641 869
641 870
641 1523
641 695
641 863
642 930
642 695
643 1025
643 912
643 2002
646 2923
646 1232
646 695
647 695
648 695
649 791
649 695
650 695
651 1386
651 695
652 695
652 1754
653 1856
653 3427
653 1737
653 1738
653 1739
653 1740
653 1741
653 1904
653 3451
655 818
655 820
655 695
658 2000
658 2284
659 1294
659 848
659 1944
660 2331
661 2353
665 695
666 1257
666 695
667 3975
667 2316
667 3478
667 3876
667 2726
667 1319
667 2486
667 2743
667 3386
667 3131
667 1292
667 695
667 718
667 3156
667 2390
667 864
667 3554
667 3852
667 1770
667 3839
669 1505
669 1506
669 2753
669 2670
669 2671
670 695
671 710
671 695
673 2014
674 1814
674 2295
675 839
675 695
676 2971
676 848
676 1912
676 1369
678 695
678 1303
679 1347
679 3483
679 2098
679 1276
681 925
682 1391
682 809
683 1381
683 1591
683 3823
683 1813
683 1686
683 695
684 703
685 992
685 2952
685 920
685 3636
685 1785
685 1784
685 921
686 3611
686 2052
686 2636
686 881
686 1141
686 695
687 1699
687 695
688 3857
688 1941
690 695
693 695
694 695
695 696
695 697
695 698
695 699
695 700
696 1104
696 1105
696 1375
698 739
699 1303
700 714
700 1642
701 702
702 2379
703 704
703 3265
703 2314
703 4011
703 1232
703 1105
703 2739
703 2800
703 1429
703 2168
703 2666
704 705
704 3822
704 2470
705 3621
706 2864
707 3848
707 1884
707 1806
707 1063
708 2178
709 1029
709 789
709 1064
709 1065
709 1066
709 1067
709 1068
709 1069
709 1070
709 1071
709 1072
709 1073
709 1074
709 1075
709 1076
709 709
709 1278
710 1120
710 2497
710 2182
710 1702
710 1023
710 1610
710 2604
710 1391
710 3602
710 1121
710 1915
711 2416
712 1024
712 713
712 3516
713 2048
713 1124
713 2544
713 2707
713 1622
714 803
714 1174
714 715
714 1491
714 1658
716 2049
716 3085
716 3854
716 2337
716 2726
716 4013
716 2743
716 3386
716 2235
716 1985
716 1736
716 716
716 1997
716 718
716 717
716 3790
716 1888
716 864
716 3554
716 2532
716 758
716 3839
717 2908
717 718
718 2316
718 3085
718 3854
718 2575
718 2337
718 2726
718 1319
718 3757
718 3386
718 1985
718 3267
718 1736
718 4013
718 3790
718 1888
718 864
718 3554
718 2532
718 1770
718 2811
718 3839
719 1088
719 4000
719 2147
719 2054
719 1351
719 1610
719 2956
719 720
719 1009
719 2137
719 3418
719 3207
721 721
721 722
722 3339
724 737
724 738
724 1223
724 813
724 1456
724 1139
724 725
724 985
724 3146
724 1662
725 737
725 1261
725 1223
725 738
725 2990
725 815
725 1456
725 1139
725 2133
725 726
725 727
725 728
725 729
725 730
725 938
726 3789
726 742
726 1993
726 1706
726 1995
726 1197
726 1645
726 1297
726 3765
726 726
726 3128
726 793
726 1994
726 1310
727 1508
727 1686
727 727
727 2616
727 2489
728 914
729 729
729 1844
729 1438
729 1437
730 736
730 737
730 739
730 740
730 2289
730 1261
730 730
731 2134
735 2473
735 1613
735 735
736 1034
736 3092
736 2480
736 1876
736 2134
736 2903
736 1496
736 736
736 737
736 738
736 739
736 740
736 2024
736 3049
736 753
736 1086
736 1657
736 4019
737 815
737 1456
737 817
737 3938
737 983
737 984
737 985
737 738
737 1262
737 1263
737 3070
738 938
738 1369
738 794
738 1077
739 740
739 3436
739 1263
739 3734
739 2011
741 1251
741 741
742 2691
742 743
742 744
742 1642
742 2453
743 744
743 2881
744 801
744 1644
744 1933
744 2998
744 799
745 746
746 746
748 1153
748 785
748 1724
748 1489
748 1652
748 1653
748 2135
748 1721
748 1722
748 1723
748 1215
749 749
749 3410
749 2996
749 2939
750 1933
750 2926
750 3365
751 1792
751 1724
751 1115
751 1844
751 1653
751 1721
751 1723
752 754
752 795
752 2903
753 3291
754 3758
754 2415
754 2903
755 756
755 3342
755 755
756 2832
757 757
758 1362
759 1062
759 972
759 1359
759 3762
759 3741
760 761
760 1938
760 2782
763 3157
767 768
767 767
768 768
768 1705
768 1706
768 1707
768 1115
769 800
769 1601
769 770
769 2283
769 2780
769 3707
769 1353
769 3824
769 2487
769 3500
769 1813
769 2295
769 1368
769 3673
769 2111
769 2812
769 1085
769 789
772 3424
772 1089
772 773
772 774
773 774
773 3719
774 3424
775 3556
775 2981
775 2918
775 1360
775 776
775 3443
775 2871
776 1386
777 2299
777 780
777 778
777 779
777 781
777 2772
778 835
778 2308
778 778
778 814
778 1392
778 2257
778 2258
778 2260
778 3477
778 795
778 2173
780 1703
780 780
780 781
780 1006
781 1293
781 2221
781 2453
781 2073
781 1702
781 1703
781 3501
781 1454
781 3805
781 832
781 838
781 974
781 781
781 989
781 3948
781 3949
781 1906
781 1403
782 3110
783 784
784 785
785 2416
785 3043
785 1636
785 3046
785 2119
785 3848
785 3505
785 887
785 1272
785 1722
785 3934
785 3455
786 787
786 788
787 1248
787 1417
787 851
787 3830
787 1243
787 3519
788 3911
789 854
789 1895
789 2727
789 1654
789 2768
789 851
789 852
789 789
789 790
789 855
789 856
789 853
790 791
794 1300
794 2898
795 795
795 2847
796 1676
796 1045
796 797
797 1045
798 2701
799 2118
799 801
799 1644
799 1073
799 3860
799 2998
800 2338
800 2339
800 1541
800 1771
800 1644
800 1393
800 1303
800 1073
801 801
801 2118
801 1170
801 2998
803 804
803 2959
803 1844
803 826
804 826
805 2205
805 1263
806 1272
807 3396
807 988
807 3430
809 810
809 3325
809 3925
809 1815
811 812
811 3151
812 3706
812 813
812 814
812 2303
813 2205
813 1187
813 3269
813 3933
813 1256
813 4009
813 1578
813 1099
813 3469
813 1806
813 1295
813 1520
813 2485
813 1242
813 1615
813 2909
814 3489
814 1556
814 1557
814 3512
815 816
815 817
815 1139
816 2212
818 819
818 820
818 821
818 822
818 823
818 3225
818 1875
818 3567
818 1941
819 1102
821 1543
822 3073
827 828
828 1848
828 2393
828 2575
830 2716
830 2526
830 831
831 832
831 833
832 3430
832 1153
832 1236
832 1270
832 2716
834 1257
834 834
834 835
834 836
835 1257
835 836
836 1257
836 3764
836 3878
837 838
837 1386
837 2956
837 2759
837 1968
837 2551
837 2617
837 1883
838 3899
838 1019
838 839
839 1410
839 1032
839 2442
839 2827
839 2956
839 1425
839 3480
839 3436
839 2159
839 3098
839 2340
839 2759
839 2617
839 2492
839 1607
839 1489
839 3492
839 1883
839 1386
839 2551
840 841
841 3848
841 3850
841 3087
841 1961
841 2205
841 2473
841 1962
841 3501
841 3505
841 1722
841 1089
841 2119
841 3934
841 1763
841 3046
841 3559
841 1777
841 1142
841 2423
841 1272
841 1149
843 3808
843 3569
843 843
843 844
844 3600
844 2696
844 2736
844 2344
844 2456
845 928
845 3237
846 1251
846 1223
846 3233
846 2190
846 853
846 1751
846 3247
846 2881
847 3811
847 3252
848 1477
848 1063
848 1779
848 1369
848 1116
848 1822
849 849
849 850
850 3574
850 2014
850 1173
851 1284
852 1603
852 1604
852 1605
852 1606
852 1643
852 1036
852 852
852 1428
852 3007
853 1889
853 3275
853 1060
853 2405
853 1073
853 1226
853 1483
853 1297
853 2102
853 1243
853 1002
853 3966
853 1813
855 3426
855 1790
858 1806
858 925
858 2481
858 2482
858 1172
860 2057
861 864
861 1896
861 861
861 862
861 863
862 1002
862 3140
862 870
863 1926
863 2060
863 2830
863 1814
863 1048
863 1951
863 2980
863 1448
863 1073
863 1055
863 1085
863 3140
863 984
863 988
863 868
863 870
863 1013
863 1662
863 2943
864 1393
866 1960
866 867
866 3703
868 2464
868 870
868 1844
868 2102
869 2516
869 1926
870 2278
870 1928
870 1002
870 2639
870 1814
870 1048
870 894
871 872
871 2873
871 1291
873 933
873 874
873 1101
873 1589
873 1622
874 875
874 876
874 933
875 875
875 933
877 2584
877 878
879 1190
879 1041
879 1043
879 1717
880 880
880 911
880 1197
881 1417
881 3338
881 911
881 1552
881 882
881 2495
883 2716
883 890
883 3603
883 884
883 885
884 884
884 885
884 886
884 887
884 888
884 889
884 890
884 891
884 892
885 1044
885 886
885 2487
885 888
886 1253
886 2761
886 1134
886 1136
886 1137
886 890
887 890
887 1153
888 890
888 3294
889 890
889 891
889 1367
890 3125
891 1278
893 896
893 898
893 899
893 897
893 894
893 895
894 2400
894 1058
894 1059
894 1062
894 1063
894 1896
894 1196
894 975
894 3966
894 3252
894 2645
894 1974
894 3707
894 1118
895 1848
895 1847
895 1758
895 1757
896 2468
897 3034
898 1213
899 1644
902 903
905 2524
905 2523
908 3296
908 2825
908 1127
910 961
910 2325
910 910
911 2593
911 1410
911 3075
911 3076
911 2917
911 925
911 3074
911 911
911 1552
911 2424
911 3077
912 3207
912 1801
912 1008
912 913
912 1667
912 1210
913 1209
913 914
914 2887
914 1803
914 1752
914 2389
914 2074
914 2421
916 1128
916 947
916 917
916 1660
916 958
917 3139
917 918
917 919
918 1128
918 918
918 1463
918 958
919 1128
919 1660
919 958
920 1785
920 921
921 1785
922 1529
923 924
923 3831
924 2300
924 3966
924 1382
924 2299
925 1154
925 1924
925 2054
925 3211
925 2321
925 926
925 1591
925 3519
925 2884
925 1989
925 3784
925 1353
925 2274
925 2674
925 3064
925 3195
927 1088
927 1772
927 3470
927 1630
930 952
930 3978
931 931
931 932
931 1031
932 2199
934 3379
934 3003
935 936
936 937
936 2997
938 970
938 971
938 972
938 973
938 974
938 1456
941 1953
941 1602
941 1703
941 941
941 942
941 1909
941 1115
942 1104
942 2740
942 1909
943 944
944 945
946 947
947 4018
947 1870
947 1873
947 1655
947 1812
947 3066
947 1210
948 969
948 1548
948 3342
948 949
948 1403
949 950
949 3921
949 1353
949 3661
949 3760
949 2865
949 951
949 2948
949 2207
952 3840
952 1914
952 2606
952 2192
952 1491
952 2326
952 1913
952 953
952 954
952 955
952 956
952 957
955 3497
955 2896
955 3733
955 2588
956 2283
956 1397
957 1002
957 957
957 1022
958 1623
958 958
960 960
961 2841
961 978
961 3252
963 1450
963 964
963 3518
964 1451
964 1533
965 965
965 966
965 1005
965 1070
965 2735
965 2736
965 2737
965 991
966 3151
966 2367
966 967
969 1537
969 1133
970 972
971 1264
971 1262
971 1263
971 1115
971 1884
972 1284
972 972
972 3938
972 1173
974 3553
974 2215
974 974
974 2964
974 2218
976 977
977 978
978 3778
978 1156
978 2088
978 3596
978 3005
978 1944
978 3770
978 2845
980 2889
980 2716
980 981
981 3926
983 1456
984 1928
984 1743
984 1842
984 1843
984 2996
984 1814
984 1177
984 1115
985 1730
985 1187
985 1456
985 3469
985 1520
985 1081
985 3966
986 3200
986 1289
986 3467
986 2712
986 1820
986 2083
986 2716
986 4011
986 2481
986 1203
986 1460
986 1592
986 1722
986 4029
986 1343
986 3266
986 2757
986 2637
986 3538
986 2007
986 987
986 1270
988 2400
988 3553
988 1000
988 1523
988 1941
988 2711
988 1913
988 1914
988 989
988 2517
989 990
989 991
991 3458
991 2571
991 1818
991 2332
991 1243
991 1959
991 2099
991 2881
991 2764
991 3149
991 3151
991 2384
991 1883
991 2014
991 2913
991 1250
991 1513
991 2924
991 3957
991 2686
992 1784
992 993
992 1785
992 1791
993 1448
996 2335
996 997
997 1698
998 999
999 1733
1000 1001
1000 1002
1000 1003
1001 1482
1001 2100
1002 1538
1002 1131
1002 3084
1002 2190
1002 2576
1002 1683
1002 2414
1002 2966
1002 1818
1002 1819
1002 1316
1002 1702
1002 2215
1002 2217
1002 1594
1002 1603
1002 3653
1002 3783
1002 1352
1002 1353
1002 2956
1002 1364
1002 1294
1002 1371
1002 3164
1002 2909
1002 1379
1002 1771
1002 1006
1002 2036
1002 1141
1002 2806
1002 2814
1003 3045
1005 3599
1005 1006
1005 1243
1005 2047
1006 1008
1006 1007
1008 1157
1008 3207
1008 4023
1008 1022
1009 3431
1009 3494
1009 1702
1009 1352
1009 3207
1009 1326
1009 3344
1009 1009
1009 2998
1009 3876
1009 3544
1009 1657
1009 1115
1009 3805
1012 1012
1012 1013
1012 1014
1012 1015
1013 1798
1013 2571
1013 2830
1013 2454
1013 3096
1013 2585
1013 1696
1013 3362
1013 2855
1013 1448
1013 3372
1013 4014
1013 1712
1013 2353
1013 1845
1013 3255
1013 3909
1013 1099
1013 1883
1013 2533
1013 2918
1013 2152
1013 3822
1013 3698
1013 1523
1013 1525
1013 2038
1013 1145
1013 2942
1014 3362
1015 1523
1017 2400
1020 1843
1020 1021
1022 3151
1022 1023
1023 1120
1023 1121
1023 3719
1023 2989
1023 2802
1023 2654
1025 1564
1026 1027
1028 1029
1028 2151
1031 3553
1031 3399
1031 3310
1031 1713
1031 2836
1032 2836
1033 2736
1033 3966
1035 1036
1036 1036
1036 2571
1036 1644
1036 1398
1038 2822
1039 1813
1040 1040
1041 3785
1041 1042
1041 1532
1042 2729
1042 2818
1042 1043
1042 2027
1043 1189
1043 1190
1043 1192
1043 1532
1045 1046
1045 1599
1046 4030
1046 1047
1046 1048
1046 1049
1048 2571
1048 3212
1049 1217
1049 2855
1049 2653
1049 1599
1051 1052
1051 1053
1052 3200
1052 3439
1052 3428
1052 2854
1052 1769
1052 2735
1052 3538
1052 1203
1052 2716
1052 2717
1054 1055
1055 2251
1055 1242
1056 1057
1056 2555
1056 1247
1058 1059
1058 1060
1058 1061
1058 1062
1058 1063
1058 2201
1059 1060
1059 1061
1059 1062
1059 2501
1059 1197
1059 3771
1060 1061
1060 1063
1060 2888
1060 1197
1060 1200
1060 2531
1060 3129
1060 1116
1060 3229
1061 1061
1061 1063
1061 3688
1061 2255
1061 3707
1061 1117
1062 1196
1062 1197
1062 1118
1062 1116
1063 3496
1063 1196
1063 1200
1063 1117
1067 2985
1067 1518
1070 1698
1071 1071
1072 1360
1072 3695
1073 1303
1073 3871
1073 2338
1073 2339
1073 2998
1073 3006
1073 3008
1073 1887
1073 2659
1073 2404
1073 1644
1074 1096
1074 1686
1075 3710
1076 2036
1078 3264
1078 1079
1079 3137
1082 1664
1082 1770
1082 1083
1082 3436
1084 1612
1084 2703
1084 1086
1084 3606
1084 3449
1084 1084
1084 1085
1084 2462
1085 3143
1085 1163
1085 2369
1085 1086
1085 3449
1085 1209
1085 1215
1085 1085
1085 2206
1086 3143
1086 1771
1086 3950
1086 1209
1086 3449
1086 1754
1086 2206
1086 1215
1087 1088
1088 2848
1088 3488
1088 1987
1088 3511
1088 2183
1088 1706
1088 2503
1088 2573
1088 1115
1088 3987
1088 3221
1088 3382
1088 1719
1088 3481
1088 1754
1088 3207
1089 1089
1089 1090
1089 1653
1089 3927
1089 1724
1091 1092
1091 3422
1091 2215
1094 1094
1097 1098
1097 3323
1097 1821
1099 1712
1101 1102
1101 1148
1101 1149
1101 1150
1101 1151
1102 1103
1104 1953
1104 1602
1104 2919
1109 2411
1109 2412
1109 1486
1112 1113
1112 4012
1112 1282
1112 1607
1113 3151
1113 2367
1114 1115
1114 1614
1115 1294
1115 3544
1115 1188
1115 2349
1115 2482
1115 1842
1115 1843
1115 2486
1115 3540
1115 3541
1115 3542
1115 3543
1115 3545
1115 1115
1116 1196
1116 1116
1116 1117
1116 1118
1117 1196
1117 1200
1117 2201
1117 1118
1118 2045
1118 2331
1119 1560
1120 1121
1121 3881
1121 3303
1121 3017
1121 1387
1121 2989
1121 3575
1121 3604
1122 1123
1124 1124
1124 1125
1124 1550
1124 2709
1125 1126
1126 3064
1126 1247
1128 2752
1128 1129
1130 1131
1131 1926
1131 2407
1131 1518
1132 1132
1132 1133
1132 2132
1133 3883
1133 1875
1133 2143
1133 2175
1134 1957
1134 1958
1134 1959
1134 1724
1134 1135
1134 1650
1134 2716
1135 2508
1136 1137
1136 2761
1137 2761
1137 1837
1138 3523
1138 1388
1138 1862
1139 1141
1139 1142
1139 1140
1140 3203
1140 1801
1140 3312
1140 1142
1141 3043
1141 3501
1141 3111
1141 1928
1141 2217
1141 1964
1141 2669
1141 2639
1141 2576
1141 2964
1141 2036
1141 2586
1141 1819
1141 1660
1141 1757
1142 3452
1142 1725
1143 3518
1144 2215
1145 1146
1145 1147
1146 1147
1149 1703
1153 1153
1153 3047
1153 1722
1155 3349
1156 2733
1156 4029
1157 1638
1157 2406
1157 3347
1157 1564
1157 2256
1157 1172
1157 3189
1157 3517
1157 3166
1159 1565
1159 1562
1159 1563
1159 1564
1161 1912
1161 2481
1161 1162
1161 3455
1162 1162
1162 1163
1162 1164
1164 2866
1164 2149
1165 2595
1165 1166
1167 1168
1167 1961
1167 2526
1169 1169
1170 3860
1170 2118
1170 2998
1171 3342
1172 3275
1173 2563
1173 1511
1173 1174
1175 1176
1175 2868
1177 1178
1178 2801
1179 2248
1179 1180
1179 3958
1182 1183
1185 1185
1187 2302
1188 1188
1188 1768
1188 1263
1188 2747
1189 1190
1189 1191
1189 2398
1190 1192
1190 2761
1190 2027
1190 3824
1190 1532
1191 1192
1194 1298
1194 1195
1194 1780
1196 1296
1196 1200
1197 3720
1197 1200
1198 4047
1198 1199
1200 2531
1200 1294
1200 1629
1200 1780
1201 1202
1201 1491
1202 1203
1203 1203
1203 1652
1204 1205
1207 1208
1209 1475
1209 2025
1209 3226
1209 1210
1210 1811
1210 2991
1211 1212
1212 1393
1212 1212
1212 1213
1212 3550
1213 3331
1213 3910
1213 3434
1213 1421
1213 3629
1213 1539
1214 1282
1214 3691
1214 2472
1214 1706
1214 3511
1214 2700
1214 1806
1214 3729
1214 1463
1214 3866
1214 1820
1214 1949
1214 1214
1215 3655
1215 3017
1215 3634
1215 2104
1215 3449
1215 3707
1215 2206
1217 1217
1217 1218
1217 1483
1217 1484
1217 1485
1217 1486
1220 1220
1221 1806
1221 2127
1222 1240
1222 1241
1222 1243
1222 1242
1223 1766
1223 2472
1223 1513
1223 1456
1224 1375
1225 1226
1225 1227
1226 2881
1227 1366
1227 1503
1228 3378
1228 3135
1229 2536
1229 2570
1229 1230
1232 1233
1232 2782
1233 1234
1234 2284
1236 1237
1236 1238
1237 1353
1237 3631
1237 3633
1237 3570
1237 1237
1237 2716
1238 3102
1238 1591
1242 2092
1242 3269
1242 1403
1243 3333
1243 3342
1243 2487
1243 3128
1243 1609
1243 1370
1243 2407
1244 1454
1246 1248
1246 1249
1246 1250
1246 1251
1246 1606
1246 1246
1246 1247
1247 3490
1247 1731
1247 1252
1247 1829
1247 3113
1247 2155
1247 1606
1247 1615
1247 2416
1247 2770
1247 3731
1247 1844
1247 2038
1247 3045
1247 1599
1248 2178
1248 2946
1248 2654
1248 1271
1249 1250
1250 2120
1251 1251
1251 3853
1253 1254
1253 2895
1254 2977
1254 1668
1254 1254
1254 1707
1254 3314
1254 2259
1254 1851
1256 1256
1259 3841
1260 3235
1261 2182
1262 2320
1262 1353
1262 1997
1262 1262
1262 1263
1262 1456
1262 1806
1262 1564
1263 2791
1263 1353
1263 1997
1263 1456
1263 1564
1263 3549
1264 3955
1264 1264
1264 1269
1266 1267
1267 1777
1268 1269
1271 1272
1272 3862
1272 1819
1272 1964
1272 3631
1272 1722
1272 1723
1272 2132
1272 1757
1272 1758
1272 3043
1272 3044
1272 3045
1272 3046
1272 3047
1272 1650
1272 1652
1273 1274
1275 3780
1275 2322
1275 2323
1275 2324
1275 1276
1276 1347
1276 2524
1276 3483
1276 2041
1279 3008
1279 3363
1279 2291
1281 1282
1282 1806
1282 1686
1282 1949
1282 1950
1282 2356
1282 1592
1282 1758
1282 3147
1282 2232
1282 3934
1282 2798
1284 2563
1284 1285
1284 1319
1284 3409
1284 2772
1287 1288
1289 2716
1293 3739
1293 3740
1294 3183
1297 2659
1297 2660
1297 2661
1297 2662
1297 3275
1298 1298
1300 1300
1301 1301
1301 1302
1302 2784
1303 2338
1303 1644
1303 1304
1303 1843
1305 3764
1305 1306
1305 2716
1305 2526
1307 1308
1308 1309
1311 3453
1316 1317
1316 2568
1316 2569
1316 3064
1316 2213
1320 1321
1320 1322
1320 1323
1320 1324
1322 2451
1327 1328
1327 1329
1327 1330
1332 2301
1334 1840
1335 2234
1335 3923
1336 1337
1338 2627
1339 1340
1339 1341
1339 2940
1339 2602
1341 2215
1343 2071
1344 1345
1344 1346
1347 3483
1349 2407
1349 2353
1349 1686
1349 1916
1350 2436
1352 4028
1353 3851
1353 1999
1353 2417
1353 1354
1353 1355
1353 1356
1353 1357
1353 1360
1353 1358
1353 1359
1356 1356
1357 3352
1360 1927
1361 2710
1363 1364
1364 3796
1365 1366
1366 2789
1366 1747
1366 1367
1366 3161
1367 3610
1367 3479
1367 2985
1369 1979
1369 1370
1370 1463
1372 1372
1372 1373
1374 2739
1374 1375
1375 1766
1375 1375
1376 1377
1377 1378
1378 3721
1379 1379
1379 1381
1379 1382
1379 3528
1379 3281
1379 1380
1380 3426
1380 2318
1380 2319
1380 1526
1380 1623
1381 1381
1381 2793
1381 3281
1382 2645
1382 2299
1384 1385
1384 2738
1384 1758
1385 2898
1386 2443
1386 2151
1386 3115
1386 2708
1386 3834
1386 1983
1389 1390
1392 2173
1393 2693
1393 2727
1393 1394
1393 3550
1394 3432
1394 2498
1394 2495
1395 1396
1396 2780
1397 3637
1397 1398
1397 1399
1397 1400
1397 1397
1398 1866
1398 2613
1398 1402
1399 1425
1399 1410
1400 1400
1400 3448
1401 2250
1403 2909
1403 1403
1403 1404
1403 1405
1404 3131
1404 3268
1405 1405
1406 1407
1408 1409
1409 1409
1409 2196
1409 2877
1410 3216
1410 1411
1410 1412
1410 1520
1410 3559
1410 2551
1413 3173
1413 3181
1415 1416
1415 1417
1415 1415
1416 2112
1416 2377
1417 2366
1418 1418
1419 1420
1422 2352
1422 1448
1422 2476
1422 3534
1422 1423
1424 1513
1424 1514
1424 1515
1424 1516
1424 1424
1424 1425
1425 1426
1427 1428
1428 1429
1428 1430
1429 1430
1432 1896
1432 1433
1433 1434
1434 2446
1434 2529
1435 3204
1436 2256
1437 1438
1437 1439
1439 1818
1440 1441
1443 1444
1446 3100
1446 1447
1448 3141
1448 1449
1448 2476
1448 3473
1448 3476
1449 3131
1450 1451
1450 1452
1451 1755
1451 1533
1452 1804
1452 1803
1452 1698
1454 1455
1456 1691
1456 1564
1458 2586
1458 1459
1461 1462
1461 1463
1462 3688
1462 1463
1463 1703
1463 2249
1464 1465
1465 1466
1466 2567
1467 1932
1467 2188
1467 1468
1467 2037
1470 1471
1471 1472
1471 1473
1474 1844
1474 2716
1476 1477
1477 2153
1477 2971
1477 1589
1478 1479
1480 1481
1480 1659
1480 1964
1481 3185
1483 2330
1484 2372
1486 3587
1486 4007
1486 1635
1486 2037
1486 3487
1487 1488
1488 2571
1488 2298
1489 1724
1489 1490
1490 1723
1490 1733
1491 2881
1491 3618
1491 2148
1491 3620
1491 1492
1491 2358
1491 2772
1493 1493
1494 1494
1494 1495
1500 2437
1500 2812
1500 1501
1500 2837
1502 1502
1502 1518
1503 1503
1505 1506
1505 2670
1505 3184
1505 2126
1506 1747
1506 1907
1506 1670
1507 1507
1508 3300
1508 1509
1508 2247
1508 2771
1508 3070
1509 1510
1511 3601
1511 3574
1513 2420
1518 2407
1518 2633
1518 2231
1518 2010
1518 2939
1518 2271
1520 1521
1520 2581
1522 2319
1523 2914
1523 3780
1523 4030
1523 1711
1523 1712
1526 1623
1527 1528
1530 1531
1534 1535
1537 1537
1537 2672
1537 3604
1539 3331
1539 1540
1539 2918
1539 3434
1539 3629
1541 3534
1541 1541
1541 3006
1542 2287
1543 1544
1545 1546
1546 3336
1546 3610
1547 2232
1547 2836
1548 2851
1548 3140
1548 1927
1548 1928
1549 3176
1549 2009
1549 1549
1549 2374
1550 1643
1550 3694
1551 1552
1552 2593
1552 3130
1553 3769
1553 1554
1554 1555
1556 3489
1556 1556
1557 3489
1557 3838
1558 1558
1558 1559
1560 1561
1560 3636
1561 2876
1562 1820
1562 3980
1562 1563
1562 1564
1562 1565
1562 1566
1563 1564
1563 1565
1564 1578
1564 2186
1564 1564
1564 1565
1567 1567
1569 1570
1570 1571
1571 1694
1573 1574
1574 2416
1575 1903
1578 3938
1579 1580
1581 1974
1581 1582
1583 1584
1584 1585
1588 3795
1589 4038
1589 3405
1589 2611
1589 1590
1589 1591
1591 3147
1591 3275
1591 1591
1594 3314
1595 2690
1595 1596
1596 1596
1596 1597
1599 2400
1601 1928
1601 2430
1602 1953
1602 2213
1602 2740
1604 2889
1604 3202
1604 2327
1607 1608
1607 1609
1607 1607
1607 4046
1607 3151
1607 1816
1607 2367
1608 1883
1609 3151
1611 3449
1611 3618
1611 1611
1611 1612
1611 2206
1612 3655
1613 3319
1613 1613
1614 2219
1614 2220
1614 2413
1614 1615
1614 1616
1614 3729
1614 1653
1614 2223
1614 2204
1614 2077
1614 3198
1614 1717
1617 1618
1618 3505
1619 2601
1619 1620
1619 1767
1620 1621
1622 2246
1623 2752
1624 1625
1624 1626
1627 1628
1628 1629
1629 1780
1630 1921
1630 1922
1630 1923
1630 1924
1630 1631
1630 1630
1632 1634
1634 4039
1635 2495
1637 2248
1637 2669
1637 1646
1638 3207
1638 3246
1638 2951
1640 1641
1642 3164
1642 2073
1643 1644
1644 2338
1644 2404
1644 2501
1644 2339
1644 3724
1644 3871
1644 3006
1644 1887
1646 1647
1647 3630
1648 2744
1648 1649
1648 2380
1650 1651
1651 1652
1652 2030
1652 3258
1653 1957
1653 1723
1653 1724
1655 1656
1662 3650
1663 3678
1663 2526
1663 2502
1663 2559
1664 3601
1664 2350
1664 2158
1667 1777
1667 2178
1667 2443
1667 2247
1668 2607
1668 2257
1668 2258
1668 2259
1668 2260
1668 1753
1668 2171
1668 2172
1671 1672
1671 3186
1671 3931
1671 3932
1671 1743
1673 3207
1673 1674
1673 1843
1673 3352
1678 2040
1679 1680
1679 1681
1680 1681
1681 1990
1686 2508
1686 2509
1686 2835
1686 2136
1686 2489
1686 1691
1686 2507
1688 2205
1689 1690
1691 3362
1691 2472
1691 1802
1691 1691
1691 2780
1693 3276
1693 1693
1693 1694
1694 1889
1697 4004
1698 2272
1700 1701
1702 1703
1702 1704
1702 2574
1703 3584
1703 3460
1703 2545
1703 1810
1703 3924
1703 3972
1703 1820
1703 2109
1704 3876
1704 2956
1704 3992
1705 1783
1706 3280
1707 1766
1707 2830
1707 1843
1709 1710
1709 2143
1713 3848
1713 1714
1714 2914
1715 1716
1716 1880
1716 3983
1717 2205
1720 1767
1721 2408
1721 2268
1722 3043
1722 3047
1722 1964
1722 2416
1723 3425
1723 3045
1723 1958
1723 1724
1724 1958
1727 1727
1729 1730
1731 2946
1731 1732
1731 3214
1732 1733
1732 2367
1733 1792
1733 2368
1733 2132
1734 1734
1737 3427
1737 1738
1737 1739
1737 1740
1737 1741
1737 1904
1737 3451
1737 2461
1738 3808
1738 3427
1738 1739
1738 1740
1738 1741
1738 1904
1738 3451
1739 1856
1739 3427
1739 1740
1739 1741
1739 1904
1739 3451
1740 1856
1740 3427
1740 1741
1740 1904
1740 3451
1741 3427
1741 1904
1741 3451
1742 2267
1742 1743
1744 1745
1744 1746
1744 3369
1745 3120
1745 3883
1745 2983
1746 3345
1746 3037
1747 2902
1748 1749
1752 1843
1752 2421
1752 1752
1752 1753
1752 2878
1754 3660
1754 2462
1756 3208
1756 3129
1756 1778
1756 3707
1757 3043
1757 3046
1757 3848
1757 1965
1757 2205
1757 1758
1758 3875
1758 3046
1758 1928
1760 1761
1763 3440
1763 1764
1766 1766
1766 2472
1766 2514
1771 1801
1771 1772
1772 2430
1773 1774
1773 1775
1774 1776
1774 1775
1775 3608
1775 2910
1777 3178
1777 1778
1777 1779
1777 1780
1777 2900
1777 2623
1778 2213
1778 3178
1778 2991
1778 1778
1778 3450
1780 2437
1780 1868
1781 1782
1784 1785
1785 2952
1785 3636
1785 1928
1786 1787
1790 1791
1791 2772
1791 3341
1792 1793
1792 1795
1792 1794
1793 2140
1793 2668
1794 1794
1795 2517
1796 1797
1797 3752
1799 2063
1799 2533
1799 1799
1801 1984
1801 3207
1801 3902
1801 2462
1803 2840
1804 3918
1805 2883
1805 1806
1805 1807
1805 2646
1806 2477
1806 2660
1806 2102
1806 2232
1806 3257
1806 1949
1807 2498
1807 2495
1808 1809
1808 2363
1809 1810
1810 1810
1810 3677
1812 1919
1814 2060
1814 2061
1814 1815
1815 2276
1815 2277
1816 3151
1817 2644
1818 2956
1818 3641
1819 3046
1819 2154
1820 2334
1822 1823
1824 1825
1825 1978
1825 2788
1825 2167
1826 1827
1830 1831
1831 3455
1832 2435
1832 2853
1832 1833
1832 1834
1832 4045
1832 4027
1832 2970
1832 3461
1833 4027
1833 1834
1833 2435
1833 2853
1834 3915
1834 2435
1834 2468
1835 1836
1837 2821
1837 1866
1837 2671
1837 4018
1837 3034
1838 1839
1842 1842
1842 1843
1843 2639
1843 2640
1843 2036
1843 2421
1843 2037
1844 3584
1844 3334
1844 3850
1844 2830
1844 3087
1844 3472
1844 3631
1844 2845
1844 2718
1844 2465
1844 2985
1844 3114
1844 2735
1844 1844
1844 2102
1844 3471
1844 2531
1846 3648
1846 3524
1846 3053
1847 2306
1848 2618
1849 1850
1849 3643
1851 1852
1856 3427
1856 1904
1856 2935
1857 1857
1857 3388
1858 1859
1862 1863
1862 1864
1862 1865
1864 3555
1865 3947
1865 3205
1870 2769
1871 3393
1872 1873
1878 1879
1881 1882
1881 2149
1881 3277
1883 1884
1884 2100
1884 2101
1884 2102
1884 2072
1884 1884
1885 2084
1885 1996
1885 3503
1885 1886
1886 3838
1887 2338
1887 3871
1890 2472
1890 1891
1892 1893
1893 2751
1896 1904
1896 1902
1896 1897
1896 1898
1896 1899
1896 1900
1896 1901
1896 1903
1898 3943
1900 1900
1900 2349
1903 3140
1903 3624
1903 2271
1904 3427
1904 3451
1905 1906
1906 2558
1907 2753
1907 2342
1907 3144
1907 2670
1907 3640
1909 1910
1910 2944
1910 1953
1910 2181
1910 2399
1911 1911
1913 1914
1914 1914
1916 3715
1916 1917
1917 2554
1917 1918
1918 3604
1918 3327
1919 1920
1921 2955
1924 2639
1925 2526
1926 1927
1926 1928
1926 1929
1927 2516
1927 2389
1927 3677
1928 3140
1928 2956
1928 2516
1930 1931
1932 1933
1933 2498
1933 3364
1933 3365
1933 2926
1941 1942
1941 1943
1943 3326
1945 1946
1947 1948
1949 2648
1951 2079
1951 2579
1952 1952
1953 1954
1953 2181
1953 2740
1955 1956
1957 1958
1957 1959
1958 1959
1959 2828
1961 1962
1961 1963
1963 3400
1964 3043
1964 3495
1964 2931
1965 3272
1970 1970
1970 1971
1970 2589
1971 3792
1972 2458
1972 1973
1972 1974
1974 3630
1974 2962
1975 1976
1977 1978
1981 1982
1990 1991
1993 2328
1994 3036
1994 2549
1995 2432
1996 2169
1996 3612
1997 1998
2000 2001
2000 2002
2001 4047
2001 3220
2001 3255
2001 2772
2004 2005
2006 2006
2007 2008
2007 2823
2009 2009
2009 2010
2010 2010
2012 2013
2015 2016
2017 2018
2019 2338
2019 2020
2021 2022
2021 2023
2022 3779
2028 2029
2030 2031
2030 2032
2032 4021
2034 2944
2034 2035
2034 2943
2035 2036
2035 2037
2035 2038
2036 3138
2036 4015
2036 2352
2036 3094
2036 2038
2036 2943
2036 3326
2039 2365
2041 2042
2041 2479
2042 2043
2052 2053
2056 3342
2058 3427
2058 2059
2061 3212
2066 2067
2066 2066
2067 2416
2068 2069
2071 2072
2072 3375
2076 2440
2078 2079
2080 2080
2080 2081
2082 2083
2082 3421
2083 2979
2083 2247
2084 2084
2085 2540
2085 3508
2085 3509
2085 2086
2088 2089
2089 2842
2092 3369
2092 2666
2092 2092
2092 2093
2092 2094
2092 2095
2092 2096
2093 2620
2094 3172
2094 3764
2097 2097
2098 2099
2104 3792
2105 2401
2105 2106
2105 2515
2109 2488
2109 2110
2110 2110
2111 2111
2112 3205
2116 3970
2116 2117
2116 3782
2116 2139
2116 2591
2117 2562
2118 2998
2119 2120
2122 2123
2126 3243
2127 2128
2127 2129
2128 3802
2132 3808
2132 2472
2132 2133
2132 2367
2135 2136
2141 2142
2144 2368
2144 2145
2144 2146
2144 2373
2144 2215
2145 2146
2145 3943
2145 3239
2146 2215
2150 3701
2153 2154
2154 2155
2161 3107
2161 2162
2161 2163
2161 2605
2161 2598
2162 2163
2162 2164
2164 2739
2164 3556
2167 3148
2169 2248
2169 2170
2171 3465
2171 2259
2171 2260
2171 2172
2171 2173
2172 2257
2172 2258
2172 2259
2173 2257
2173 2258
2173 2259
2178 2946
2178 3056
2178 3089
2178 2395
2182 3147
2186 2186
2186 2187
2188 2188
2188 2189
2189 3888
2189 3650
2189 3887
2190 2191
2192 3497
2192 2193
2192 2579
2192 3733
2192 2873
2193 2618
2193 3035
2194 2195
2195 3324
2203 3238
2205 3685
2206 3449
2207 2208
2207 3670
2209 2210
2215 2216
2215 2217
2215 2218
2217 2454
2221 2221
2223 3883
2224 2225
2225 2398
2226 2227
2228 2229
2232 2881
2232 2437
2232 2335
2235 2236
2239 2306
2241 2242
2242 3656
2244 2244
2244 2245
2245 2245
2247 3504
2248 2249
2248 2605
2249 3453
2252 2253
2255 3472
2255 2675
2256 2256
2257 2258
2257 2259
2257 2260
2258 2260
2259 2268
2261 2418
2261 2262
2264 2265
2267 2268
2268 3856
2270 2271
2271 2708
2271 2804
2271 2271
2272 2273
2273 2716
2274 3430
2280 2281
2280 3627
2282 2283
2283 2283
2283 3116
2283 3117
2283 2574
2283 3547
2284 3534
2293 2294
2295 2295
2299 2636
2303 2304
2305 3820
2310 3745
2311 2985
2313 2596
2313 2702
2322 2323
2322 3780
2322 2324
2323 3780
2323 2324
2323 2843
2324 3780
2324 2962
2327 2327
2328 3712
2328 3553
2328 2341
2328 2857
2328 2329
2330 2969
2330 2348
2331 2448
2331 2449
2333 2334
2334 3693
2335 2336
2335 3316
2335 3317
2338 2339
2338 2404
2338 3871
2338 3006
2339 2746
2342 2343
2343 3640
2344 2345
2345 2882
2347 2347
2347 2348
2347 2645
2353 2985
2353 2891
2355 2760
2357 2518
2357 2358
2358 3227
2359 2360
2367 2368
2367 2369
2369 3434
2370 2578
2370 2371
2371 3219
2372 2732
2374 3176
2374 2375
2375 3176
2375 3024
2375 2836
2375 2967
2375 2968
2375 2427
2379 2379
2381 2382
2382 3565
2383 2384
2383 3967
2384 2905
2385 2386
2385 3739
2385 3740
2385 2858
2387 2612
2387 3146
2387 2388
2390 3247
2391 2392
2394 3842
2396 2397
2398 3040
2398 3277
2400 2400
2400 2401
2400 2402
2402 3250
2404 3871
2405 4030
2407 2436
2408 2408
2409 2410
2413 2414
2415 3758
2416 3043
2417 3012
2417 2526
2419 3707
2423 2424
2423 3003
2425 2974
2427 3024
2427 2836
2427 2967
2427 2968
2428 3438
2428 3439
2428 3034
2429 2430
2432 2433
2435 4027
2436 3140
2436 2577
2436 3487
2442 3320
2442 2492
2443 2444
2444 3464
2444 2685
2447 2448
2447 3163
2448 2449
2452 3810
2452 2453
2453 3569
2458 2458
2458 2459
2464 2465
2465 2735
2466 2467
2467 3595
2471 2472
2472 3018
2472 3147
2473 2473
2476 3466
2476 3196
2476 2477
2477 2697
2478 2492
2478 2479
2481 2482
2484 2985
2487 2892
2487 3156
2487 2488
2488 2488
2488 2892
2489 2616
2489 2490
2490 3966
2492 3812
2493 2493
2493 2494
2493 3183
2495 2496
2495 2497
2495 2500
2495 2501
2495 2498
2495 2499
2495 2495
2498 3306
2498 3031
2498 3032
2498 3033
2501 2557
2504 2505
2504 3696
2505 2506
2506 3696
2514 3873
2516 3426
2516 3094
2517 2518
2518 3520
2518 3100
2520 2521
2523 2524
2526 2528
2526 2529
2526 2530
2526 2526
2526 2527
2526 2716
2527 2716
2530 3001
2531 2739
2534 2535
2537 2538
2538 2539
2542 2543
2543 2790
2546 2547
2546 3994
2547 3048
2547 3994
2548 2549
2550 3634
2552 2552
2553 2554
2554 3553
2554 3720
2555 3922
2555 3662
2556 2557
2558 3832
2559 3841
2562 2986
2564 3947
2564 3564
2565 3922
2568 2569
2569 2775
2571 2912
2571 3893
2576 3692
2580 3140
2582 2583
2585 2586
2587 2716
2588 2739
2588 2588
2588 2589
2588 2590
2589 3114
2589 2589
2590 3164
2596 3532
2597 2597
2605 2606
2607 2608
2609 2610
2612 2858
2612 3836
2614 2615
2617 3925
2618 3659
2621 2621
2622 2623
2625 2626
2627 2627
2629 2630
2633 3036
2639 3140
2639 3278
2639 3061
2639 3096
2639 3707
2643 2644
2645 3630
2646 3277
2646 2647
2647 3956
2653 4030
2654 3190
2655 2656
2656 2657
2658 3978
2658 3147
2660 2866
2660 3275
2661 3275
2661 3055
2662 3315
2664 2665
2670 2671
2671 2753
2672 3348
2682 3503
2688 2689
2698 2699
2704 3624
2705 2706
2716 3976
2716 2716
2716 2717
2716 2718
2716 2719
2716 2720
2716 2721
2716 2722
2717 2960
2719 3288
2722 3990
2723 2724
2727 2728
2727 3456
2727 3457
2732 2732
2733 2734
2737 3681
2737 3682
2737 3683
2737 2737
2746 2746
2748 3819
2748 2749
2748 2885
2749 2750
2753 2821
2754 2755
2755 3702
2757 2758
2758 2905
2758 3342
2761 3001
2762 2762
2762 3554
2763 3413
2766 3886
2766 2767
2768 2768
2772 2773
2772 2774
2772 2775
2777 2778
2780 3114
2780 2780
2784 2785
2786 2786
2786 2787
2794 2795
2797 2798
2799 2800
2800 3591
2800 3756
2801 3426
2808 2808
2812 3484
2812 3581
2812 2836
2812 2837
2812 3439
2812 2813
2813 2837
2813 3581
2815 2816
2815 2815
2819 2820
2823 2824
2833 2834
2836 3024
2836 2967
2836 2968
2837 3484
2838 2839
2846 2847
2849 2852
2849 2850
2850 2851
2850 2852
2851 2851
2855 2978
2858 2904
2859 2860
2862 3824
2867 2868
2872 3025
2881 2882
2882 3356
2885 3819
2886 2887
2889 2890
2889 3246
2891 2954
2893 2894
2895 2896
2902 2903
2905 3487
2906 2906
2907 3464
2909 2909
2911 3436
2917 3778
2918 3839
2919 2920
2920 3493
2920 3342
2921 3966
2922 3630
2926 3365
2926 2927
2926 2926
2927 3342
2928 2929
2933 2934
2943 2944
2943 2989
2944 3307
2946 2947
2952 3636
2957 2958
2958 3692
2963 2964
2963 3615
2964 2964
2965 2966
2967 2968
2967 3024
2968 3024
2976 2976
2976 2977
2978 2978
2994 2995
2999 3000
3000 3419
3000 3973
3001 3001
3004 3005
3004 3004
3008 3009
3008 3010
3008 3272
3010 3272
3011 3012
3014 3014
3014 3015
3015 4044
3016 3452
3018 3399
3020 3021
3022 3023
3024 3024
3028 3029
3038 3039
3043 3047
3043 3067
3045 3045
3045 3046
3046 3633
3058 3059
3063 3063
3068 3070
3068 3069
3071 3072
3075 3075
3075 3076
3076 3162
3081 3082
3091 3092
3091 3093
3094 3095
3095 3302
3096 3097
3098 3542
3099 3100
3100 3101
3100 3102
3100 3103
3103 3897
3106 3106
3108 3109
3113 3633
3113 3631
3114 3584
3115 3883
3116 3356
3121 3121
3121 3122
3126 3127
3128 3707
3141 3142
3143 3449
3149 3342
3151 3152
3154 3586
3154 3155
3158 3159
3160 3161
3167 3168
3168 3169
3168 3918
3176 3177
3182 3183
3187 3188
3188 3825
3190 3191
3192 3193
3194 3195
3200 3201
3203 3204
3203 3205
3211 3212
3212 3213
3216 3216
3216 3217
3216 3218
3216 3219
3217 3218
3218 3219
3222 3223
3227 3553
3229 3230
3231 3232
3241 3242
3243 3244
3247 3895
3247 3293
3248 3252
3251 3811
3251 3252
3251 3253
3252 3811
3252 3751
3252 3253
3253 3253
3253 3811
3254 3254
3262 3889
3262 3263
3279 3382
3281 3281
3281 3282
3282 3687
3285 3286
3291 3291
3293 3340
3296 3297
3298 3299
3299 3299
3302 3302
3302 3303
3306 3306
3310 3311
3328 3328
3332 3333
3333 3551
3334 3335
3337 3338
3341 3342
3342 3369
3342 3888
3342 3913
3342 3906
3342 3903
3342 3904
3342 3905
3342 3650
3342 3657
3342 3572
3349 3350
3352 3686
3358 3358
3360 3361
3364 3864
3364 3365
3365 4004
3365 3864
3369 3849
3369 3455
3370 3371
3373 3374
3378 3408
3380 3381
3382 3383
3387 3387
3390 3391
3396 3396
3396 3430
3397 3398
3404 3705
3412 3609
3413 3414
3416 3417
3427 3451
3428 3429
3428 3631
3433 3434
3434 3435
3441 3442
3445 3446
3446 3727
3447 3447
3449 3449
3453 3963
3454 3764
3455 3918
3462 3463
3486 3487
3489 3489
3503 3503
3505 3506
3512 3914
3514 3515
3526 3527
3528 3529
3530 3801
3533 3534
3534 3535
3536 3537
3538 3990
3560 3561
3568 3568
3571 3572
3573 3574
3576 3577
3578 3643
3589 3590
3601 3707
3606 3656
3606 3607
3609 3620
3621 3622
3623 3624
3624 3898
3628 4004
3631 3631
3631 3632
3631 3633
3644 3645
3646 3647
3651 3651
3656 3657
3657 3657
3665 3666
3668 3735
3673 3673
3674 3675
3677 3677
3678 3678
3679 3680
3688 3689
3688 3690
3696 3697
3703 3704
3707 3707
3708 3709
3716 3717
3720 3721
3727 3728
3727 3767
3735 4008
3739 3740
3740 4042
3740 4043
3740 3740
3742 3743
3743 3744
3748 3749
3753 3754
3759 3759
3765 3766
3768 3768
3772 3773
3776 3777
3782 3782
3785 3786
3787 3787
3793 3794
3815 3816
3824 3824
3826 4017
3826 3827
3845 3846
3858 3859
3860 3945
3863 3864
3868 3869
3869 3925
3876 3877
3882 3883
3884 3885
3887 3974
3890 3891
3910 3910
3912 3912
3939 3940
3943 3944
3953 3953
3959 3959
3962 3962
3996 3997
4001 4002
4012 4033
4012 4012
4014 4044
4025 4026
4030 4031
4040 4040
