0 1
0 5
0 6
0 10
0 20
0 25
0 28
0 29
0 37
0 41
0 50
0 54
0 55
0 62
0 67
0 68
0 79
0 80
0 84
0 90
0 98
0 101
0 104
0 114
0 116
0 122
0 124
0 131
0 143
0 144
0 145
0 146
0 148
0 150
0 151
0 154
0 159
0 160
0 167
0 170
0 173
0 177
0 179
0 185
0 190
0 199
0 200
0 203
0 204
0 205
0 206
0 211
0 213
0 216
0 223
0 224
0 225
0 231
0 233
0 234
0 235
0 236
0 241
0 252
0 257
0 264
0 281
0 283
0 284
0 287
0 288
0 294
0 300
0 301
0 303
0 306
0 307
0 310
0 317
0 323
0 326
0 333
0 336
0 339
0 344
0 345
0 347
0 348
0 349
0 353
0 363
0 364
0 376
0 387
0 388
0 391
0 394
0 395
0 397
0 398
0 399
0 403
0 410
0 415
0 420
0 421
0 425
0 429
0 431
0 433
0 434
0 435
0 436
0 438
0 440
0 441
0 448
0 451
0 452
0 453
0 461
0 466
0 467
0 469
0 483
0 488
0 491
0 492
0 495
0 503
0 506
0 510
0 516
0 524
0 525
0 528
0 533
0 534
0 536
0 538
0 540
0 547
0 552
0 553
0 555
0 559
0 563
0 576
0 577
0 580
0 582
0 589
0 590
0 592
0 593
0 596
0 597
0 605
0 606
0 608
0 611
0 612
0 618
0 621
0 622
0 625
0 640
0 642
0 648
0 650
0 652
0 653
0 660
0 666
0 667
0 668
0 670
0 673
0 674
0 677
0 678
0 679
0 680
0 685
0 686
0 687
0 690
0 691
0 694
0 695
0 700
0 705
0 707
0 709
0 714
0 715
0 717
0 720
0 721
0 722
0 726
0 731
0 732
0 736
0 737
0 738
0 742
0 746
0 748
0 751
0 752
0 753
0 755
0 757
0 761
0 762
0 768
0 769
0 772
0 778
0 779
0 780
0 786
0 789
0 790
0 791
0 792
0 795
0 796
0 797
0 798
0 799
0 801
0 802
0 810
0 814
0 821
0 827
0 830
0 832
0 835
0 837
0 845
0 846
0 847
0 849
0 851
0 853
0 859
0 863
0 864
0 868
0 871
0 873
0 875
0 878
0 885
0 887
0 899
0 900
0 901
0 902
0 906
0 908
0 909
0 910
0 918
0 923
0 924
0 926
0 927
0 928
0 929
0 931
0 935
0 940
0 942
0 945
0 956
0 958
0 964
0 969
0 972
0 974
0 975
0 979
0 980
0 983
0 984
0 987
0 989
0 997
0 1003
0 1005
0 1007
0 1008
0 1009
0 1012
0 1015
0 1018
0 1022
0 1025
0 1034
0 1042
0 1046
0 1049
0 1050
0 1055
0 1058
0 1063
0 1066
0 1069
0 1070
0 1075
0 1079
0 1080
0 1082
0 1083
0 1084
0 1085
0 1100
0 1104
0 1115
0 1117
0 1118
0 1120
0 1121
0 1122
0 1126
0 1128
0 1129
0 1132
0 1140
0 1141
0 1156
0 1158
0 1160
0 1161
0 1166
0 1168
0 1172
0 1178
0 1181
0 1186
0 1191
0 1204
0 1207
0 1209
0 1210
0 1211
0 1212
0 1213
0 1215
0 1216
0 1224
0 1225
0 1229
0 1234
0 1238
0 1239
0 1245
0 1246
0 1249
0 1250
0 1252
0 1255
0 1260
0 1261
0 1267
0 1269
0 1275
0 1276
0 1280
0 1284
0 1287
0 1296
0 1299
0 1302
0 1306
0 1307
0 1311
0 1314
0 1316
0 1318
0 1321
0 1322
0 1325
0 1329
0 1332
0 1335
0 1336
0 1338
0 1343
0 1346
0 1349
0 1355
0 1357
0 1361
0 1363
2 3
2 9
2 1034
2 16
2 534
2 1050
2 1065
2 43
2 1069
2 560
2 1074
2 52
2 1033
2 58
2 571
2 578
2 67
2 68
2 589
2 1103
2 83
2 1209
2 90
2 1116
2 1117
2 608
2 97
2 699
2 613
2 614
2 622
2 1135
2 114
2 1149
2 126
2 130
2 1156
2 1046
2 646
2 649
2 141
2 142
2 143
2 144
2 145
2 110
2 664
2 666
2 1179
2 1180
2 669
2 673
2 169
2 170
2 1198
2 175
2 1200
2 692
2 697
2 187
2 701
2 702
2 708
2 711
2 1224
2 715
2 1228
2 205
2 723
2 219
2 222
2 738
2 741
2 233
2 236
2 240
2 1267
2 245
2 249
2 762
2 1275
2 764
2 765
2 766
2 1283
2 261
2 263
2 898
2 786
2 1015
2 795
2 284
2 286
2 290
2 1316
2 812
2 1325
2 814
2 821
2 822
2 823
2 825
2 826
2 827
2 828
2 830
2 325
2 1353
2 846
2 1360
2 339
2 345
2 350
2 867
2 796
2 1169
2 363
2 367
2 1342
2 373
2 376
2 889
2 1173
2 896
2 897
2 386
2 388
2 901
2 390
2 392
2 748
2 907
2 400
2 401
2 403
2 918
2 926
2 837
2 752
2 945
2 440
2 441
2 927
2 447
2 448
2 449
2 453
2 457
2 459
2 972
2 461
2 974
2 979
2 469
2 482
2 485
2 487
2 488
2 1003
2 1005
2 497
2 500
2 501
2 681
2 510
3 4
4 513
4 518
4 7
4 520
4 1038
4 20
4 1046
4 24
4 27
4 1054
4 32
4 1059
4 1060
4 1061
4 550
4 1063
4 43
4 556
4 47
4 1073
4 1078
4 1204
4 572
4 1031
4 582
4 76
4 589
4 79
4 1105
4 594
4 84
4 598
4 1145
4 1112
4 1119
4 1121
4 610
4 614
4 105
4 620
4 623
4 1136
4 626
4 958
4 119
4 1144
4 1044
4 1147
4 124
4 1150
4 639
4 130
4 643
4 646
4 141
4 142
4 655
4 659
4 1178
4 667
4 1181
4 1186
4 676
4 1190
4 167
4 169
4 1199
4 688
4 1202
4 180
4 187
4 189
4 193
4 1227
4 1220
4 711
4 201
4 715
4 722
4 723
4 214
4 727
4 729
4 218
4 731
4 732
4 221
4 1317
4 738
4 739
4 228
4 1148
4 237
4 239
4 240
4 894
4 248
4 249
4 764
4 765
4 963
4 255
4 726
4 774
4 1291
4 1293
4 270
4 786
4 787
4 277
4 278
4 796
4 286
4 288
4 289
4 879
4 805
4 1322
4 1325
4 814
4 303
4 304
4 821
4 829
4 830
4 1343
4 320
4 833
4 322
4 835
4 324
4 325
4 326
4 841
4 842
4 843
4 1356
4 337
4 338
4 1341
4 856
4 1252
4 860
4 358
4 360
4 874
4 365
4 367
4 1000
4 370
4 371
4 890
4 891
4 381
4 382
4 388
4 901
4 390
4 904
4 911
4 407
4 920
4 1348
4 837
4 420
4 421
4 937
4 428
4 941
4 946
4 950
4 1353
4 440
4 953
4 442
4 955
4 446
4 961
4 962
4 451
4 458
4 972
4 760
4 466
4 979
4 469
4 470
4 472
4 991
4 484
4 997
4 488
4 492
4 493
4 1312
4 503
4 504
4 1193
4 511
7 8
8 128
8 913
8 403
8 532
8 622
8 1047
8 538
8 671
8 32
8 161
8 162
8 1317
8 422
8 811
8 814
8 1071
8 1072
8 1073
8 955
8 959
8 962
8 582
8 289
8 974
8 207
8 979
8 1358
8 1262
8 88
8 219
8 1004
8 494
8 1263
8 754
8 545
8 119
8 1112
8 1279
8 1276
8 1021
8 511
11 1316
11 12
11 14
11 527
11 1112
11 18
11 533
11 538
11 539
11 540
11 33
11 965
11 1060
11 1061
11 550
11 552
11 41
11 1067
11 1069
11 1070
11 1073
11 50
11 1077
11 566
11 568
11 572
11 1086
11 575
11 1089
11 578
11 1092
11 582
11 587
11 588
11 593
11 1106
11 1123
11 1110
11 88
11 1113
11 1114
11 92
11 1118
11 608
11 99
11 1124
11 1127
11 616
11 1130
11 1231
11 1137
11 626
11 117
11 1143
11 632
11 1078
11 1148
11 639
11 1152
11 649
11 1162
11 1169
11 658
11 1174
11 663
11 664
11 665
11 1178
11 1181
11 671
11 1184
11 1186
11 1051
11 165
11 166
11 1193
11 1194
11 683
11 1138
11 712
11 690
11 180
11 798
11 183
11 702
11 1336
11 198
11 545
11 200
11 1228
11 716
11 1229
11 719
11 723
11 1237
11 726
11 729
11 219
11 1244
11 735
11 1248
11 737
11 1252
11 1062
11 230
11 1255
11 747
11 237
11 1262
11 239
11 1064
11 242
11 1267
11 1269
11 252
11 254
11 1279
11 1281
11 1282
11 775
11 1100
11 793
11 986
11 286
11 288
11 1313
11 291
11 292
11 1317
11 1318
11 711
11 1320
11 811
11 814
11 1327
11 1243
11 1330
11 1331
11 1333
11 1334
11 311
11 824
11 943
11 317
11 830
11 833
11 1346
11 325
11 842
11 843
11 1356
11 1357
11 1359
11 1360
11 1080
11 1364
11 343
11 1338
11 359
11 360
11 361
11 876
11 1170
11 366
11 369
11 375
11 891
11 892
11 383
11 385
11 386
11 388
11 1175
11 404
11 405
11 406
11 1177
11 409
11 413
11 925
11 432
11 433
11 437
11 438
11 955
11 957
11 958
11 449
11 450
11 963
11 452
11 453
11 457
11 972
11 461
11 463
11 979
11 982
11 472
11 474
11 987
11 989
11 990
11 991
11 992
11 995
11 1001
11 1002
11 1003
11 1004
11 1006
11 1010
11 500
11 502
11 511
13 515
13 518
13 1031
13 989
13 524
13 525
13 14
13 1040
13 1042
13 1027
13 20
13 1046
13 24
13 540
13 1054
13 1059
13 1060
13 550
13 945
13 552
13 43
13 556
13 45
13 46
13 47
13 1073
13 50
13 1078
13 1289
13 803
13 838
13 1034
13 62
13 65
13 578
13 67
13 68
13 582
13 73
13 587
13 79
13 81
13 1123
13 84
13 1094
13 1117
13 1118
13 1121
13 610
13 955
13 101
13 102
13 104
13 1131
13 1133
13 622
13 1136
13 626
13 1325
13 1044
13 634
13 1147
13 124
13 1149
13 639
13 643
13 645
13 961
13 1160
13 143
13 144
13 145
13 1173
13 150
13 1176
13 154
13 667
13 1181
13 671
13 674
13 676
13 881
13 796
13 1198
13 1199
13 688
13 690
13 180
13 1097
13 696
13 186
13 187
13 189
13 1215
13 1319
13 194
13 707
13 1220
13 197
13 710
13 711
13 1224
13 1225
13 715
13 204
13 1231
13 722
13 723
13 726
13 1145
13 216
13 729
13 218
13 219
13 220
13 1146
13 738
13 1252
13 742
13 1259
13 236
13 239
13 240
13 1267
13 757
13 1048
13 247
13 248
13 1273
13 1338
13 764
13 765
13 1278
13 255
13 1287
13 1283
13 774
13 1202
13 776
13 1068
13 1291
13 1069
13 1297
13 787
13 278
13 793
13 795
13 284
13 286
13 1157
13 288
13 289
13 731
13 1316
13 293
13 807
13 808
13 810
13 300
13 301
13 814
13 303
13 1243
13 821
13 310
13 314
13 991
13 1341
13 830
13 1343
13 835
13 324
13 325
13 326
13 614
13 1208
13 1360
13 338
13 1081
13 1167
13 349
13 353
13 657
13 360
13 1086
13 365
13 367
13 369
13 883
13 885
13 377
13 891
13 381
13 894
13 386
13 387
13 388
13 901
13 1322
13 907
13 1071
13 402
13 1204
13 920
13 410
13 1178
13 837
13 420
13 421
13 424
13 937
13 939
13 1010
13 944
13 433
13 438
13 585
13 440
13 953
13 442
13 927
13 958
13 960
13 449
13 450
13 451
13 452
13 1169
13 972
13 1186
13 974
13 979
13 980
13 469
13 470
13 983
13 985
13 987
13 477
13 479
13 480
13 484
13 1105
13 488
13 1003
13 492
13 493
13 1277
13 1008
13 498
13 1227
13 503
13 504
13 1193
13 1279
13 1022
13 511
15 1067
15 388
15 777
15 1037
15 16
15 529
15 1175
15 409
15 538
15 1181
15 159
15 160
15 1313
15 1186
15 420
15 1317
15 550
15 1073
15 40
15 554
15 811
15 301
15 814
15 305
15 50
15 1331
15 1205
15 1338
15 446
15 575
15 288
15 963
15 200
15 74
15 1356
15 719
15 1105
15 594
15 1123
15 472
15 729
15 986
15 219
15 92
15 1060
15 862
15 991
15 354
15 891
15 484
15 486
15 493
15 622
15 881
15 758
15 759
15 153
15 1274
15 831
15 252
15 1279
16 17
17 328
17 640
17 386
17 1067
17 388
17 262
17 392
17 1164
17 785
17 1298
17 916
17 1326
17 406
17 1175
17 793
17 1308
17 925
17 1187
17 420
17 1317
17 550
17 1073
17 1193
17 811
17 300
17 430
17 176
17 433
17 1077
17 312
17 500
17 955
17 448
17 578
17 843
17 582
17 200
17 971
17 460
17 461
17 463
17 593
17 1315
17 854
17 1083
17 1316
17 219
17 476
17 861
17 862
17 991
17 480
17 225
17 226
17 99
17 103
17 233
17 109
17 1231
17 372
17 1257
18 522
18 525
18 527
18 1042
18 19
18 534
18 535
18 538
18 1053
18 1054
18 1056
18 545
18 34
18 1060
18 1061
18 550
18 552
18 554
18 555
18 557
18 1070
18 47
18 1073
18 50
18 566
18 568
18 570
18 1083
18 60
18 574
18 578
18 582
18 79
18 1123
18 1110
18 1113
18 271
18 92
18 1118
18 955
18 1130
18 1286
18 1138
18 115
18 630
18 1148
18 874
18 647
18 1165
18 150
18 664
18 1177
18 154
18 1181
18 671
18 1186
18 163
18 164
18 168
18 684
18 703
18 1219
18 197
18 200
18 1183
18 718
18 719
18 1315
18 212
18 729
18 219
18 1247
18 1248
18 226
18 227
18 1255
18 1262
18 1264
18 1064
18 244
18 1269
18 246
18 1271
18 1273
18 251
18 252
18 767
18 1281
18 258
18 259
18 262
18 1287
18 265
18 267
18 783
18 43
18 814
18 280
18 793
18 285
18 1310
18 287
18 1313
18 1069
18 805
18 1318
18 807
18 1320
18 811
18 301
18 302
18 815
18 305
18 1330
18 1331
18 308
18 1336
18 1338
18 1343
18 321
18 1346
18 1347
18 327
18 843
18 1356
18 1357
18 1359
18 1080
18 342
18 343
18 346
18 865
18 356
18 357
18 359
18 361
18 362
18 877
18 1086
18 893
18 386
18 388
18 393
18 395
18 405
18 153
18 409
18 413
18 414
18 415
18 416
18 417
18 419
18 1037
18 925
18 432
18 438
18 756
18 443
18 444
18 450
18 963
18 452
18 453
18 462
18 463
18 465
18 979
18 980
18 981
18 471
18 472
18 1188
18 986
18 988
18 989
18 763
18 484
18 998
18 1276
18 1003
18 1004
18 494
18 1192
18 499
18 1067
18 1279
18 511
20 1282
20 1035
20 781
20 403
20 20
20 21
20 150
20 538
20 412
20 154
20 1315
20 1060
20 1064
20 811
20 813
20 47
20 1073
20 562
20 837
20 1356
20 1364
20 219
20 1004
20 109
20 413
20 1148
20 895
22 962
22 457
22 23
22 1250
22 1134
22 817
22 406
22 489
25 26
25 27
25 28
26 1027
26 1028
26 1031
26 525
26 1042
26 534
26 536
26 538
26 1052
26 1054
26 1056
26 545
26 550
26 945
26 552
26 1156
26 1069
26 1073
26 1078
26 1289
26 1081
26 572
26 1290
26 578
26 67
26 582
26 585
26 1098
26 587
26 593
26 82
26 596
26 1116
26 1118
26 607
26 608
26 1121
26 1123
26 101
26 614
26 1128
26 106
26 619
26 786
26 1231
26 1137
26 1145
26 1147
26 1148
26 125
26 126
26 127
26 640
26 132
26 1046
26 1158
26 1159
26 1162
26 1215
26 1338
26 143
26 144
26 145
26 150
26 664
26 1177
26 154
26 667
26 1180
26 1181
26 673
26 1186
26 795
26 677
26 679
26 175
26 690
26 692
26 696
26 1209
26 698
26 666
26 705
26 1218
26 195
26 1220
26 1221
26 198
26 711
26 1224
26 1225
26 715
26 1228
26 1149
26 723
26 726
26 219
26 735
26 737
26 233
26 807
26 236
26 237
26 238
26 1133
26 752
26 1267
26 1269
26 247
26 1273
26 639
26 1279
26 1280
26 257
26 770
26 1283
26 1287
26 812
26 778
26 269
26 1294
26 1325
26 1178
26 274
26 787
26 789
26 278
26 793
26 283
26 797
26 286
26 799
26 288
26 1314
26 803
26 1316
26 1317
26 1318
26 295
26 1320
26 809
26 1322
26 300
26 301
26 814
26 1243
26 310
26 1336
26 826
26 991
26 830
26 1204
26 325
26 841
26 332
26 1357
26 846
26 850
26 851
26 1167
26 349
26 1169
26 872
26 873
26 874
26 365
26 879
26 369
26 376
26 381
26 383
26 896
26 1189
26 386
26 387
26 388
26 901
26 390
26 748
26 403
26 918
26 409
26 900
26 1007
26 413
26 837
26 1008
26 930
26 420
26 933
26 935
26 426
26 941
26 943
26 433
26 438
26 1097
26 952
26 441
26 958
26 448
26 449
26 452
26 966
26 457
26 972
26 974
26 1227
26 979
26 982
26 984
26 987
26 478
26 800
26 480
26 994
26 484
26 488
26 490
26 1003
26 493
26 495
26 496
26 1363
26 500
26 502
26 1020
27 386
27 1003
27 390
27 391
27 1033
27 1034
27 909
27 143
27 144
27 145
27 1283
27 666
27 284
27 797
27 799
27 1156
27 933
27 43
27 814
27 47
27 1081
27 62
27 885
27 448
27 67
27 68
27 325
27 1224
27 974
27 1231
27 83
27 215
27 219
27 735
27 1120
27 1121
27 98
27 107
27 1134
27 114
27 830
27 122
28 1027
28 534
28 536
28 538
28 1052
28 545
28 550
28 945
28 552
28 43
28 1069
28 47
28 1073
28 1078
28 1079
28 1081
28 572
28 578
28 67
28 582
28 585
28 587
28 78
28 593
28 82
28 596
28 1116
28 1118
28 607
28 608
28 1123
28 101
28 614
28 1128
28 106
28 619
28 786
28 1137
28 1145
28 1147
28 1148
28 1149
28 126
28 639
28 640
28 1156
28 1046
28 1159
28 1162
28 1215
28 143
28 144
28 145
28 150
28 664
28 1177
28 154
28 667
28 1181
28 671
28 673
28 1186
28 795
28 1189
28 679
28 175
28 692
28 693
28 696
28 666
28 800
28 1218
28 1220
28 198
28 711
28 1224
28 1225
28 715
28 1228
28 1231
28 723
28 726
28 219
28 735
28 737
28 233
28 236
28 238
28 1133
28 752
28 1267
28 1269
28 247
28 1273
28 1338
28 1279
28 1280
28 257
28 770
28 1283
28 812
28 1290
28 269
28 1178
28 274
28 787
28 789
28 278
28 793
28 283
28 797
28 286
28 799
28 288
28 803
28 1316
28 1317
28 1318
28 807
28 1320
28 809
28 1322
28 300
28 1325
28 814
28 1243
28 310
28 1336
28 826
28 830
28 1204
28 325
28 841
28 1357
28 846
28 850
28 339
28 1167
28 349
28 353
28 873
28 874
28 365
28 879
28 386
28 388
28 901
28 390
28 403
28 1363
28 918
28 409
28 900
28 413
28 1008
28 420
28 933
28 426
28 943
28 433
28 438
28 1097
28 441
28 958
28 447
28 449
28 452
28 966
28 457
28 972
28 974
28 979
28 980
28 982
28 984
28 987
28 991
28 480
28 994
28 484
28 488
28 490
28 1003
28 495
28 496
28 851
28 500
28 1020
30 513
30 386
30 515
30 388
30 726
30 1281
30 521
30 1303
30 525
30 1279
30 1262
30 403
30 404
30 661
30 1177
30 664
30 982
30 540
30 1181
30 415
30 288
30 545
30 1186
30 548
30 582
30 550
30 295
30 552
30 811
30 683
30 581
30 815
30 1073
30 1333
30 312
30 965
30 31
30 671
30 574
30 544
30 955
30 579
30 325
30 198
30 1183
30 1229
30 1360
30 342
30 343
30 1112
30 1113
30 219
30 1248
30 99
30 357
30 616
30 1340
30 1003
30 1004
30 109
30 494
30 1320
30 244
30 958
30 375
30 760
30 891
30 764
30 509
30 511
32 33
32 43
32 1324
32 624
32 328
32 979
32 181
32 1279
33 35
33 34
33 36
34 811
34 388
34 1285
34 601
34 655
34 729
34 664
34 1060
34 1201
34 296
34 1067
34 172
34 1073
34 818
34 1334
34 955
34 575
34 1313
34 328
34 461
34 84
34 1112
34 1113
34 986
34 1252
34 1279
35 1248
35 226
35 260
35 1317
35 1041
35 328
35 777
35 1265
35 109
35 1106
35 913
35 434
35 1107
35 658
35 1112
35 388
35 818
35 318
36 1282
36 388
36 262
36 268
36 1039
36 913
36 658
36 288
36 1187
36 550
36 945
36 296
36 938
36 1323
36 814
36 1073
36 1334
36 321
36 584
36 84
36 601
36 992
36 366
36 1268
36 632
36 1236
38 386
38 388
38 389
38 774
38 1345
38 392
38 1037
38 1083
38 968
38 408
38 793
38 538
38 413
38 671
38 1187
38 420
38 1061
38 1318
38 39
38 552
38 1193
38 170
38 1067
38 300
38 301
38 814
38 989
38 433
38 50
38 308
38 1206
38 183
38 756
38 955
38 60
38 574
38 575
38 193
38 453
38 582
38 71
38 200
38 713
38 1099
38 1356
38 719
38 593
38 594
38 1123
38 852
38 1111
38 1060
38 219
38 861
38 850
38 99
38 997
38 109
38 1231
38 1315
38 680
38 1235
38 500
38 1300
38 709
41 42
42 386
42 388
42 1174
42 777
42 1351
42 525
42 1262
42 406
42 793
42 664
42 409
42 412
42 925
42 416
42 161
42 162
42 1318
42 1317
42 550
42 945
42 424
42 682
42 811
42 1324
42 1266
42 943
42 561
42 50
42 1118
42 153
42 955
42 1086
42 1313
42 1186
42 545
42 1356
42 972
42 461
42 1231
42 208
42 979
42 215
42 472
42 729
42 219
42 898
42 992
42 1123
42 1073
42 360
42 361
42 1282
42 1003
42 366
42 239
42 552
42 1138
42 756
42 1308
42 504
42 1279
43 384
43 1270
43 260
43 1029
43 1160
43 620
43 266
43 523
43 621
43 1040
43 146
43 148
43 750
43 278
43 151
43 1178
43 796
43 837
43 636
43 418
43 1051
43 1060
43 1094
43 274
43 44
43 45
43 46
43 47
43 48
43 1352
43 434
43 1337
43 186
43 672
43 66
43 907
43 68
43 69
43 838
43 328
43 969
43 1226
43 972
43 77
43 974
43 719
43 514
43 1277
43 919
43 469
43 476
43 378
43 1014
43 351
43 352
43 962
43 1253
43 1154
43 1101
43 104
43 508
43 234
43 108
43 109
43 622
43 381
43 624
43 1267
43 886
43 374
43 633
43 250
43 380
43 253
43 1362
45 46
45 47
46 256
46 1153
46 1285
46 1031
46 139
46 140
46 275
46 405
46 150
46 663
46 664
46 154
46 815
46 414
46 671
46 416
46 1313
46 1315
46 1060
46 171
46 684
46 814
46 47
46 1195
46 1338
46 59
46 1219
46 1251
46 1356
46 464
46 1123
46 84
46 1112
46 734
46 736
46 226
46 955
46 616
46 1003
46 1004
46 109
46 882
46 1279
46 767
47 514
47 518
47 523
47 1040
47 1057
47 556
47 62
47 68
47 1094
47 1102
47 1105
47 1117
47 610
47 614
47 229
47 626
47 1044
47 151
47 624
47 1193
47 1198
47 1199
47 688
47 1202
47 1204
47 969
47 187
47 1215
47 193
47 710
47 711
47 722
47 723
47 729
47 218
47 739
47 1253
47 234
47 764
47 765
47 255
47 1292
47 787
47 276
47 278
47 1305
47 796
47 288
47 1322
47 300
47 814
47 1331
47 1341
47 830
47 324
47 837
47 338
47 351
47 360
47 369
47 894
47 384
47 388
47 901
47 390
47 421
47 937
47 434
47 948
47 951
47 953
47 442
47 444
47 961
47 457
47 972
47 979
47 469
47 1277
47 1014
47 503
47 504
47 511
48 49
49 704
49 225
49 420
49 200
49 841
49 1003
49 749
49 116
49 503
49 88
49 1204
49 858
49 955
50 51
50 52
50 53
51 386
51 387
51 388
51 645
51 776
51 1034
51 779
51 770
51 493
51 1297
51 786
51 1283
51 1173
51 1167
51 409
51 667
51 1224
51 798
51 927
51 288
51 1186
51 731
51 582
51 433
51 552
51 1194
51 812
51 301
51 1069
51 177
51 1011
51 1076
51 1054
51 438
51 1197
51 441
51 826
51 830
51 447
51 449
51 578
51 715
51 452
51 1267
51 326
51 795
51 73
51 587
51 204
51 1163
51 334
51 338
51 723
51 974
51 726
51 1273
51 216
51 219
51 220
51 677
51 1170
51 609
51 614
51 743
51 617
51 490
51 236
51 365
51 1133
51 369
51 979
51 500
51 247
51 332
51 1145
51 634
51 507
51 1149
52 899
52 1155
52 133
52 1030
52 647
52 776
52 777
52 1279
52 1331
52 1282
52 655
52 1264
52 1112
52 403
52 404
52 814
52 406
52 663
52 664
52 154
52 1045
52 538
52 150
52 415
52 545
52 546
52 1060
52 1317
52 1196
52 168
52 1193
52 811
52 684
52 690
52 662
52 925
52 1073
52 947
52 1195
52 313
52 1338
52 955
52 1087
52 1088
52 1218
52 965
52 582
52 1185
52 200
52 1356
52 1186
52 1229
52 1360
52 979
52 728
52 1231
52 1118
52 1326
52 486
52 361
52 1003
52 1004
52 109
52 880
52 882
52 763
52 511
53 645
53 577
53 1034
53 526
53 1069
53 150
53 408
53 154
53 667
53 300
53 301
53 814
53 433
53 306
53 1204
53 62
53 757
53 449
53 73
53 204
53 1123
53 726
53 1145
53 735
53 608
53 353
53 490
53 236
53 1133
53 371
53 756
53 629
53 761
53 634
56 641
56 1026
56 577
56 1032
56 1145
56 396
56 1328
56 1166
56 1133
56 1097
56 403
56 917
56 151
56 793
56 1346
56 671
56 289
56 1186
56 804
56 838
56 1318
56 1064
56 298
56 176
56 690
56 1267
56 180
56 1077
56 1078
56 820
56 1336
56 57
56 958
56 64
56 449
56 450
56 1204
56 196
56 582
56 585
56 1098
56 204
56 1279
56 974
56 335
56 1357
56 979
56 341
56 569
56 344
56 473
56 915
56 989
56 1118
56 1317
56 614
56 1316
56 616
56 874
56 236
56 237
56 1220
56 243
56 884
56 1269
56 1142
56 249
56 123
56 1130
56 126
56 469
60 61
61 427
61 260
61 1285
61 262
61 903
61 137
61 138
61 1111
61 955
61 784
61 273
61 661
61 537
61 408
61 409
61 538
61 1317
61 412
61 1309
61 159
61 160
61 1186
61 475
61 420
61 774
61 934
61 423
61 680
61 811
61 299
61 300
61 850
61 430
61 902
61 561
61 308
61 949
61 439
61 671
61 586
61 704
61 1345
61 1123
61 708
61 1093
61 1222
61 200
61 1315
61 74
61 1230
61 1037
61 210
61 595
61 84
61 854
61 1083
61 600
61 857
61 219
61 861
61 862
61 351
61 354
61 739
61 1073
61 870
61 594
61 624
61 881
61 979
61 756
61 852
61 252
61 1279
62 63
63 387
63 1156
63 645
63 1034
63 1296
63 814
63 1050
63 667
63 413
63 795
63 420
63 686
63 433
63 982
63 1210
63 885
63 1224
63 1228
63 1231
63 593
63 979
63 469
63 726
63 1316
63 349
63 1118
63 735
63 608
63 353
63 484
63 233
63 490
63 1003
63 500
63 830
63 247
63 248
63 122
68 901
68 1044
68 278
68 151
68 796
68 1059
68 1060
68 171
68 1325
68 821
68 189
68 68
68 837
68 711
68 72
68 969
68 525
68 1233
68 514
68 723
68 469
68 104
68 365
68 369
68 1140
68 764
68 381
70 811
70 1283
70 1037
70 654
70 912
70 531
70 788
70 814
70 406
70 664
70 793
70 538
70 1179
70 282
70 671
70 1186
70 803
70 420
70 1318
70 730
70 297
70 794
70 583
70 300
70 558
70 1181
70 816
70 818
70 184
70 955
70 573
70 1314
70 1365
70 1345
70 1123
70 1093
70 71
70 844
70 717
70 719
70 1232
70 1336
70 594
70 595
70 468
70 725
70 854
70 855
70 344
70 932
70 346
70 219
70 862
70 226
70 739
70 997
70 870
70 922
70 745
70 936
70 979
70 967
70 1364
70 1279
70 638
70 1151
71 72
72 643
72 388
72 278
72 395
72 1295
72 913
72 1044
72 789
72 406
72 664
72 426
72 821
72 1046
72 324
72 455
72 1356
72 334
72 846
72 729
72 858
72 481
72 1122
72 104
72 492
72 765
72 360
72 255
72 637
72 511
74 75
74 76
75 129
75 262
75 925
75 1037
75 1169
75 1171
75 150
75 664
75 409
75 154
75 411
75 413
75 419
75 1060
75 550
75 551
75 680
75 1193
75 811
75 815
75 1073
75 1336
75 442
75 955
75 1354
75 581
75 582
75 1223
75 328
75 719
75 851
75 601
75 219
75 1009
75 1318
75 1264
75 552
75 979
75 762
75 1279
76 104
76 1019
76 151
77 78
78 328
78 1054
78 151
81 833
81 1282
81 388
81 549
81 1041
81 328
81 970
81 793
81 174
81 913
81 916
81 246
81 663
81 601
81 474
81 443
81 445
81 575
84 85
84 86
84 87
85 288
85 226
85 963
85 1060
85 1073
85 328
85 202
85 811
85 1356
85 525
85 1035
85 776
85 1315
85 150
85 472
85 154
85 1148
85 1086
85 1279
86 385
86 649
86 1041
86 406
86 1304
86 153
86 1181
86 798
86 1060
86 1317
86 550
86 1325
86 833
86 963
86 582
86 599
86 472
86 729
86 219
86 360
86 616
86 1272
86 1364
86 1148
87 545
87 955
87 328
87 109
87 1262
87 1279
87 209
87 403
87 664
87 1112
87 219
87 925
87 958
87 671
88 89
89 1282
89 773
89 134
89 135
89 136
89 729
89 1047
89 962
89 1279
89 1112
89 150
89 663
89 664
89 154
89 796
89 1054
89 901
89 811
89 684
89 1331
89 182
89 1214
89 834
89 1091
89 454
89 328
89 333
89 974
89 464
89 723
89 601
89 92
89 355
89 484
89 998
89 358
89 1004
89 494
89 367
89 628
89 119
89 255
89 511
90 91
91 545
91 955
91 771
91 388
91 328
91 1279
91 109
91 558
91 1123
91 1073
91 403
91 1090
91 1113
91 1112
91 644
91 219
91 1242
91 1119
92 93
92 94
93 1282
93 150
93 774
93 406
93 664
93 153
93 154
93 538
93 671
93 288
93 1317
93 550
93 552
93 811
93 684
93 814
93 1181
93 1330
93 1331
93 955
93 830
93 191
93 582
93 200
93 979
93 729
93 1318
93 105
93 1130
93 109
93 1148
93 1279
94 385
94 386
94 262
94 1162
94 1070
94 1331
94 527
94 656
94 1169
94 403
94 494
94 406
94 793
94 409
94 538
94 1186
94 419
94 420
94 550
94 168
94 1193
94 811
94 814
94 989
94 432
94 1073
94 1351
94 115
94 990
94 566
94 1080
94 1083
94 189
94 1077
94 1123
94 965
94 582
94 1223
94 328
94 1356
94 460
94 1229
94 719
94 1336
94 851
94 1110
94 1262
94 472
94 1113
94 986
94 219
94 861
94 979
94 991
94 1248
94 993
94 739
94 997
94 1001
94 874
94 1004
94 366
94 1359
94 243
94 1244
94 1318
94 1273
95 96
95 1026
95 1083
95 1287
95 520
95 906
95 1067
95 403
95 1335
95 1240
95 985
95 955
95 188
95 319
99 100
100 973
100 1073
100 818
100 1139
100 1300
104 107
104 105
104 106
105 1019
105 151
106 611
106 1036
106 860
106 543
107 603
107 901
107 454
107 711
107 907
107 255
107 723
107 278
107 888
107 538
107 860
107 511
109 110
109 111
109 112
109 113
110 517
110 1037
110 771
110 1044
110 538
110 541
110 545
110 1060
110 550
110 1067
110 1073
110 566
110 1086
110 582
110 1111
110 1118
110 1122
110 1123
110 1125
110 1043
110 635
110 638
110 1160
110 651
110 150
110 663
110 664
110 1177
110 154
110 1182
110 671
110 674
110 168
110 1201
110 1209
110 703
110 706
110 1223
110 200
110 719
110 212
110 216
110 729
110 219
110 1263
110 1264
110 756
110 246
110 760
110 251
110 1279
110 1281
110 1282
110 299
110 776
110 777
110 267
110 1294
110 783
110 278
110 798
110 288
110 1315
110 1317
110 1186
110 1320
110 811
110 815
110 305
110 312
110 1338
110 830
110 1344
110 324
110 840
110 1356
110 335
110 1364
110 344
110 484
110 861
110 354
110 360
110 875
110 366
110 574
110 379
110 388
110 905
110 913
110 403
110 925
110 943
110 328
110 955
110 957
110 963
110 965
110 461
110 978
110 472
110 996
110 998
110 1003
110 1013
110 511
111 1282
111 811
111 684
111 882
111 150
111 663
111 1112
111 154
112 896
112 388
112 1287
112 777
112 1162
112 267
112 1036
112 1037
112 530
112 406
112 1241
112 664
112 665
112 1181
112 286
112 288
112 1186
112 1060
112 1317
112 550
112 1073
112 680
112 811
112 1118
112 1070
112 561
112 1330
112 564
112 437
112 1357
112 153
112 1336
112 1359
112 1086
112 575
112 833
112 963
112 453
112 582
112 711
112 328
112 1100
112 204
112 461
112 591
112 976
112 466
112 1109
112 1324
112 472
112 729
112 986
112 219
112 719
112 1123
112 1318
112 998
112 1182
112 360
112 892
112 1130
112 875
112 1262
112 1266
112 1163
112 117
112 1148
112 1016
112 505
112 1356
112 764
112 1279
113 784
113 1218
113 1035
113 328
113 1315
113 1282
113 811
113 782
113 624
113 403
113 663
113 1023
117 118
118 1025
118 1003
118 388
118 618
118 390
118 1034
118 631
118 525
118 1005
118 1070
118 278
118 1156
118 666
118 923
118 284
118 797
118 1249
118 287
118 1186
118 420
118 1189
118 937
118 1118
118 1325
118 686
118 943
118 645
118 177
118 1050
118 821
118 1140
118 955
118 957
118 830
118 447
118 1216
118 736
118 874
118 587
118 1220
118 1121
118 1234
118 203
118 332
118 994
118 334
118 909
118 466
118 723
118 726
118 885
118 216
118 1209
118 477
118 979
118 735
118 608
118 225
118 226
118 869
118 1254
118 1316
118 488
118 234
118 363
118 236
118 365
118 752
118 1180
118 851
118 500
118 502
118 503
118 376
118 1145
118 122
118 1147
118 1148
118 381
120 673
120 644
120 1203
120 775
120 328
120 842
120 171
120 684
120 807
120 624
120 689
120 403
120 1108
120 150
120 1113
120 1304
120 121
120 154
120 604
120 1338
120 767
121 938
121 848
121 1235
121 1300
121 565
121 921
121 733
146 147
147 391
147 392
147 148
147 1301
147 538
147 1191
147 689
147 961
147 582
147 839
147 841
147 842
147 334
147 466
147 979
147 724
147 729
147 866
147 740
147 743
147 999
147 1137
147 626
147 503
147 504
147 1146
147 1148
149 1282
149 357
149 1350
149 519
149 1258
149 684
149 1264
149 150
149 663
149 154
150 151
150 152
150 153
151 1282
151 644
151 270
151 271
151 272
151 836
151 388
151 154
151 806
151 684
151 1073
151 325
151 1112
151 232
152 328
152 554
152 267
152 684
152 1264
152 434
152 309
152 1113
152 154
153 1110
153 647
153 409
153 154
153 538
153 675
153 420
153 300
153 178
153 308
153 1345
153 709
153 329
153 586
153 719
153 977
153 594
153 979
153 1364
153 854
153 344
153 862
153 739
153 997
153 870
153 252
155 1139
155 1221
155 1256
155 156
155 938
155 654
155 979
155 1300
155 921
155 860
155 157
155 158
181 388
181 901
181 390
181 520
181 655
181 406
181 409
181 538
181 1054
181 1073
181 427
181 776
181 182
181 955
181 1214
181 320
181 833
181 962
181 580
181 1334
181 711
181 328
181 974
181 719
181 594
181 723
181 472
181 1113
181 602
181 358
181 615
181 368
181 1270
181 1017
181 1279
181 1276
181 511
189 894
189 454
189 574
191 192
191 1024
191 744
191 1186
191 328
191 1324
191 1281
191 461
191 456
191 1145
191 664
191 601
191 954
191 955
191 542
191 1279
216 217
217 481
217 643
217 388
217 901
217 843
217 334
217 664
217 723
217 1044
217 830
217 278
217 729
217 324
217 219
217 1213
217 574
232 480
232 420
232 582
232 233
232 493
232 841
232 495
232 340
232 278
232 852
232 538
232 955
232 860
232 1146
271 1217
272 1217
272 914
272 1339
278 279
279 1170
279 1146
279 1102
279 1194
315 833
315 388
315 549
315 328
315 778
315 461
315 1073
315 979
315 316
315 1279
328 555
328 1265
328 811
328 558
328 1073
328 331
328 328
328 329
328 330
328 1041
329 833
329 1282
329 1324
329 461
329 366
329 1145
329 567
329 1017
330 833
330 777
330 811
330 461
330 1073
330 1111
331 992
331 1288
331 818
331 627
331 979
331 830
511 512
512 723
512 901
818 819
819 1350
1095 1096
