0 1
0 805
0 428
0 1260
0 429
0 468
0 1140
0 965
1 2
1 3
1 4
1 5
1 806
1 271
2 1029
2 1798
2 136
2 450
2 1170
2 277
2 279
2 280
2 218
2 1184
2 677
2 428
2 825
2 960
2 1857
2 66
2 451
2 468
2 858
2 1115
2 220
2 110
2 111
2 250
2 380
2 1533
3 896
3 517
3 518
3 8
3 1580
3 1453
3 1042
3 1045
3 1912
3 197
3 932
3 198
3 325
3 2087
3 428
3 242
3 1583
3 1584
3 1585
3 1343
3 321
3 835
3 1093
3 454
3 1097
3 586
3 1361
3 468
3 341
3 343
3 1753
3 356
3 742
3 102
3 103
3 1385
3 363
3 878
3 497
3 1266
3 1016
3 1533
3 1301
4 805
4 1260
4 428
4 429
4 468
4 1140
4 924
4 965
5 896
5 517
5 518
5 8
5 1580
5 1453
5 1042
5 1045
5 1912
5 197
5 932
5 198
5 325
5 2087
5 428
5 242
5 1583
5 1584
5 1585
5 1343
5 321
5 835
5 1093
5 454
5 1097
5 586
5 1361
5 468
5 341
5 343
5 1753
5 356
5 742
5 102
5 103
5 1385
5 363
5 878
5 497
5 1266
5 1016
5 1533
5 1301
6 7
6 9
6 10
6 11
6 14
6 15
6 16
6 17
6 18
6 19
6 20
6 21
6 22
6 23
6 24
6 25
6 26
6 27
6 28
6 29
6 30
6 35
6 39
6 95
6 109
6 110
6 111
6 112
6 113
6 114
6 115
6 116
6 117
6 118
6 121
6 122
6 123
6 124
6 125
6 126
6 127
6 128
6 129
6 130
6 133
6 134
6 135
6 136
6 137
6 138
6 139
6 140
6 141
6 143
6 144
6 145
6 146
6 147
6 1172
6 1174
6 152
6 153
6 154
6 156
6 157
6 159
6 160
6 161
6 162
6 163
6 164
6 165
6 167
6 170
6 171
6 172
6 173
6 174
6 175
6 179
6 180
6 191
6 222
6 223
6 224
6 259
6 148
6 150
7 352
7 496
7 8
7 9
7 10
7 11
7 494
7 495
7 112
7 113
7 147
7 142
8 259
8 139
8 271
8 20
8 21
8 160
8 33
8 34
8 35
8 36
8 37
8 38
8 39
8 40
8 163
8 1118
8 352
8 1127
8 1896
8 620
8 494
8 496
8 115
9 10
9 11
9 14
9 15
9 16
9 17
9 18
9 19
9 20
9 21
9 22
9 23
9 24
9 25
9 26
9 27
9 28
9 29
9 30
9 35
9 39
9 95
9 108
9 109
9 110
9 111
9 112
9 113
9 114
9 115
9 116
9 117
9 118
9 119
9 120
9 121
9 122
9 123
9 124
9 125
9 126
9 127
9 128
9 129
9 130
9 131
9 132
9 133
9 134
9 135
9 136
9 137
9 138
9 139
9 140
9 141
9 142
9 144
9 145
9 146
9 147
9 148
9 149
9 150
9 151
9 152
9 153
9 154
9 155
9 156
9 157
9 158
9 159
9 160
9 161
9 162
9 163
9 164
9 165
9 166
9 167
9 168
9 169
9 170
9 171
9 172
9 173
9 174
9 175
9 176
9 177
9 178
9 179
9 180
9 191
9 1736
9 222
9 223
9 224
9 259
9 1172
9 1173
9 1174
10 11
10 14
10 15
10 18
10 19
10 20
10 21
10 22
10 23
10 24
10 25
10 26
10 27
10 28
10 29
10 30
10 35
10 39
10 49
10 180
10 79
10 80
10 95
10 109
10 110
10 111
10 112
10 113
10 114
10 115
10 116
10 117
10 118
10 121
10 122
10 123
10 124
10 125
10 126
10 127
10 128
10 129
10 130
10 133
10 134
10 135
10 136
10 137
10 138
10 139
10 140
10 141
10 142
10 143
10 144
10 146
10 147
10 1172
10 149
10 150
10 152
10 153
10 154
10 156
10 157
10 159
10 160
10 161
10 162
10 163
10 164
10 167
10 168
10 171
10 172
10 173
10 174
10 175
10 176
10 179
10 692
10 191
10 222
10 223
10 224
10 259
10 148
10 1173
10 1174
10 914
10 916
10 1465
10 971
10 972
10 975
11 128
11 259
11 133
11 134
11 136
11 137
11 139
11 140
11 141
11 142
11 15
11 16
11 17
11 18
11 19
11 1172
11 1173
11 1174
11 23
11 152
11 153
11 154
11 27
11 28
11 26
11 159
11 160
11 161
11 162
11 35
11 164
11 165
11 167
11 168
11 170
11 135
11 172
11 174
11 29
11 191
11 192
11 175
11 147
11 25
11 1826
11 163
11 24
11 20
11 21
11 143
11 222
11 223
11 224
11 145
11 171
11 39
11 109
11 110
11 111
11 112
11 113
11 115
11 116
11 117
11 118
11 121
11 122
11 123
11 124
11 125
11 126
11 127
12 641
12 2114
12 1686
12 1158
12 1689
12 1769
12 1578
12 1420
12 13
12 2126
12 1042
12 1654
12 1655
12 793
12 1243
12 2166
12 1182
12 1247
14 133
14 137
14 139
14 142
14 143
14 145
14 147
14 1172
14 149
14 23
14 25
14 26
14 27
14 28
14 159
14 162
14 134
14 171
14 174
14 191
14 192
14 165
14 109
14 112
14 113
14 115
14 502
14 248
14 251
14 125
14 126
15 131
15 132
15 133
15 137
15 142
15 143
15 145
15 147
15 1172
15 149
15 23
15 152
15 25
15 26
15 27
15 28
15 158
15 159
15 162
15 155
15 165
15 166
15 169
15 171
15 174
15 178
15 134
15 191
15 139
15 108
15 109
15 112
15 113
15 115
15 119
15 120
15 125
15 126
16 133
16 137
16 139
16 142
16 143
16 145
16 147
16 1172
16 149
16 23
16 408
16 25
16 26
16 27
16 28
16 159
16 162
16 134
16 171
16 174
16 191
16 192
16 152
16 165
16 487
16 488
16 109
16 112
16 113
16 115
16 125
16 126
17 133
17 137
17 139
17 142
17 143
17 145
17 147
17 1172
17 149
17 23
17 408
17 25
17 26
17 27
17 28
17 159
17 162
17 134
17 171
17 174
17 191
17 192
17 152
17 165
17 487
17 488
17 109
17 112
17 113
17 115
17 125
17 126
18 133
18 137
18 142
18 143
18 145
18 147
18 1172
18 149
18 23
18 152
18 25
18 26
18 27
18 28
18 159
18 162
18 134
18 171
18 174
18 191
18 192
18 139
18 493
18 165
18 109
18 112
18 113
18 115
18 251
18 125
18 126
19 133
19 137
19 142
19 143
19 145
19 147
19 1172
19 149
19 23
19 152
19 25
19 26
19 27
19 28
19 159
19 162
19 134
19 171
19 174
19 191
19 192
19 139
19 493
19 165
19 109
19 112
19 113
19 115
19 251
19 125
19 126
20 128
20 133
20 137
20 139
20 142
20 143
20 145
20 147
20 1172
20 149
20 23
20 152
20 25
20 26
20 27
20 28
20 159
20 496
20 162
20 134
20 171
20 174
20 191
20 165
20 352
20 488
20 109
20 494
20 125
20 112
20 113
20 115
20 495
20 126
20 381
20 382
20 127
21 128
21 133
21 137
21 139
21 142
21 143
21 145
21 147
21 1172
21 149
21 23
21 152
21 25
21 26
21 27
21 28
21 159
21 496
21 162
21 134
21 171
21 174
21 191
21 165
21 352
21 488
21 109
21 494
21 125
21 112
21 113
21 115
21 495
21 126
21 381
21 382
21 127
22 133
22 137
22 139
22 142
22 143
22 404
22 149
22 23
22 152
22 25
22 27
22 159
22 496
22 162
22 134
22 171
22 174
22 125
22 309
22 701
22 191
22 352
22 109
22 494
22 495
22 112
22 113
22 115
22 126
22 1912
22 1172
22 381
22 382
23 25
23 26
23 27
23 30
23 39
23 95
23 108
23 109
23 110
23 111
23 112
23 113
23 114
23 115
23 116
23 117
23 118
23 119
23 120
23 121
23 122
23 123
23 124
23 125
23 126
23 127
23 128
23 129
23 130
23 131
23 132
23 133
23 134
23 135
23 136
23 137
23 138
23 139
23 140
23 141
23 144
23 145
23 146
23 147
23 1172
23 149
23 150
23 151
23 152
23 153
23 154
23 155
23 157
23 158
23 159
23 160
23 161
23 162
23 164
23 166
23 167
23 169
23 170
23 172
23 173
23 174
23 176
23 177
23 178
23 179
23 180
23 191
23 1736
23 148
23 1173
23 1174
24 131
24 132
24 133
24 137
24 139
24 143
24 145
24 147
24 1172
24 149
24 152
24 25
24 26
24 27
24 28
24 158
24 159
24 162
24 155
24 134
24 169
24 171
24 174
24 178
24 191
24 165
24 109
24 112
24 113
24 115
24 119
24 120
24 125
24 126
25 128
25 129
25 130
25 133
25 135
25 136
25 137
25 138
25 139
25 140
25 141
25 152
25 153
25 154
25 27
25 28
25 157
25 30
25 149
25 160
25 161
25 163
25 164
25 134
25 146
25 167
25 156
25 95
25 171
25 172
25 173
25 174
25 29
25 179
25 159
25 1172
25 1174
25 175
25 147
25 26
25 143
25 165
25 144
25 148
25 145
25 39
25 109
25 110
25 111
25 112
25 113
25 114
25 115
25 116
25 117
25 118
25 170
25 121
25 122
25 123
25 124
25 125
25 126
25 127
26 128
26 149
26 1172
26 133
26 135
26 136
26 137
26 138
26 139
26 140
26 141
26 142
26 150
26 152
26 153
26 154
26 27
26 157
26 30
26 159
26 1173
26 161
26 162
26 163
26 164
26 134
26 167
26 168
26 170
26 171
26 172
26 173
26 174
26 29
26 176
26 1074
26 179
26 95
26 1174
26 191
26 160
26 175
26 147
26 197
26 198
26 143
26 165
26 144
26 148
26 145
26 39
26 109
26 110
26 111
26 113
26 114
26 115
26 116
26 117
26 118
26 121
26 122
26 123
26 124
26 125
26 126
26 127
27 28
27 29
27 30
27 39
27 95
27 109
27 110
27 111
27 112
27 113
27 114
27 115
27 116
27 117
27 118
27 119
27 120
27 121
27 122
27 123
27 124
27 125
27 126
27 127
27 128
27 129
27 130
27 131
27 132
27 133
27 134
27 135
27 136
27 137
27 138
27 139
27 140
27 141
27 142
27 143
27 144
27 145
27 146
27 147
27 1172
27 149
27 150
27 151
27 152
27 153
27 154
27 155
27 156
27 157
27 158
27 159
27 160
27 161
27 162
27 163
27 164
27 165
27 167
27 168
27 169
27 170
27 171
27 172
27 173
27 174
27 175
27 176
27 177
27 178
27 179
27 180
27 191
27 1736
27 148
27 1173
27 1174
28 30
28 35
28 39
28 1074
28 179
28 95
28 109
28 110
28 111
28 112
28 113
28 114
28 1043
28 116
28 117
28 118
28 121
28 122
28 123
28 124
28 125
28 126
28 127
28 128
28 133
28 134
28 135
28 136
28 137
28 138
28 139
28 140
28 141
28 142
28 143
28 144
28 145
28 147
28 1172
28 149
28 150
28 152
28 153
28 154
28 156
28 157
28 159
28 160
28 161
28 162
28 164
28 167
28 168
28 170
28 172
28 173
28 174
28 176
28 115
28 191
28 1218
28 1220
28 197
28 198
28 738
28 148
28 1173
28 1174
28 504
28 505
28 506
28 507
28 508
29 131
29 132
29 133
29 137
29 139
29 142
29 143
29 145
29 147
29 1172
29 149
29 152
29 155
29 158
29 159
29 162
29 134
29 169
29 174
29 178
29 191
29 109
29 112
29 113
29 115
29 119
29 120
29 125
29 126
30 133
30 137
30 139
30 142
30 143
30 145
30 1172
30 149
30 152
30 159
30 162
30 134
30 171
30 174
30 1823
30 191
30 1615
30 1616
30 1879
30 165
30 1508
30 233
30 109
30 112
30 113
30 115
30 125
30 126
30 1301
31 32
31 1156
31 837
31 678
31 1511
31 1512
31 1513
31 1514
31 748
31 1839
31 1648
31 851
31 821
31 1624
31 900
31 2139
31 2111
33 352
33 387
33 139
33 94
33 1453
33 1491
33 1361
33 115
33 254
33 89
33 414
34 352
34 387
34 139
34 94
34 1453
34 1491
34 1361
34 115
34 254
34 89
34 414
35 142
35 147
35 496
35 163
35 165
35 156
35 1218
35 1220
35 352
35 738
35 494
35 495
35 112
35 113
35 1043
35 504
35 505
35 506
35 507
35 508
36 1088
36 66
36 1157
36 102
36 1087
37 1088
37 66
37 1157
37 102
37 1087
38 1088
38 66
38 1157
38 102
38 1087
39 133
39 134
39 137
39 139
39 142
39 143
39 145
39 147
39 1172
39 149
39 152
39 159
39 496
39 162
39 165
39 171
39 174
39 125
39 191
39 352
39 109
39 494
39 495
39 112
39 113
39 115
39 126
39 381
39 382
40 352
40 387
40 710
40 139
40 1453
40 1491
40 1361
40 115
40 94
40 414
40 89
40 254
41 98
41 361
41 42
41 43
41 45
41 53
41 54
42 1298
42 43
42 44
43 65
43 1799
43 296
43 45
44 608
44 1408
44 742
44 45
44 878
44 893
44 435
44 212
44 213
44 215
44 1689
44 586
44 606
44 607
46 2048
46 1428
46 277
46 280
46 794
46 795
46 560
46 1704
46 1196
46 47
46 48
46 1206
46 1865
46 1866
46 574
46 457
46 458
46 462
46 611
46 1627
46 1914
46 867
46 612
46 2032
46 1000
46 1001
46 1002
46 1003
46 1004
46 1005
46 1006
46 1007
46 1008
46 1009
46 1235
46 500
46 1875
46 1533
47 48
47 144
47 138
48 2048
48 1161
48 1295
48 1428
48 1006
48 1518
48 795
48 671
48 1704
48 560
48 1439
48 451
48 1223
48 219
48 2107
48 1126
48 1002
48 235
48 1517
48 366
48 367
48 1008
49 1576
49 1260
49 76
49 77
49 78
49 79
49 80
49 50
49 1261
49 884
49 53
49 54
49 882
50 1260
50 1261
50 51
50 52
50 53
50 54
51 1260
51 53
51 54
51 1261
52 72
52 746
52 1260
52 621
52 1261
52 53
52 54
52 313
52 314
52 284
52 895
53 342
53 1327
53 2098
53 335
53 336
53 337
53 338
53 339
53 340
53 341
53 1494
53 343
53 738
53 1260
53 1261
53 626
53 627
54 342
54 1327
54 2098
54 335
54 336
54 337
54 338
54 339
54 340
54 341
54 1494
54 343
54 738
54 1260
54 1261
54 626
54 627
55 56
56 64
56 290
56 1298
56 1234
56 57
56 58
56 59
56 60
56 61
56 62
56 63
57 1153
57 1068
57 816
57 63
57 1919
58 928
58 1194
59 289
60 1984
60 1090
60 1091
60 106
60 1291
60 2018
60 2000
60 2002
60 2019
61 577
61 576
62 928
62 1377
62 1762
62 1292
62 618
62 1132
62 719
62 1520
62 305
62 1775
62 861
63 1529
63 1153
64 1455
65 288
65 718
65 693
65 694
65 695
65 697
66 896
66 67
66 103
66 1896
66 234
66 1420
66 304
66 2033
66 1827
66 1753
66 345
66 285
66 2052
67 779
67 68
67 69
67 70
67 71
67 72
67 73
67 74
67 75
67 365
67 591
67 368
67 1489
67 741
67 2133
67 952
67 1753
67 103
67 1148
67 735
68 640
68 905
68 1418
68 1419
68 272
68 1045
68 69
68 70
68 583
68 310
68 311
68 952
68 197
68 198
68 71
68 312
68 2133
68 1753
68 1754
68 990
68 741
68 102
68 103
68 1016
68 1018
68 1021
69 1418
69 1420
69 285
69 287
69 1824
69 197
69 933
69 453
69 743
69 311
69 952
69 70
69 1856
69 246
69 198
69 71
69 339
69 2133
69 342
69 1753
69 735
69 738
69 739
69 741
69 103
69 1128
69 1131
69 1398
69 1017
69 1018
69 1021
70 1075
70 871
70 72
70 1834
70 103
70 1838
70 741
70 2133
70 952
70 1753
70 883
70 1148
70 1277
70 1278
70 735
71 741
71 1075
71 871
71 72
71 1834
71 103
71 1838
71 883
71 2133
71 952
71 1753
71 1148
71 1277
71 1278
71 735
72 1768
72 2058
72 1767
72 368
72 1119
73 1141
76 194
76 804
76 81
76 82
76 410
77 424
77 243
78 194
78 804
78 81
78 1776
78 82
78 410
79 304
79 2033
79 80
79 585
79 590
79 591
79 592
79 1109
79 214
79 92
80 1712
80 2011
80 423
80 2159
80 364
80 1711
80 1744
80 242
80 1367
80 251
80 636
81 804
81 262
81 263
81 264
81 373
81 410
81 1180
82 804
82 262
82 263
82 264
82 373
82 410
82 1180
83 320
83 960
83 322
83 324
83 677
83 462
83 1170
83 84
83 1204
83 858
83 1115
83 634
83 510
83 319
84 321
84 322
84 323
84 1171
84 1204
84 85
84 324
84 319
85 320
85 960
85 322
85 324
85 677
85 1170
85 1204
85 858
85 1115
85 634
85 510
85 319
86 2148
86 1020
86 582
86 102
86 87
88 388
88 965
88 103
88 429
88 879
88 1040
88 1041
88 630
88 1753
88 89
88 94
89 102
89 103
89 878
89 1041
89 1753
89 90
89 91
89 92
89 1498
89 94
90 592
90 1602
90 1827
90 454
90 584
90 590
90 1040
90 91
90 94
91 592
91 1602
91 1827
91 454
91 584
91 590
91 1040
91 1498
91 94
92 96
92 97
92 99
92 100
92 101
92 780
92 369
92 579
92 148
92 179
92 93
92 94
92 95
93 96
93 97
93 579
93 100
93 179
93 199
93 200
93 1543
93 1011
93 148
93 1796
93 95
93 316
93 1119
94 99
94 1041
94 101
94 102
94 103
94 878
94 369
94 242
94 1753
94 1498
95 640
95 133
95 134
95 137
95 139
95 142
95 143
95 1172
95 149
95 152
95 159
95 162
95 171
95 174
95 191
95 321
95 579
95 735
95 109
95 112
95 113
95 115
95 125
95 126
96 386
96 579
96 388
96 387
96 302
96 99
96 1047
96 216
97 386
97 579
97 388
97 387
97 302
97 99
97 1047
97 216
99 100
100 386
100 579
100 388
100 387
100 302
100 1047
100 216
101 1753
101 102
101 103
102 394
102 268
102 271
102 1045
102 1047
102 196
102 197
102 582
102 307
102 308
102 1721
102 1418
102 1343
102 1602
102 581
102 198
102 583
102 584
102 585
102 591
102 339
102 342
102 216
102 738
102 1896
102 1016
102 1018
102 1020
102 1021
103 741
103 271
103 368
103 2133
103 952
103 735
104 576
104 577
104 928
104 1957
104 1191
104 105
104 875
104 1038
104 1680
104 1458
104 1731
104 1558
104 1051
104 2108
104 231
106 235
106 107
106 2156
106 1102
106 1199
106 1390
106 826
106 827
106 828
106 829
106 830
106 831
107 108
107 646
108 131
108 132
108 261
108 646
108 135
108 1173
108 150
108 152
108 155
108 159
108 545
108 647
108 175
108 560
108 436
108 191
108 1218
108 161
108 841
108 597
108 599
108 218
108 143
108 1759
108 353
108 109
108 117
108 118
108 119
108 120
108 506
109 110
109 111
109 112
109 113
109 114
109 115
109 116
109 117
109 118
109 119
109 120
109 121
109 122
109 123
109 124
109 125
109 126
109 127
109 128
109 129
109 130
109 131
109 132
109 133
109 134
109 135
109 136
109 137
109 138
109 139
109 140
109 141
109 142
109 143
109 144
109 145
109 146
109 147
109 148
109 149
109 150
109 151
109 152
109 153
109 154
109 155
109 156
109 157
109 158
109 159
109 160
109 161
109 162
109 163
109 164
109 165
109 166
109 167
109 168
109 169
109 170
109 171
109 172
109 173
109 174
109 175
109 176
109 177
109 178
109 179
109 180
109 1736
109 1172
109 1173
109 1174
110 133
110 137
110 142
110 143
110 145
110 1172
110 149
110 152
110 159
110 162
110 165
110 171
110 174
110 134
110 191
110 192
110 193
110 408
110 112
110 113
110 115
110 116
110 125
110 126
111 384
111 133
111 137
111 139
111 142
111 143
111 145
111 147
111 1172
111 149
111 408
111 159
111 800
111 801
111 162
111 134
111 171
111 174
111 191
111 192
111 152
111 165
111 112
111 113
111 125
111 126
111 383
112 113
112 114
112 115
112 116
112 117
112 118
112 119
112 120
112 121
112 122
112 123
112 124
112 125
112 126
112 127
112 128
112 129
112 130
112 131
112 132
112 135
112 136
112 137
112 138
112 139
112 140
112 141
112 142
112 143
112 144
112 145
112 146
112 147
112 148
112 149
112 150
112 151
112 152
112 153
112 154
112 155
112 156
112 157
112 158
112 159
112 160
112 161
112 162
112 163
112 164
112 165
112 167
112 168
112 169
112 170
112 171
112 172
112 173
112 174
112 175
112 176
112 177
112 178
112 179
112 180
112 191
112 1736
112 222
112 223
112 224
112 259
112 1172
112 1173
112 1174
113 114
113 115
113 116
113 117
113 118
113 119
113 120
113 121
113 122
113 123
113 124
113 125
113 126
113 127
113 128
113 129
113 130
113 131
113 132
113 133
113 134
113 135
113 136
113 137
113 138
113 139
113 140
113 141
113 142
113 143
113 144
113 145
113 146
113 147
113 148
113 149
113 150
113 151
113 152
113 153
113 154
113 155
113 156
113 157
113 158
113 159
113 160
113 161
113 162
113 163
113 164
113 165
113 167
113 168
113 169
113 170
113 171
113 172
113 173
113 174
113 175
113 176
113 177
113 178
113 179
113 180
113 191
113 1736
113 222
113 223
113 224
113 259
113 260
113 1172
113 1173
113 1174
114 133
114 137
114 139
114 142
114 143
114 145
114 1172
114 149
114 152
114 159
114 162
114 165
114 171
114 174
114 134
114 191
114 115
114 125
114 126
115 116
115 117
115 118
115 121
115 122
115 123
115 124
115 125
115 126
115 127
115 128
115 129
115 130
115 133
115 134
115 135
115 137
115 138
115 142
115 143
115 144
115 145
115 146
115 147
115 148
115 149
115 150
115 152
115 153
115 154
115 156
115 157
115 159
115 160
115 161
115 162
115 163
115 164
115 165
115 167
115 168
115 170
115 171
115 172
115 173
115 174
115 175
115 176
115 179
115 180
115 191
115 1218
115 800
115 801
115 352
115 353
115 1172
115 381
115 382
115 383
115 384
115 1174
115 1173
115 496
116 133
116 137
116 142
116 143
116 145
116 1172
116 149
116 408
116 409
116 410
116 411
116 412
116 159
116 162
116 134
116 171
116 174
116 191
116 192
116 344
116 152
116 165
116 125
116 126
117 131
117 132
117 133
117 137
117 139
117 142
117 143
117 145
117 147
117 1172
117 149
117 152
117 158
117 159
117 162
117 155
117 134
117 166
117 169
117 171
117 174
117 178
117 191
117 165
117 119
117 120
117 125
117 126
118 131
118 132
118 133
118 137
118 142
118 143
118 145
118 147
118 1172
118 149
118 152
118 158
118 159
118 162
118 155
118 134
118 166
118 169
118 171
118 174
118 178
118 191
118 139
118 165
118 119
118 120
118 125
118 126
119 128
119 131
119 132
119 133
119 134
119 135
119 137
119 151
119 1172
119 149
119 150
119 152
119 155
119 158
119 159
119 1173
119 161
119 164
119 166
119 167
119 168
119 169
119 171
119 172
119 174
119 175
119 177
119 178
119 191
119 1736
119 143
119 121
119 122
119 125
119 126
119 127
120 128
120 131
120 132
120 133
120 134
120 135
120 137
120 151
120 1172
120 149
120 150
120 152
120 155
120 158
120 159
120 1173
120 161
120 164
120 166
120 167
120 168
120 169
120 171
120 172
120 174
120 175
120 177
120 178
120 191
120 1736
120 143
120 121
120 122
120 125
120 126
120 127
121 131
121 132
121 133
121 137
121 142
121 143
121 145
121 147
121 1172
121 149
121 152
121 158
121 159
121 162
121 155
121 134
121 169
121 171
121 174
121 178
121 191
121 139
121 165
121 125
121 126
122 131
122 132
122 133
122 137
122 142
122 143
122 145
122 147
122 1172
122 149
122 152
122 158
122 159
122 162
122 155
122 134
122 169
122 171
122 174
122 178
122 191
122 139
122 165
122 125
122 126
123 133
123 137
123 142
123 143
123 145
123 147
123 1172
123 149
123 152
123 159
123 162
123 134
123 171
123 174
123 191
123 192
123 139
123 493
123 165
123 251
123 125
123 126
124 133
124 137
124 142
124 143
124 145
124 147
124 1172
124 149
124 152
124 159
124 162
124 134
124 171
124 174
124 191
124 192
124 139
124 493
124 165
124 251
124 125
124 126
125 127
125 128
125 129
125 130
125 131
125 132
125 133
125 134
125 135
125 136
125 137
125 138
125 139
125 140
125 141
125 142
125 143
125 144
125 145
125 146
125 147
125 148
125 1173
125 150
125 151
125 152
125 153
125 154
125 155
125 156
125 157
125 158
125 159
125 160
125 161
125 162
125 163
125 164
125 165
125 167
125 168
125 169
125 170
125 171
125 172
125 173
125 174
125 175
125 176
125 177
125 178
125 179
125 180
125 191
125 1736
125 149
125 1174
126 127
126 128
126 129
126 130
126 131
126 132
126 133
126 134
126 135
126 136
126 137
126 138
126 139
126 140
126 141
126 142
126 143
126 144
126 145
126 146
126 147
126 148
126 1173
126 150
126 151
126 152
126 153
126 154
126 155
126 156
126 157
126 158
126 159
126 160
126 161
126 162
126 163
126 164
126 165
126 167
126 168
126 169
126 170
126 171
126 172
126 173
126 174
126 175
126 176
126 177
126 178
126 179
126 180
126 191
126 1736
126 149
126 1174
127 128
127 149
127 131
127 132
127 133
127 137
127 139
127 142
127 143
127 145
127 147
127 152
127 155
127 158
127 159
127 162
127 134
127 169
127 171
127 174
127 178
127 191
127 165
127 1172
127 127
128 128
128 149
128 131
128 132
128 133
128 137
128 139
128 142
128 143
128 145
128 147
128 152
128 155
128 158
128 159
128 162
128 134
128 169
128 171
128 174
128 178
128 191
128 165
128 1172
129 133
129 137
129 139
129 142
129 143
129 404
129 149
129 152
129 159
129 496
129 162
129 134
129 171
129 174
129 309
129 191
129 352
129 494
129 495
129 1912
129 1172
129 381
129 382
130 133
130 137
130 139
130 142
130 143
130 404
130 149
130 152
130 159
130 496
130 162
130 134
130 171
130 174
130 309
130 191
130 352
130 494
130 495
130 1912
130 1172
130 381
130 382
131 131
131 132
131 133
131 134
131 135
131 137
131 151
131 1172
131 149
131 150
131 152
131 155
131 158
131 159
131 1173
131 161
131 164
131 166
131 167
131 168
131 169
131 171
131 172
131 174
131 175
131 177
131 178
131 191
131 1736
131 143
132 132
132 133
132 134
132 135
132 137
132 151
132 1172
132 149
132 150
132 152
132 155
132 158
132 159
132 1173
132 161
132 164
132 166
132 167
132 168
132 169
132 171
132 172
132 174
132 175
132 177
132 178
132 191
132 1736
132 143
133 135
133 136
133 137
133 138
133 139
133 140
133 141
133 142
133 143
133 144
133 145
133 146
133 147
133 148
133 149
133 150
133 151
133 152
133 153
133 154
133 155
133 156
133 157
133 158
133 159
133 160
133 161
133 162
133 163
133 164
133 165
133 167
133 168
133 169
133 170
133 171
133 172
133 173
133 174
133 175
133 176
133 177
133 178
133 179
133 180
133 191
133 1736
133 1172
133 1173
133 1174
134 135
134 136
134 137
134 138
134 139
134 140
134 141
134 142
134 143
134 144
134 145
134 146
134 147
134 148
134 149
134 150
134 151
134 152
134 153
134 154
134 155
134 156
134 157
134 158
134 159
134 160
134 161
134 162
134 163
134 164
134 165
134 167
134 168
134 169
134 170
134 171
134 172
134 173
134 174
134 175
134 176
134 177
134 178
134 179
134 180
134 191
134 1736
134 1172
134 1173
134 1174
135 137
135 142
135 143
135 145
135 147
135 1172
135 149
135 152
135 158
135 159
135 162
135 155
135 166
135 169
135 171
135 174
135 178
135 191
135 192
135 139
135 165
136 137
136 142
136 143
136 145
136 147
136 1172
136 149
136 152
136 159
136 800
136 162
136 165
136 171
136 174
136 191
136 192
136 139
136 408
136 495
137 138
137 139
137 140
137 141
137 142
137 143
137 144
137 145
137 146
137 147
137 148
137 1173
137 150
137 151
137 152
137 153
137 154
137 155
137 156
137 157
137 158
137 159
137 160
137 161
137 162
137 163
137 164
137 165
137 167
137 168
137 169
137 170
137 171
137 172
137 173
137 174
137 175
137 176
137 177
137 178
137 179
137 180
137 191
137 1736
137 1172
137 1174
138 139
138 142
138 143
138 145
138 1172
138 149
138 152
138 159
138 162
138 171
138 174
138 191
138 165
139 140
139 141
139 142
139 143
139 144
139 145
139 146
139 148
139 149
139 150
139 152
139 153
139 154
139 156
139 157
139 159
139 160
139 161
139 162
139 163
139 164
139 165
139 167
139 168
139 170
139 171
139 172
139 173
139 174
139 175
139 176
139 179
139 180
139 191
139 1218
139 352
139 353
139 1172
139 381
139 382
139 1173
139 1174
139 409
139 410
139 412
139 495
139 496
140 142
140 143
140 145
140 147
140 1172
140 149
140 408
140 159
140 800
140 162
140 171
140 174
140 905
140 436
140 191
140 192
140 152
140 165
140 495
141 384
141 142
141 143
141 145
141 147
141 1172
141 149
141 408
141 159
141 800
141 801
141 162
141 171
141 174
141 191
141 192
141 152
141 165
141 383
142 545
142 549
142 143
142 144
142 145
142 146
142 147
142 1172
142 150
142 152
142 153
142 154
142 156
142 157
142 159
142 160
142 161
142 162
142 163
142 164
142 165
142 167
142 170
142 171
142 172
142 173
142 174
142 175
142 179
142 222
142 223
142 224
142 739
142 259
142 869
142 870
142 148
142 1174
143 144
143 145
143 146
143 147
143 1172
143 149
143 150
143 151
143 152
143 153
143 154
143 155
143 156
143 157
143 158
143 159
143 160
143 161
143 162
143 163
143 164
143 165
143 166
143 167
143 168
143 169
143 170
143 171
143 172
143 173
143 174
143 175
143 176
143 177
143 178
143 179
143 180
143 191
143 1736
143 148
143 1173
143 1174
144 145
144 1172
144 149
144 152
144 159
144 162
144 171
144 174
144 191
144 165
145 149
145 1172
145 150
145 408
145 159
145 1173
145 161
145 162
145 163
145 164
145 167
145 168
145 170
145 171
145 154
145 173
145 174
145 157
145 176
145 172
145 1174
145 191
145 192
145 160
145 175
145 147
145 152
145 487
145 153
146 404
146 149
146 152
146 159
146 496
146 162
146 171
146 174
146 309
146 701
146 191
146 352
146 488
146 494
146 495
146 1912
146 1172
146 381
146 382
147 149
147 1172
147 259
147 150
147 152
147 153
147 154
147 159
147 160
147 161
147 1173
147 164
147 167
147 168
147 170
147 172
147 174
147 176
147 1174
147 191
147 192
147 175
147 1014
147 493
147 162
147 163
147 222
147 223
147 224
147 165
147 251
147 502
147 171
147 1015
147 248
148 640
148 1172
148 149
148 152
148 159
148 162
148 171
148 174
148 191
148 321
148 579
148 735
149 1174
149 151
149 152
149 153
149 154
149 155
149 157
149 158
149 159
149 160
149 161
149 162
149 163
149 164
149 165
149 167
149 169
149 170
149 171
149 172
149 173
149 174
149 175
149 177
149 178
149 179
149 180
149 191
149 1736
149 1172
149 150
150 1172
150 152
150 158
150 159
150 162
150 155
150 166
150 169
150 171
150 174
150 178
150 165
151 1172
151 152
151 155
151 158
151 159
151 169
151 171
151 174
151 177
151 178
151 184
151 191
152 1172
152 153
152 154
152 155
152 156
152 157
152 158
152 160
152 161
152 162
152 163
152 164
152 165
152 166
152 167
152 168
152 169
152 170
152 171
152 172
152 173
152 174
152 175
152 176
152 177
152 178
152 179
152 180
152 191
152 1736
152 1336
152 1173
152 1174
153 1172
153 159
153 162
153 171
153 174
153 191
153 192
153 1224
153 1614
153 1615
153 1616
153 165
153 251
154 1172
154 159
154 162
154 171
154 174
154 191
154 192
154 165
154 251
155 279
155 1172
155 1173
155 280
155 158
155 159
155 161
155 164
155 166
155 167
155 168
155 169
155 171
155 172
155 174
155 175
155 177
155 178
155 191
155 1736
155 222
155 223
155 224
155 277
156 1043
156 1172
156 159
156 496
156 162
156 174
156 309
156 191
156 1218
156 1912
156 163
156 505
156 165
156 352
156 738
156 494
156 495
156 504
156 404
156 507
156 508
156 381
156 382
157 1172
157 159
157 162
157 171
157 173
157 174
157 191
157 165
158 1172
158 159
158 1173
158 161
158 164
158 167
158 168
158 169
158 171
158 172
158 174
158 175
158 177
158 178
158 191
158 1736
158 222
158 223
158 224
159 1172
159 1173
159 160
159 161
159 162
159 163
159 164
159 165
159 166
159 167
159 168
159 169
159 170
159 171
159 172
159 173
159 174
159 175
159 176
159 177
159 178
159 179
159 180
159 191
159 1736
159 1336
159 1174
160 1172
160 496
160 162
160 171
160 174
160 191
160 165
160 352
160 381
160 494
160 495
160 382
161 1172
161 162
161 166
161 169
161 171
161 174
161 178
161 191
161 192
161 165
162 1172
162 1173
162 163
162 164
162 165
162 167
162 168
162 170
162 171
162 172
162 173
162 174
162 175
162 176
162 179
162 180
162 191
162 1174
163 1172
163 495
163 496
163 174
163 191
163 1218
163 1220
163 352
163 738
163 1043
163 494
163 504
163 505
163 506
163 507
163 508
163 381
163 382
164 1172
164 169
164 171
164 174
164 178
164 191
164 165
165 1172
165 1173
165 408
165 1220
165 168
165 170
165 172
165 173
165 174
165 176
165 1174
165 191
165 192
165 1218
165 505
165 506
165 1043
165 738
165 507
165 487
165 508
165 167
165 504
166 261
166 1173
166 175
166 560
166 191
166 1218
166 597
166 599
166 218
166 220
166 1759
166 353
166 506
167 1172
167 169
167 171
167 174
167 178
167 191
168 1172
168 1173
168 545
168 169
168 171
168 174
168 176
168 178
168 549
168 739
168 869
168 870
169 1172
169 1173
169 171
169 172
169 174
169 175
169 177
169 191
169 1736
170 1172
170 408
170 171
170 174
170 191
170 192
170 487
171 1172
171 1173
171 172
171 173
171 176
171 177
171 178
171 179
171 180
171 191
171 1736
171 1174
172 1172
172 174
172 178
172 191
173 1172
173 174
173 191
174 1172
174 175
174 176
174 177
174 178
174 179
174 180
174 191
174 1736
174 1173
174 1174
175 1172
175 178
175 191
176 1172
176 1173
176 1049
176 545
176 1369
176 493
176 549
176 739
176 869
176 251
177 1172
177 415
177 418
177 178
177 566
177 184
177 191
177 1736
177 1250
178 1172
178 1173
178 191
178 1736
179 640
179 1172
179 191
179 321
179 579
179 735
179 1252
179 623
180 1172
180 496
180 309
180 381
180 701
180 352
180 494
180 495
180 382
180 1912
180 404
181 576
181 928
181 2147
181 710
181 526
181 719
181 819
181 182
181 376
181 1114
181 1051
181 861
181 351
182 441
182 1907
182 1703
183 434
183 184
183 185
183 186
183 189
183 1758
184 2016
184 1031
184 1736
184 329
184 247
184 1036
184 2008
184 185
184 186
184 187
184 188
184 189
184 190
185 434
185 186
185 189
185 1758
186 736
186 740
186 1031
186 329
186 1036
186 2008
186 434
186 244
186 1758
186 187
186 188
186 189
186 190
186 703
187 474
187 329
187 189
187 1705
187 475
187 282
188 282
188 329
188 189
188 1705
188 475
188 474
189 736
189 740
189 329
189 244
189 703
190 329
190 1121
191 1172
191 1174
191 1736
192 917
192 1174
192 952
192 1370
192 1371
192 1372
192 1147
194 195
194 196
194 197
194 198
195 1552
195 509
195 1181
195 338
195 1813
195 1494
195 313
195 1501
195 1982
195 1599
196 1099
196 197
196 455
196 1097
196 1098
196 843
196 1134
197 1418
197 271
197 913
197 915
197 917
197 582
197 435
197 1979
197 198
197 455
197 1097
197 339
197 2133
197 342
197 735
197 736
197 738
197 740
197 741
197 1041
197 876
197 877
197 1265
197 244
197 1018
197 1020
197 1021
198 1416
198 1417
198 1418
198 268
198 1218
198 271
198 1041
198 1219
198 1302
198 452
198 282
198 283
198 435
198 565
198 1979
198 1099
198 582
198 455
198 1097
198 1098
198 843
198 591
198 339
198 2133
198 342
198 735
198 736
198 353
198 738
198 740
198 741
198 877
198 1134
198 1021
198 244
198 1018
198 1020
198 893
199 200
199 1011
199 316
199 1543
200 1543
200 1011
200 316
201 203
201 1030
201 202
201 267
201 268
201 269
201 1315
201 286
202 1568
202 1985
202 203
202 204
202 286
203 1568
203 1569
203 1315
203 1030
203 268
203 269
203 1048
203 286
205 742
205 586
205 206
205 207
205 208
205 214
205 1689
205 217
205 1534
206 208
206 1534
206 207
207 208
207 217
207 1534
208 1689
208 217
209 210
209 215
209 212
209 469
209 213
210 1041
210 1047
210 211
210 212
210 213
210 214
210 215
210 216
211 215
211 212
211 469
211 213
212 1260
212 469
212 1689
213 1260
213 1550
213 469
213 1689
214 742
214 586
214 1260
214 590
214 1549
214 592
214 1041
214 1811
214 1298
214 469
214 1111
214 591
214 255
215 1260
215 469
215 1689
216 738
216 581
216 1418
216 1522
216 368
216 339
216 469
216 1018
216 1021
217 1534
218 932
218 261
218 1580
218 599
218 2072
218 506
218 219
218 221
218 510
218 1759
219 220
219 221
220 932
220 261
220 646
220 651
220 1580
220 2072
220 599
220 1759
220 506
220 221
220 510
221 396
221 725
221 2072
224 1282
224 1283
224 1285
224 1301
224 2076
224 1956
224 649
224 1208
224 1209
224 1357
224 1614
224 1615
224 1616
224 1506
224 1272
224 2043
225 226
225 227
225 228
225 229
225 230
225 231
225 232
225 361
225 362
225 233
226 227
226 228
226 229
226 230
226 231
226 232
226 233
226 361
227 229
227 230
227 231
227 232
227 233
227 361
228 229
228 230
228 231
228 232
228 233
228 361
229 231
229 232
229 361
229 470
229 233
230 231
230 232
230 361
230 470
230 233
231 361
231 844
231 232
231 995
231 233
231 488
232 361
232 233
233 1224
233 361
233 1506
233 1615
233 1616
233 1874
233 1285
234 235
234 562
234 237
235 2017
235 236
235 237
236 1761
236 1222
238 240
238 632
238 631
238 276
238 239
239 645
239 240
239 241
239 274
239 1422
239 2102
239 407
240 731
240 276
241 645
241 1702
241 276
241 407
241 315
242 896
242 1157
242 780
242 271
242 2064
242 273
242 419
242 420
242 421
242 422
242 423
242 424
242 1711
242 1712
242 313
242 314
242 2011
242 2016
242 364
242 243
242 1532
243 1576
243 896
243 1407
244 640
244 455
244 1010
244 245
244 1912
244 735
244 741
245 736
245 739
245 740
245 402
245 246
245 511
246 640
246 737
246 325
246 1715
246 952
246 634
246 637
246 735
248 249
248 250
248 251
250 1028
250 1894
250 1049
250 826
251 1219
251 1014
251 279
251 878
251 280
251 502
251 1015
251 1174
251 277
252 2064
252 1419
252 270
252 271
252 272
252 273
252 1532
252 253
252 254
253 1298
253 254
253 255
254 270
254 1491
254 414
255 1536
255 674
255 1187
255 1573
255 1382
255 1297
255 744
255 1545
255 1546
255 1547
255 1949
255 433
255 722
255 279
255 1944
255 1434
255 1814
255 510
256 257
257 258
257 1730
257 1701
258 1041
259 652
259 653
259 656
259 657
259 658
259 660
259 661
259 663
259 496
259 646
259 648
259 649
259 1463
259 1212
259 1213
259 1214
259 1215
259 1216
259 1217
259 971
259 973
259 974
259 352
259 494
259 495
259 659
260 1272
260 532
260 926
261 579
261 262
261 263
261 1180
261 1259
261 373
261 599
261 509
261 1759
262 1352
262 1351
262 264
262 1353
262 263
262 374
262 1913
262 506
262 1180
263 506
263 1180
264 804
264 373
264 2103
264 410
265 266
268 288
268 1568
268 286
268 287
269 1568
270 418
270 1925
270 1419
270 272
270 670
270 415
271 896
271 517
271 518
271 1580
271 599
271 1453
271 1042
271 1301
271 1912
271 1071
271 1054
271 1827
271 932
271 325
271 2087
271 428
271 1266
271 1583
271 1584
271 1585
271 1343
271 321
271 835
271 1093
271 454
271 1097
271 586
271 1361
271 468
271 341
271 343
271 1753
271 602
271 356
271 742
271 361
271 363
271 878
271 368
271 497
271 628
271 1385
271 1016
271 890
271 1533
271 1045
272 583
272 1418
272 1018
272 1021
273 1827
273 602
273 325
273 361
273 599
273 1071
273 368
273 835
273 628
273 1097
273 890
273 1533
274 1420
274 1490
274 275
274 276
274 277
274 278
274 279
274 280
274 281
274 282
274 283
274 284
274 285
275 872
275 306
275 1422
276 645
276 1702
276 1422
276 2102
276 407
276 315
277 1422
277 602
278 872
278 306
278 1422
279 1422
279 602
280 1533
280 1422
280 1050
280 602
281 1542
281 586
281 1362
281 1613
281 2093
281 605
281 1246
282 353
282 1218
282 1219
282 1414
282 1415
282 1416
282 1417
282 1574
282 1420
282 1422
282 1041
282 1491
282 565
282 1302
282 283
282 285
282 414
283 353
283 1218
283 1219
283 1416
283 1417
283 1420
283 1422
283 1041
283 565
283 1302
283 285
283 360
284 1422
285 710
285 742
285 586
285 1421
285 1422
285 335
285 340
286 1569
286 1030
286 1048
287 1824
287 2144
287 1064
287 1418
287 1131
287 1021
287 616
287 1018
287 380
287 1565
288 1856
288 738
288 342
288 339
288 1799
288 1418
288 555
288 686
288 1011
288 1398
288 1017
288 1018
288 1021
289 714
290 291
291 1069
291 918
291 1149
292 1586
292 1276
292 293
292 333
294 295
297 298
298 299
299 1339
299 1065
299 1931
299 817
299 1929
299 1115
299 1564
299 413
300 301
300 1006
301 2107
302 545
302 387
302 388
302 303
302 880
302 881
302 1075
304 371
304 372
306 1385
306 1418
306 1490
306 307
306 308
306 1721
306 1018
306 1021
307 872
307 1788
307 1074
308 872
308 1788
308 1074
309 404
310 615
310 905
310 625
310 312
310 990
311 799
311 321
311 644
311 1407
311 494
311 741
311 798
311 2133
311 795
311 796
311 797
311 1406
311 735
312 905
312 778
312 777
313 580
313 1127
313 620
313 621
313 1367
313 792
313 314
313 636
313 1247
314 621
314 1247
315 407
316 1011
316 317
316 318
317 2018
317 743
317 1903
317 817
317 1011
317 792
317 1595
317 318
318 1856
318 957
318 1045
318 1398
318 1016
318 1017
318 1019
319 320
319 321
319 323
319 324
319 1171
319 1204
320 321
320 322
320 323
320 324
320 1204
320 1171
321 644
321 798
321 548
321 322
321 323
321 324
321 586
321 339
321 342
321 738
321 742
321 494
321 1406
321 1407
322 323
322 1171
322 1204
322 324
323 324
324 1171
324 1204
325 1410
325 1412
325 398
325 399
325 2064
325 1411
325 1815
325 1413
325 675
325 1715
325 1076
325 693
325 697
325 326
325 328
325 737
325 739
325 367
325 501
325 634
325 1532
325 637
326 329
326 330
326 327
327 675
327 676
327 328
327 330
327 1074
327 501
327 509
327 510
328 329
328 330
328 331
329 675
329 1031
329 1033
329 1034
329 1035
329 1036
329 1032
329 2008
329 501
329 1129
329 2091
330 545
330 675
330 1621
330 402
330 403
330 501
330 729
330 730
330 511
331 1840
332 333
333 334
334 768
334 772
334 773
334 784
334 785
334 786
334 787
334 788
334 790
334 1669
334 1586
334 822
334 842
334 1983
334 1986
334 1987
334 841
334 1226
334 1228
334 1230
334 1229
334 724
334 2041
334 1249
334 1169
334 1773
334 1273
334 1274
334 1275
334 1916
335 1420
335 336
335 2098
335 343
335 955
335 956
335 957
335 958
335 341
336 337
336 2098
336 340
336 341
336 343
337 370
337 340
337 343
337 955
338 1416
338 1417
338 627
338 1302
339 1042
339 1044
339 1045
339 1046
339 1047
339 555
339 686
339 956
339 958
339 582
339 342
339 1754
339 735
339 741
339 1016
339 1020
340 1420
340 2098
340 343
340 955
340 956
340 957
340 958
340 341
341 1185
341 955
341 2084
341 1159
341 1993
341 1579
341 598
341 2098
341 1086
342 1550
342 1042
342 1044
342 1045
342 1046
342 1047
342 555
342 956
342 958
342 582
342 1754
342 735
342 741
342 1016
342 1020
343 1185
343 2084
343 1159
343 1993
343 1579
343 598
343 2098
343 955
343 1086
344 345
344 346
345 672
345 482
345 483
345 484
345 485
345 486
345 459
345 803
345 1492
345 1493
345 346
345 671
346 672
346 482
346 483
346 484
346 485
346 486
346 459
346 803
346 1492
346 1493
347 376
347 377
347 378
347 348
348 1248
348 1223
348 1205
348 375
348 349
348 350
348 351
349 375
350 376
350 379
351 897
351 711
351 720
351 949
351 1562
352 1218
352 1118
352 353
352 494
352 495
352 496
352 381
352 382
353 1219
353 494
353 495
353 496
353 1041
353 565
353 381
353 382
354 355
354 360
354 2030
354 427
354 1995
354 1909
354 1515
355 356
355 357
355 358
355 359
355 360
356 1107
356 742
356 360
356 1705
356 586
356 2126
356 1104
356 1105
356 1106
356 1108
356 1109
356 1110
356 1844
356 474
356 475
356 509
357 360
357 1627
357 1469
358 360
358 1627
358 1469
359 360
359 586
359 1106
359 742
360 684
361 999
361 518
361 363
361 517
361 2064
361 515
361 1532
363 515
363 999
363 364
364 2016
364 423
364 1711
364 1712
364 2011
364 669
365 368
365 366
365 367
366 1489
366 1426
366 725
367 1344
367 1410
367 1411
367 1412
367 1489
367 1625
367 1413
368 1485
368 2064
368 1489
368 1945
368 1047
368 1753
368 1532
368 1759
370 2098
370 371
370 372
371 2033
372 2033
372 2129
373 1352
373 1351
373 1353
373 374
373 1913
373 506
373 1180
374 1912
375 866
375 376
375 377
375 378
375 379
376 866
376 1223
376 719
376 1904
376 2147
376 377
376 379
376 1205
377 1114
378 732
378 1168
378 889
378 860
378 1085
379 1063
381 1218
381 494
381 495
381 496
382 1218
382 494
382 495
382 496
383 800
383 801
383 802
383 487
383 384
383 727
384 800
384 802
384 804
384 487
384 727
385 744
385 386
386 1075
387 388
387 1298
388 964
388 965
388 1382
388 519
388 1383
388 1821
388 1266
388 879
388 1041
388 818
388 630
388 1423
388 509
388 429
388 1583
389 431
389 430
389 390
389 391
390 391
391 609
391 610
391 1800
391 1994
391 431
391 2099
391 569
392 393
392 1466
392 1012
392 1149
392 1877
394 912
394 1328
394 1537
394 395
394 396
394 397
394 398
394 399
394 400
394 401
394 1326
394 1327
395 602
395 1326
395 1327
396 925
396 1326
396 399
396 398
396 1327
397 1327
397 398
397 1326
397 399
398 1326
398 1327
398 1086
399 1326
399 1327
399 1086
400 934
400 1873
400 629
400 633
400 635
401 602
401 1326
401 1327
402 454
402 679
402 403
402 1912
402 730
402 509
403 729
403 511
404 454
404 2137
405 712
405 1100
405 1012
405 406
405 1480
407 645
407 1702
408 487
409 487
409 410
409 411
409 412
410 491
410 487
410 489
410 411
410 412
411 412
411 487
412 487
414 1416
414 1417
414 1302
415 416
415 690
415 1751
415 670
416 417
416 418
416 1298
418 1925
418 689
418 690
418 542
418 1751
418 670
420 741
420 1830
420 780
420 624
420 1689
420 735
421 691
421 1596
421 1826
422 741
422 1830
422 780
422 624
422 1689
422 735
423 1097
423 591
423 2010
423 1407
424 1576
424 896
424 1407
425 448
425 426
425 930
428 1569
428 806
428 615
428 776
428 905
428 777
429 964
429 1062
429 806
429 1423
429 1945
429 1943
429 1967
429 1821
430 1013
430 449
430 643
430 1061
431 568
431 569
432 433
432 930
432 1382
433 1298
434 1759
435 896
435 744
435 745
435 746
435 436
435 895
435 894
435 703
436 649
436 437
436 893
436 894
437 1840
437 862
438 1790
438 846
438 759
438 749
438 750
438 751
438 752
438 760
438 754
438 755
438 756
438 757
438 758
438 439
438 440
438 762
438 763
438 764
438 765
438 766
438 767
439 440
439 1790
439 749
439 849
440 846
440 766
440 749
440 750
440 751
440 752
440 753
440 754
440 755
440 757
440 758
440 759
440 760
440 761
440 762
440 763
440 764
440 765
440 1790
440 767
441 996
441 528
441 529
441 1298
441 442
442 443
442 444
442 445
442 446
442 447
443 537
443 1562
445 528
446 528
447 528
447 488
448 449
448 611
448 462
450 451
451 825
452 453
452 455
452 1128
452 456
452 933
453 456
453 454
453 455
454 1093
454 805
454 2088
454 701
454 1088
454 1096
454 1356
454 729
454 1498
454 1499
454 1500
454 933
454 744
454 1128
454 1140
454 511
455 736
455 1128
455 456
455 740
455 933
455 1093
456 1128
456 933
459 460
459 461
459 1186
462 1923
462 1516
462 781
462 1064
462 1195
462 1330
462 1594
462 1339
462 711
462 1867
462 463
462 464
462 465
462 466
462 2000
462 1764
462 1895
462 1900
462 467
462 2168
462 1535
468 806
469 1041
469 1047
470 1096
470 1298
470 1500
471 480
471 481
471 1506
471 1705
471 1948
471 472
471 473
471 474
471 475
471 476
471 477
471 478
471 479
472 480
472 1506
472 1705
472 1948
472 1644
472 473
472 474
472 475
472 476
472 477
472 478
472 479
473 481
473 1506
473 1027
473 1948
473 1706
473 1707
473 476
473 477
473 479
474 481
474 1506
474 1027
474 1385
474 1705
474 1706
474 1707
474 476
474 635
474 1180
474 1298
474 477
474 475
474 479
475 481
475 1506
475 1027
475 1385
475 1705
475 1706
475 1707
475 476
475 635
475 1180
475 1298
475 477
475 479
476 480
476 481
476 1705
476 1948
476 477
476 478
476 479
477 480
477 481
477 1506
477 1705
477 1948
477 1259
477 478
478 480
478 481
478 1506
478 1027
478 1385
478 1706
478 1707
478 1298
478 635
478 479
479 480
479 481
479 1506
479 1027
479 1705
479 1948
480 481
480 1506
480 1027
480 1385
480 1706
480 1707
480 1298
480 635
481 1506
481 1705
481 1948
481 1644
482 483
482 484
482 485
482 1492
482 1493
483 484
483 485
483 486
483 1492
484 485
484 486
484 1492
484 1493
485 486
485 1492
485 1493
486 1492
486 1493
487 800
487 801
487 803
487 495
487 794
488 642
488 1288
488 1154
488 1038
488 529
488 1731
488 1817
488 1818
488 928
488 1041
488 577
488 963
488 2116
488 2117
488 2118
488 2119
488 2120
488 2121
488 2122
488 844
488 1501
489 804
489 490
489 492
490 491
491 804
491 492
493 1174
494 640
494 644
494 795
494 797
494 798
494 799
494 800
494 796
494 1218
494 735
494 496
494 1406
495 800
495 1218
495 803
495 853
495 496
496 811
496 1218
498 2020
498 1286
498 1991
498 499
498 1333
498 1188
499 500
499 863
502 503
504 738
504 1220
504 1218
504 1043
504 505
504 506
504 507
504 508
505 738
505 1220
505 508
505 1218
505 1043
505 506
505 507
506 1043
506 1180
506 1218
506 579
506 599
506 1759
506 738
506 1259
506 507
506 508
506 509
507 738
507 1220
507 508
507 1218
507 1043
508 738
508 1220
508 1218
508 1043
509 1074
509 1759
509 510
509 511
510 1171
510 1298
510 1074
511 679
511 1912
511 730
512 513
512 852
512 1287
513 514
515 516
515 517
515 518
515 1944
516 545
516 1828
516 999
516 1899
516 1298
516 1944
516 548
517 999
517 879
517 628
517 630
518 999
518 628
518 630
518 879
519 1382
519 1383
519 520
519 521
519 522
519 523
519 818
520 1568
520 521
520 522
520 523
520 524
521 1568
522 1568
523 1568
524 1689
525 526
526 1079
526 1558
527 527
528 1664
528 1548
528 1039
528 1732
528 811
528 1593
528 1731
528 708
528 993
528 996
528 997
528 1254
528 1255
528 1256
528 1907
528 1023
528 1022
528 1663
529 811
529 708
529 1255
530 811
530 810
530 531
530 812
530 710
531 532
532 1766
532 1072
532 725
532 1851
533 2067
533 1218
533 2115
533 534
533 1741
533 1363
533 1525
533 694
533 891
533 1853
533 2110
535 536
536 1892
538 1016
538 539
538 541
538 1045
539 1016
539 540
539 1045
541 1016
541 1045
542 544
542 685
542 690
542 1748
542 1749
542 1750
542 1751
542 670
542 543
543 544
544 1748
545 1173
545 546
545 547
545 549
545 870
545 649
545 1041
545 739
545 1369
545 1944
545 548
545 636
545 869
546 1899
546 548
547 1899
547 548
548 1505
548 1041
548 1944
549 739
549 869
549 870
549 649
549 1173
549 1049
549 1369
549 636
550 1408
550 1040
550 837
550 838
550 551
550 840
550 681
550 747
550 1356
550 560
550 1076
550 597
550 1815
550 2015
550 607
551 587
551 683
551 552
551 553
551 554
551 555
551 684
551 685
551 686
551 680
551 850
551 682
552 679
552 681
552 747
552 1134
552 1577
553 1408
553 1040
553 837
553 838
553 840
553 747
553 1356
553 560
553 1076
553 597
553 1815
553 607
554 747
554 837
554 838
554 840
554 681
554 682
554 587
554 1178
555 1628
555 738
555 2084
555 598
555 1094
555 744
555 681
555 1418
555 747
555 591
555 914
555 916
555 1095
555 1980
555 1018
555 1159
555 1021
556 557
556 558
556 559
557 558
557 559
558 559
560 742
560 586
561 608
561 1381
561 818
561 1265
561 562
561 883
561 1757
561 606
562 563
562 564
562 565
563 608
563 1381
563 818
563 1265
563 883
563 1757
563 606
564 608
564 1381
564 818
564 1265
564 883
564 1757
564 606
565 1218
565 1219
565 1416
565 1417
565 1041
565 1302
565 1367
565 792
565 636
567 568
568 1244
568 1905
568 569
568 570
568 571
568 572
568 573
568 1342
570 795
573 861
574 1479
574 643
574 575
576 1248
576 577
576 710
576 1223
576 1323
576 1038
576 1167
576 720
576 728
576 1562
576 861
577 578
578 928
579 580
581 1073
581 1047
582 738
582 1418
582 1803
582 1804
582 1021
582 1016
582 1018
582 1020
582 1802
583 741
583 1418
583 1419
583 1045
583 1016
583 1018
583 1021
583 2133
583 735
584 1498
584 1087
585 1691
586 1420
586 587
586 588
586 590
586 589
586 592
586 593
586 594
586 595
586 596
586 597
586 591
586 598
586 735
586 741
587 838
587 742
587 840
587 681
587 683
587 685
587 850
587 824
587 1177
587 839
587 682
588 1891
588 2084
588 742
588 1159
588 1160
588 598
590 742
590 2090
590 696
590 1498
591 674
591 742
591 2011
591 686
591 1712
591 1782
591 1781
591 1021
591 1018
591 1711
591 2140
591 1418
591 1109
592 742
592 2090
592 696
592 1498
593 1891
593 2084
593 742
593 1159
593 1160
593 598
594 742
595 742
595 1739
595 600
595 1130
595 1055
596 742
596 1739
596 600
596 1130
596 1055
597 742
598 1088
598 1351
598 1352
598 686
598 1625
598 2013
599 1739
599 2064
599 824
599 839
599 600
599 1177
599 1532
599 1055
600 601
602 1537
602 1328
602 2064
602 1532
603 1298
603 2135
603 2136
603 604
603 1725
603 1438
606 608
606 883
606 1148
607 1409
607 1040
607 1041
608 883
608 1148
613 930
613 1221
613 614
613 722
613 1467
613 1468
613 1885
615 1316
615 776
615 905
615 1234
615 693
616 617
618 936
618 892
618 618
618 619
618 688
618 905
618 924
619 1885
620 621
621 1127
621 780
622 1312
622 1801
622 1358
622 623
622 1496
622 926
623 1252
625 664
625 905
626 627
626 628
627 1505
627 1827
627 1494
627 961
628 1532
628 1965
628 1966
628 2064
628 1692
628 1693
629 879
629 912
629 913
629 914
629 915
629 916
629 917
629 630
630 878
630 631
630 632
630 633
630 634
630 635
631 1088
631 1345
631 879
631 1157
631 1158
631 1071
631 1873
631 1239
631 793
631 731
631 1788
631 1373
631 1413
632 1088
632 1345
632 1157
632 1158
632 1071
632 879
632 1873
632 1239
632 793
632 731
632 1788
632 1413
633 879
633 912
633 913
633 914
633 915
633 916
633 917
634 737
634 739
634 1715
634 879
634 1171
634 637
635 656
635 1705
635 1706
635 1707
635 879
635 912
635 913
635 914
635 915
635 916
635 917
635 1948
635 1213
635 1214
636 870
636 737
636 1715
636 1367
636 792
636 637
636 869
637 640
637 739
637 735
637 638
637 639
640 736
640 737
640 739
640 741
640 1715
640 2133
640 740
640 735
642 643
643 1637
643 1708
643 671
644 1285
644 2043
644 1407
645 1702
646 647
646 648
646 649
646 650
646 651
646 652
646 653
646 654
646 655
646 656
646 657
646 658
646 659
646 660
646 661
646 662
646 663
646 1846
646 1463
646 971
647 710
647 719
648 649
648 971
648 652
648 973
648 974
648 656
648 657
648 658
648 659
648 1463
648 663
649 1281
649 1285
649 652
649 656
649 657
649 658
649 659
649 1300
649 1301
649 662
649 663
649 1173
649 1846
649 1463
649 1212
649 1214
649 1216
649 1217
649 1733
649 973
649 974
649 976
649 869
649 870
649 660
649 2044
649 661
650 1145
650 1503
651 1472
651 711
651 1386
651 1387
651 1424
651 2004
652 653
652 656
652 657
652 658
652 659
652 660
652 661
652 662
652 663
652 1846
652 1463
652 1212
652 1213
652 1214
652 1215
652 1216
652 1217
652 1733
652 971
652 973
652 974
652 976
653 1217
653 663
653 973
653 974
653 656
653 658
653 659
653 1463
653 1212
654 768
654 772
654 773
654 784
654 785
654 786
654 787
654 788
654 821
654 790
654 791
654 724
654 789
655 1024
655 1025
655 1666
655 1773
655 1668
655 1669
655 1997
655 1848
655 784
655 785
655 787
655 788
655 790
655 1144
655 724
656 657
656 658
656 659
656 660
656 661
656 663
656 1463
656 1212
656 1213
656 1214
656 1215
656 1216
656 1217
656 971
656 973
656 974
657 658
657 659
657 661
657 662
657 663
657 1463
657 1214
657 1215
657 1216
657 1217
657 1733
657 971
657 973
657 974
657 976
657 1122
658 659
658 660
658 661
658 663
658 1463
658 1212
658 1213
658 1214
658 1215
658 1216
658 1217
658 971
658 973
658 974
659 660
659 661
659 663
659 1463
659 1212
659 1213
659 1214
659 1215
659 1216
659 1217
659 971
659 973
659 974
660 1216
660 1217
660 663
660 973
660 974
660 661
660 1463
660 1212
660 1213
660 1215
661 976
661 663
661 973
661 974
661 662
661 1463
661 1212
661 1213
661 1214
661 1215
662 1216
662 1217
662 973
662 974
662 976
662 1214
663 1463
663 1212
663 1213
663 1214
663 1215
663 1216
663 1217
663 971
663 973
663 974
665 665
665 1924
665 836
666 1905
666 667
666 668
667 1905
667 668
668 1905
670 1925
673 674
673 2027
673 1221
673 1384
673 1193
673 747
673 930
673 1581
673 1136
673 722
673 1187
673 1588
673 1526
673 2167
673 2074
674 1298
676 1280
676 1672
676 1421
676 1832
676 1074
677 960
677 1171
677 678
677 1170
677 858
677 859
677 1151
679 838
679 680
679 747
679 684
679 840
679 729
680 837
680 838
680 840
680 681
680 747
680 1134
680 2031
680 2075
681 683
681 682
681 684
681 685
681 686
682 747
682 837
682 838
682 840
682 839
682 824
682 1177
682 683
682 1178
683 747
683 837
683 838
683 840
683 1178
684 1345
684 747
684 837
684 838
684 840
684 1134
684 1343
685 837
685 838
685 840
685 747
685 718
685 689
685 850
685 694
685 695
686 738
686 1095
686 1094
686 744
686 1418
686 747
686 1159
686 914
686 916
686 1980
686 1018
686 1628
686 1021
686 2084
687 688
688 1112
689 690
689 1751
691 1596
693 2090
693 1799
693 718
693 694
693 695
693 696
694 1799
694 850
694 697
695 850
695 1799
696 697
697 1799
697 2090
698 699
699 700
701 1570
701 1571
701 1605
701 1511
701 1096
701 1684
701 1685
701 1500
701 702
701 1279
702 703
703 896
703 1605
703 744
703 1034
703 1035
703 1392
703 2069
703 893
703 1685
704 1304
704 705
704 1303
705 706
705 707
705 1670
705 1706
705 1905
705 1303
708 928
708 709
708 844
708 1364
708 1818
709 1664
709 1818
709 2082
710 1812
710 1559
710 1051
710 1055
710 1442
710 1444
710 1445
710 1446
710 1447
710 1448
710 1449
710 1450
710 1451
710 1452
710 1453
710 1454
710 1455
710 1456
710 1457
710 1458
710 1078
710 2108
710 949
710 1731
710 711
710 1354
710 717
710 720
710 1248
710 2128
710 1461
710 1262
710 1650
710 1404
710 1279
711 1386
712 713
713 1480
714 715
715 716
717 861
718 1799
719 2147
719 1223
720 1248
720 1323
720 721
720 1432
722 2049
722 2050
722 1952
722 1840
722 1314
722 1188
722 1968
722 817
722 951
722 1339
722 1729
722 1218
722 1347
722 1348
722 1224
722 1360
722 1617
722 723
722 1366
722 1765
722 1643
722 1136
722 2168
723 724
724 768
724 769
724 1348
724 1773
724 784
724 785
724 786
724 788
724 782
724 790
724 772
724 1668
724 1669
725 726
725 854
725 857
725 925
725 926
727 800
727 801
728 1562
729 730
731 2102
733 734
735 1715
735 952
735 2133
735 1753
735 1754
735 736
735 737
735 738
735 739
735 740
735 741
735 742
735 743
736 1010
736 741
736 1912
737 739
738 1042
738 1043
738 1044
738 1045
738 1046
738 1047
738 956
738 958
738 1218
738 1754
738 741
738 1016
738 1020
739 1173
739 870
739 1715
739 869
739 952
740 2113
740 1010
740 741
740 1912
741 952
741 2133
741 1753
741 1754
741 742
741 743
742 1420
742 1638
742 1640
742 1641
742 1639
742 2163
742 1399
743 1786
744 896
744 1298
745 894
746 774
746 1041
746 823
746 1179
746 893
747 748
747 850
747 1134
747 1225
748 940
748 1880
748 1881
748 1882
749 766
749 750
749 751
749 752
749 753
749 754
749 755
749 756
749 757
749 758
749 759
749 760
749 761
749 762
749 763
749 764
749 765
749 1790
749 767
750 760
750 758
750 751
750 752
750 753
750 754
750 755
750 756
750 757
750 759
750 761
750 762
750 763
750 764
750 765
750 766
750 767
751 1790
751 1090
751 1091
751 1236
751 752
751 753
751 754
751 755
751 756
751 757
751 758
751 759
751 760
751 761
751 762
751 763
751 764
751 765
751 766
751 767
752 760
752 1155
752 758
752 753
752 754
752 755
752 1556
752 759
752 761
752 762
752 763
752 765
752 766
753 754
753 755
753 756
753 757
753 758
753 762
753 764
753 765
753 766
754 1790
754 760
754 758
754 755
754 757
754 759
754 761
754 762
754 763
754 764
754 765
754 766
754 767
755 760
755 758
755 756
755 757
755 759
755 761
755 762
755 763
755 764
755 765
755 767
756 1725
756 758
756 817
756 757
756 759
756 760
756 761
756 762
756 763
756 764
756 765
756 766
756 767
757 760
757 758
757 759
757 761
757 762
757 763
757 764
757 765
757 766
757 767
758 760
758 759
758 761
758 762
758 763
758 764
758 765
758 766
758 767
759 760
759 762
759 763
759 764
759 765
759 766
759 767
760 762
760 763
760 764
760 765
760 766
760 767
761 817
761 762
761 765
761 767
762 764
762 765
762 766
762 767
763 817
763 764
763 765
763 766
763 767
764 817
764 767
764 765
764 2079
765 766
765 767
766 1090
766 817
766 767
768 769
768 772
768 773
768 782
768 784
768 785
768 786
768 787
768 788
768 790
768 1669
768 1586
768 821
768 822
768 1986
768 1987
768 841
768 1226
768 1228
768 1229
768 1231
768 1230
768 1169
768 1773
768 2041
768 1274
769 770
769 771
769 772
769 773
769 784
769 785
769 786
769 787
769 788
769 821
769 790
769 791
769 2041
769 1405
769 2037
770 791
770 782
770 785
771 791
771 782
771 785
772 1968
772 773
772 2155
772 1773
772 782
772 784
772 785
772 786
772 787
772 820
772 790
772 791
772 788
772 1669
773 782
773 790
773 785
773 786
773 787
773 788
773 821
773 822
773 1669
774 895
774 1180
774 775
775 1759
775 1179
775 823
776 777
776 778
777 905
777 1234
778 905
778 1234
778 816
780 1158
780 793
782 2041
782 783
782 784
782 785
782 786
782 787
782 788
782 789
782 790
782 791
782 1405
783 785
783 791
784 1024
784 1666
784 1669
784 1025
784 785
784 786
784 787
784 788
784 790
784 1668
784 1848
784 1142
784 1143
784 1144
785 1024
785 1025
785 1666
785 786
785 787
785 788
785 789
785 790
785 791
785 1668
785 1669
785 1968
785 821
785 822
785 1848
785 1981
785 1986
785 1987
785 1226
785 1228
785 1229
785 1231
785 1773
785 1997
785 1144
785 2041
785 1274
785 1405
786 787
786 788
786 789
786 790
786 791
786 1669
786 1968
786 821
786 822
786 1986
786 1987
786 1226
786 1228
786 1229
786 1230
786 1231
786 1169
786 1773
786 1908
786 2041
786 1274
787 788
787 790
787 1668
787 1669
787 821
787 822
787 1987
787 1226
787 1773
787 2041
787 1274
788 1024
788 1025
788 790
788 791
788 1668
788 1669
788 1968
788 821
788 822
788 1848
788 1981
788 1986
788 1987
788 1226
788 1229
788 1231
788 1773
788 1997
788 1144
788 2041
788 1274
789 791
789 2041
790 1773
790 821
790 822
790 1668
790 1669
791 1968
791 2041
791 1405
792 1158
792 793
792 1367
793 1677
793 1157
793 807
793 1453
793 1071
793 1361
793 883
795 808
796 808
797 808
798 1407
799 808
800 801
800 802
800 803
800 804
801 802
801 804
805 806
805 807
806 965
806 1260
806 1140
807 1140
807 1158
808 809
810 1643
810 1139
810 812
811 928
811 1255
811 844
811 1298
811 1364
811 1051
812 1643
812 1575
813 1065
813 1066
813 1067
813 1068
813 814
813 816
813 1630
813 959
814 816
814 1234
814 815
815 816
815 1233
815 1068
815 1919
816 1696
816 1920
816 1529
816 1636
816 1921
816 905
816 1066
816 1068
816 1232
816 1233
816 1234
816 1923
816 1495
816 1860
816 1919
817 1541
818 1382
818 1383
819 1051
820 821
820 822
821 1773
821 1669
822 1227
823 895
823 1179
823 1180
824 1178
825 1772
825 1771
827 902
827 1901
827 1390
827 1102
827 831
828 2156
828 1964
828 1390
828 1391
828 1102
828 829
828 830
828 831
829 1390
829 1102
829 830
829 831
830 1390
830 1102
831 1102
832 833
832 835
833 834
833 835
835 2064
835 1532
837 2126
837 850
837 1374
838 1134
838 1296
838 850
838 2126
838 1374
839 1178
840 844
840 1134
840 850
840 2126
840 1374
841 1249
841 1987
841 842
841 1229
841 2041
841 1273
841 1274
841 1275
841 2042
841 1983
842 1249
842 1637
842 920
842 921
842 922
844 1664
844 1792
844 1154
844 1288
844 1680
844 1041
844 1427
844 1431
844 1305
844 1818
844 1051
844 1306
844 1440
844 2082
844 1947
844 1445
844 2161
844 1817
844 1458
844 1732
844 1206
844 1593
844 1597
844 1346
844 1738
844 845
844 1746
844 1876
844 855
844 1626
844 993
844 1890
844 996
844 997
844 998
844 1255
844 1256
844 873
844 2026
844 2029
844 1008
844 1907
844 1652
844 1527
844 1787
844 1663
846 847
846 848
846 849
846 1790
848 1984
848 2018
848 1291
848 2019
849 1291
849 1791
854 855
855 856
855 857
856 1504
856 2003
857 1930
858 1171
858 859
859 960
859 1115
859 1170
860 861
860 862
861 1171
861 1051
861 1055
861 1441
861 1442
861 1443
861 1444
861 1445
861 1446
861 1447
861 1448
861 1449
861 1450
861 1451
861 1452
861 1453
861 1454
861 1455
861 1456
861 1457
861 1458
861 1459
861 1460
861 2108
861 1461
861 1484
861 2128
861 1378
861 1262
861 1404
861 1279
862 1840
862 2128
862 1620
862 889
864 865
864 1538
864 1323
864 907
864 1393
864 1394
864 1395
864 1396
867 868
869 870
869 1173
869 1369
870 1173
871 1702
872 1385
872 1418
872 1490
872 1721
872 1018
872 1021
873 874
873 875
873 1653
873 1470
873 1471
874 875
875 1652
875 1653
875 1470
875 1471
876 1265
876 877
876 913
876 915
876 917
876 1979
877 1041
877 1265
877 913
877 915
877 917
878 886
878 887
878 879
878 880
878 881
878 882
878 883
878 884
878 885
878 888
880 881
881 1075
882 1993
882 1579
882 1185
883 1158
883 1677
883 1465
884 1816
884 1579
885 1041
885 1871
886 1041
886 1871
887 1041
887 1871
888 1041
888 1871
890 2064
890 1532
893 896
893 894
893 895
895 1041
895 1179
896 2069
896 1407
897 898
898 899
900 1785
900 2127
900 901
901 1897
903 904
903 1050
905 906
905 1234
905 1491
906 1491
908 1858
908 1859
908 909
910 911
912 934
912 1873
913 1979
913 1265
913 1040
913 1041
913 914
913 915
913 916
913 917
914 1041
914 1040
914 917
915 1265
915 1530
915 1979
915 917
916 1041
916 1040
916 917
917 1979
917 1041
917 1265
917 1040
918 1059
918 919
920 921
920 922
923 924
923 1135
924 1762
924 1452
924 1555
924 948
924 1560
924 925
925 1851
926 1888
926 1700
926 1766
926 2092
926 2154
926 1612
926 1745
926 2137
926 1434
926 1476
926 927
928 1154
928 2051
928 1159
928 1288
928 1674
928 1678
928 1679
928 1680
928 1681
928 1682
928 1683
928 1558
928 1051
928 1055
928 929
928 1442
928 1572
928 1957
928 1191
928 1455
928 1457
928 2065
928 1593
928 2108
928 1223
928 2014
928 1355
928 2023
928 1246
928 1378
928 1254
928 1255
928 1256
928 935
928 1132
928 1645
928 1133
928 1907
928 1787
928 1404
928 2046
928 1279
930 931
930 1571
930 1253
934 1092
937 1056
937 1057
937 1058
937 939
937 938
937 1163
937 940
937 941
937 1166
937 1165
938 1056
938 1058
938 1163
938 1162
938 939
938 940
938 941
938 942
938 1165
938 945
938 946
938 1166
939 1056
939 1057
939 1058
939 1163
939 940
939 1165
939 1166
939 1164
939 1162
940 1056
940 1058
940 1163
940 1164
940 1165
940 1166
941 1056
941 1057
941 1058
941 1163
941 1164
941 1165
941 1166
942 944
942 945
942 946
942 943
947 948
947 2078
949 2028
950 1084
950 951
952 2133
952 1753
953 954
955 2098
955 1086
956 2087
956 1418
956 1018
956 1021
956 958
958 2087
958 1418
958 1018
958 1021
960 1171
961 962
961 1219
963 1625
963 964
963 1821
963 1423
964 965
965 1062
965 1423
965 1945
965 1943
965 1967
965 1821
966 967
967 968
969 970
971 976
971 1463
971 972
971 973
971 974
971 975
972 1465
972 975
973 1217
973 974
973 1846
973 1463
973 1212
973 1733
974 1846
974 1463
975 1465
977 978
979 980
981 982
982 1610
982 2083
982 2012
982 2094
983 984
983 1555
983 1556
983 1077
983 1631
984 1556
985 986
986 1810
987 988
988 989
991 992
991 1462
993 994
993 995
995 1458
995 1731
995 1445
996 997
999 1944
1008 1872
1010 1813
1010 1181
1010 1982
1010 1599
1011 1543
1012 1013
1016 1418
1016 1856
1016 1398
1016 1017
1016 1018
1016 1019
1016 1020
1016 1021
1017 1045
1017 1019
1018 1419
1018 1042
1018 1045
1018 1047
1018 1385
1018 1134
1018 1020
1019 1856
1019 1045
1019 1398
1020 1804
1020 1802
1020 1803
1020 1917
1020 1298
1020 1045
1020 1021
1020 1418
1021 1419
1021 1042
1021 1045
1021 1047
1021 1385
1021 1134
1024 1025
1024 1026
1024 1773
1024 1668
1024 1997
1024 1666
1025 1666
1025 1773
1025 1668
1025 1669
1025 1848
1025 1144
1026 2034
1027 1705
1027 1948
1028 1699
1028 1029
1030 1568
1031 1121
1034 1035
1035 1088
1036 1726
1036 1121
1037 1041
1037 1037
1037 1477
1040 1408
1040 1041
1040 1498
1041 1408
1041 1416
1041 1417
1041 1302
1041 1979
1041 1218
1041 1219
1041 1730
1042 1418
1042 1642
1043 1220
1043 1218
1045 1856
1045 1418
1045 1398
1047 1418
1047 1522
1048 1568
1049 1343
1051 1052
1051 1053
1053 1557
1053 1237
1054 1292
1056 1057
1056 1058
1056 1163
1056 1162
1056 1166
1056 1165
1056 1164
1057 1058
1057 1163
1057 1162
1057 1164
1057 1166
1057 1165
1057 1617
1057 1563
1058 1162
1058 1163
1058 1166
1058 1165
1058 1164
1060 1061
1067 1890
1068 1696
1068 1920
1068 1636
1068 1921
1068 1232
1068 1329
1068 1234
1068 1922
1068 1529
1068 1860
1068 1598
1068 1919
1069 1070
1071 1157
1071 1158
1071 2064
1071 1532
1072 2073
1074 1075
1074 1721
1076 1814
1077 1556
1080 1081
1080 1623
1081 1082
1081 1083
1081 1622
1081 1623
1082 1623
1083 2089
1083 1623
1087 1088
1087 1089
1087 1602
1087 1896
1088 1499
1088 1159
1088 1896
1088 2084
1089 1689
1090 1984
1090 2019
1090 2000
1090 2097
1090 2002
1091 1984
1091 2018
1091 2019
1091 1291
1092 2165
1093 1095
1093 1628
1093 1094
1097 1712
1097 2011
1097 2064
1097 1251
1097 1711
1097 1532
1101 1165
1101 1102
1101 1103
1102 1199
1102 1390
1102 1103
1105 1845
1108 1845
1110 1845
1112 1113
1115 1171
1115 1752
1115 1116
1115 1117
1115 1662
1119 1120
1119 1121
1120 1121
1120 1122
1121 2008
1121 1343
1123 1124
1124 1125
1132 1133
1132 1279
1134 1418
1135 1806
1137 1138
1141 1651
1141 1161
1142 1669
1144 1668
1144 1669
1144 1773
1144 1848
1145 1503
1146 1147
1146 2007
1148 1204
1149 1150
1152 1153
1155 2149
1157 1896
1157 1158
1158 1677
1158 1453
1158 1361
1159 1351
1159 1352
1159 1625
1159 1658
1162 1163
1162 1164
1162 1165
1162 1166
1163 1165
1163 1166
1163 1164
1164 1165
1164 1166
1165 1166
1166 1563
1167 1248
1167 1191
1169 1986
1169 1987
1169 1226
1169 1228
1169 1229
1169 1231
1169 1230
1169 2041
1169 1274
1169 2042
1170 1171
1171 1204
1172 1736
1172 1173
1172 1174
1173 1369
1175 1176
1177 1178
1179 1180
1180 1705
1180 1501
1181 2068
1181 1182
1181 1183
1182 1861
1182 1737
1182 1813
1182 1689
1182 1183
1182 1982
1182 1599
1183 1982
1183 1599
1183 1813
1187 1298
1187 1188
1188 1840
1188 1255
1188 1296
1188 2009
1189 1190
1189 1263
1191 1192
1192 1587
1192 1559
1192 1660
1193 1298
1194 1906
1197 1401
1197 1198
1200 1201
1201 2127
1202 1203
1204 1430
1204 1560
1207 1281
1207 1506
1207 1285
1207 2004
1207 1208
1207 1209
1208 1506
1208 1284
1208 1285
1208 1224
1208 1956
1208 1879
1208 1614
1208 1615
1208 1209
1208 2043
1208 2044
1209 1506
1209 1285
1209 1224
1209 1614
1209 1615
1209 1879
1210 1211
1212 1463
1213 1846
1214 1846
1214 1463
1215 1846
1216 1463
1217 1846
1217 1463
1218 1219
1218 1220
1218 1221
1219 1416
1219 1417
1219 1302
1221 2146
1224 1508
1224 1357
1224 1615
1224 1616
1224 1528
1224 1301
1226 1986
1226 1987
1226 1227
1226 1228
1226 1229
1226 1231
1226 1230
1226 2041
1226 1908
1226 2042
1227 2125
1228 1986
1228 1987
1228 1229
1228 1231
1228 1908
1228 2041
1228 1274
1229 1986
1229 1987
1229 1380
1229 1231
1229 1586
1229 1908
1229 1230
1229 2041
1229 1274
1229 2042
1230 1987
1230 1231
1230 2041
1230 1274
1231 1986
1231 1987
1231 2041
1231 1274
1231 2042
1232 1569
1232 1720
1232 1659
1232 1919
1233 1696
1233 1920
1233 1922
1233 1636
1233 1921
1233 1234
1233 1860
1233 1529
1233 1598
1233 1919
1234 1919
1237 1238
1239 1413
1239 1240
1239 1241
1239 1242
1239 1788
1239 1789
1240 1793
1240 1413
1240 2060
1240 1788
1240 1789
1241 1788
1241 1413
1245 1246
1246 1855
1247 2016
1249 1586
1252 1702
1253 1573
1253 1384
1253 1945
1253 1949
1253 1829
1254 1256
1254 1255
1255 1364
1255 1365
1255 1366
1255 1268
1257 1258
1257 1709
1260 1261
1263 1264
1263 2160
1265 1979
1267 1348
1267 1268
1268 1269
1269 1840
1269 1756
1269 1927
1269 1311
1270 1575
1270 1271
1271 1726
1272 2162
1272 2043
1272 1285
1273 1275
1273 1983
1274 1986
1274 1987
1274 1908
1274 2041
1274 2042
1275 1983
1278 1835
1278 1836
1278 1621
1279 1568
1281 1282
1281 2043
1281 1285
1282 1283
1282 1284
1282 1285
1283 1508
1283 1285
1283 1284
1283 1956
1284 1956
1284 1285
1284 1506
1284 1615
1284 1616
1284 1874
1284 1301
1284 2043
1284 1823
1285 1956
1285 1582
1285 1854
1285 2004
1285 1879
1285 1502
1285 1506
1285 1507
1285 1508
1285 1528
1285 2043
1285 2044
1289 1290
1291 1984
1291 2000
1291 2018
1291 2002
1291 2019
1293 1294
1296 1297
1296 1298
1296 1299
1298 1536
1298 1948
1298 1547
1298 1932
1298 1933
1298 1934
1298 1935
1298 1937
1298 1938
1298 1939
1298 1940
1298 1941
1298 1814
1298 1943
1298 1944
1298 1433
1298 1434
1298 1947
1298 1692
1298 1946
1298 1950
1298 1695
1298 1573
1298 1704
1298 1949
1298 1942
1298 1329
1298 1951
1298 1706
1298 1349
1298 1707
1298 1827
1298 1829
1298 1936
1298 1382
1298 1789
1298 1945
1298 1585
1298 1705
1298 1656
1300 1797
1301 1507
1301 1615
1301 1874
1301 1854
1301 1502
1302 1491
1302 1494
1304 1305
1304 1306
1307 1308
1309 1310
1311 1765
1312 1313
1312 1807
1312 1575
1313 1496
1315 1568
1317 1318
1318 1320
1318 1321
1318 1319
1322 1323
1323 1324
1323 1325
1326 1537
1326 1328
1326 1327
1327 1537
1327 1328
1329 1728
1331 1332
1334 1941
1334 1335
1336 1337
1338 1339
1340 1341
1343 1344
1343 1345
1346 1348
1346 1347
1346 1350
1347 1348
1347 1349
1347 1350
1348 1825
1348 1350
1348 1671
1349 1360
1351 2084
1352 2084
1353 1912
1356 2015
1357 1616
1357 1614
1357 1615
1359 1360
1366 1734
1367 1523
1367 1368
1375 1376
1377 1378
1378 1762
1378 1898
1379 1380
1380 1916
1382 1383
1382 1384
1384 1945
1384 1946
1384 1951
1385 1705
1385 1706
1385 1707
1385 1948
1385 1418
1386 1387
1388 1389
1390 1391
1394 1397
1394 1669
1397 2040
1399 1400
1402 1403
1402 1435
1406 1407
1407 1710
1407 1711
1407 1712
1407 2011
1408 1409
1409 1410
1409 1411
1409 1412
1409 1413
1410 1760
1410 1413
1410 1814
1411 1760
1411 1413
1411 1814
1412 1760
1412 1413
1412 1814
1413 1760
1413 1814
1413 1788
1413 1789
1416 1491
1416 1494
1417 1491
1417 1494
1418 1419
1418 2113
1420 1421
1420 1422
1422 1490
1424 1472
1424 1473
1424 1954
1424 1507
1424 1425
1429 1560
1429 1430
1430 1560
1430 1752
1432 1433
1433 1833
1433 2151
1435 1436
1436 1437
1436 1991
1439 2107
1443 1562
1443 1445
1445 1561
1458 1764
1463 1464
1463 1465
1468 1579
1472 1473
1473 1953
1474 1475
1475 1476
1477 1778
1477 2134
1477 1478
1480 1481
1482 1483
1486 1488
1486 1487
1487 1488
1492 1493
1495 1919
1496 1497
1497 2164
1497 2165
1498 1602
1498 1827
1501 1702
1502 2043
1502 1615
1506 1507
1506 1948
1506 1508
1506 1705
1507 1616
1507 1615
1507 1874
1507 2043
1507 1823
1508 1956
1508 1614
1508 1615
1508 1616
1508 2043
1509 1510
1511 1568
1514 2081
1519 1520
1520 1521
1520 2028
1523 1649
1523 1524
1528 1956
1528 1614
1528 1615
1528 1616
1528 2043
1529 1919
1530 1531
1532 1827
1532 1533
1533 2064
1534 1689
1535 1887
1539 1540
1541 1819
1541 1542
1542 1955
1542 1819
1542 1998
1543 1544
1550 2143
1550 1820
1550 1551
1553 1554
1555 1556
1561 1562
1566 1567
1568 1569
1568 1570
1568 1571
1571 1833
1582 2043
1584 1671
1587 1588
1587 1589
1587 1590
1588 1915
1591 1592
1591 1774
1592 2023
1593 2059
1598 1919
1599 2068
1600 1601
1603 1604
1606 1607
1608 1609
1611 2137
1611 1612
1612 2137
1612 1770
1613 2150
1614 1879
1614 1615
1614 1616
1614 1874
1615 1879
1615 1616
1615 1854
1616 1874
1616 1879
1616 1854
1618 1619
1618 1805
1620 1918
1621 1838
1621 2126
1621 1834
1622 1623
1625 2084
1628 1629
1632 1633
1634 1635
1636 1919
1646 1647
1648 2138
1652 1653
1656 1657
1660 1792
1660 1661
1661 1792
1665 1666
1666 1667
1666 1668
1666 1669
1666 1847
1668 1773
1668 1669
1668 1997
1668 1848
1669 1848
1669 1997
1669 1773
1673 1674
1675 1864
1675 1676
1675 1862
1675 1863
1687 1688
1689 1690
1691 2144
1692 1693
1692 1966
1692 1965
1694 1695
1696 1919
1697 1698
1705 1706
1705 1707
1706 1707
1706 1948
1707 1948
1711 2010
1712 2010
1713 1714
1713 1755
1716 1717
1718 1719
1721 1788
1722 1723
1723 1724
1723 1725
1725 1740
1725 1902
1725 2066
1725 2077
1726 1988
1726 1989
1726 2025
1726 2036
1726 1727
1729 1998
1731 1764
1734 1870
1734 1735
1741 1742
1742 2001
1742 2157
1742 1743
1743 2001
1743 2157
1746 1747
1747 2079
1753 2133
1754 2133
1756 1825
1758 1759
1762 1763
1764 2101
1765 1927
1765 1766
1766 1992
1769 2137
1773 1848
1776 1777
1779 1780
1780 1911
1783 1784
1788 1789
1790 1791
1794 1795
1801 1960
1805 1842
1808 1809
1812 1886
1813 2068
1814 1815
1816 1976
1816 2050
1819 1998
1822 1823
1825 2047
1827 2064
1828 1944
1831 1832
1834 1835
1834 1836
1835 1838
1836 1838
1837 1838
1840 1841
1842 1843
1842 1963
1842 1990
1844 1845
1847 1848
1848 1997
1849 1928
1849 1850
1851 1852
1854 1874
1860 1919
1868 1869
1877 1878
1883 1884
1885 1886
1888 1889
1889 1890
1889 1927
1890 2063
1892 1893
1899 1944
1899 1996
1906 2029
1908 1986
1908 1987
1908 2041
1909 1910
1912 1913
1919 1920
1919 1923
1919 1921
1919 1922
1925 1926
1952 1970
1953 1954
1956 2004
1956 2043
1958 1959
1961 1962
1969 1970
1970 1971
1970 1972
1970 1973
1974 1975
1977 1978
1982 2068
1984 2000
1984 2018
1984 2002
1984 2019
1986 1987
1986 2041
1986 2042
1987 2041
1987 2042
1998 1999
2000 2018
2000 2001
2000 2002
2002 2018
2005 2006
2007 2080
2010 2011
2012 2036
2012 2100
2012 2013
2018 2019
2020 2021
2022 2023
2023 2024
2035 2036
2037 2038
2039 2040
2041 2042
2043 2044
2045 2046
2053 2054
2055 2056
2056 2057
2061 2062
2070 2071
2085 2086
2095 2096
2100 2132
2103 2104
2103 2106
2103 2105
2109 2110
2112 2113
2123 2124
2130 2131
2141 2142
2144 2145
2152 2153
2158 2159
