0 640
0 1
0 2
0 3
0 4
0 680
0 845
0 509
0 848
0 250
0 443
0 508
0 506
0 510
0 607
1 640
1 2
1 3
1 4
1 680
1 845
1 509
1 848
1 250
1 508
1 506
1 510
2 3
2 4
2 640
2 27
2 799
2 680
2 42
2 43
2 44
2 45
2 688
2 443
2 845
2 848
2 506
2 607
2 507
2 101
2 102
2 252
2 238
2 240
2 247
2 504
2 505
2 250
2 251
2 508
2 509
2 510
3 640
3 4
3 616
3 508
3 44
3 845
3 509
3 848
3 680
3 250
3 443
3 507
3 506
3 510
3 607
4 640
4 680
4 508
4 44
4 845
4 509
4 848
4 250
4 443
4 507
4 506
4 510
4 607
5 323
5 325
5 326
5 328
5 329
5 6
6 323
6 564
6 325
6 7
7 323
7 325
7 328
7 329
7 202
7 405
7 566
8 9
10 346
10 11
10 12
10 13
11 345
11 346
11 12
11 13
13 345
13 346
14 42
14 79
14 272
14 22
14 55
14 24
14 15
14 138
15 16
15 19
15 22
15 55
15 24
16 377
17 18
18 384
19 163
19 20
19 21
19 22
19 23
19 24
19 25
19 26
19 28
20 27
20 26
20 28
20 42
21 688
21 397
21 662
22 24
22 55
23 68
23 69
23 614
23 339
23 150
24 271
24 272
24 55
24 56
25 295
25 652
25 432
25 310
25 55
26 27
26 28
27 640
27 506
27 41
27 42
27 43
27 44
27 45
27 46
27 688
27 790
27 247
27 252
27 250
28 662
29 188
29 30
31 32
31 216
31 75
31 198
32 33
32 34
32 216
32 349
32 127
34 35
34 75
34 76
34 603
34 348
35 36
35 37
35 38
35 39
35 40
35 903
35 209
35 115
35 247
35 123
36 128
36 796
36 167
36 616
36 348
36 215
36 44
36 45
36 47
36 52
36 53
36 349
36 251
36 313
36 314
36 123
36 124
36 125
36 127
37 675
37 187
37 726
40 517
40 911
40 533
40 535
40 536
40 682
40 883
40 219
40 190
40 194
40 196
40 198
40 199
40 200
40 201
40 202
40 203
40 76
40 205
40 206
40 207
40 209
40 210
40 212
40 213
40 214
40 215
40 216
40 217
40 218
40 603
40 220
40 221
40 223
40 481
40 226
40 228
40 229
40 230
40 234
40 225
40 113
40 115
40 374
40 375
40 376
40 121
41 42
41 163
42 137
42 138
42 139
42 44
42 45
42 250
42 252
42 285
42 247
43 640
43 506
43 75
43 553
43 43
43 111
43 688
43 113
43 789
43 413
43 250
43 252
43 669
44 640
44 416
44 386
44 251
44 391
44 616
44 45
44 509
44 404
44 247
44 615
44 250
44 508
44 506
44 510
45 416
45 251
45 552
45 553
45 437
45 247
45 250
45 252
45 714
46 108
46 651
47 129
47 133
47 134
47 167
47 796
47 349
47 48
47 51
47 52
47 53
47 123
47 124
47 125
47 127
48 641
48 388
48 133
48 49
48 50
48 125
49 641
49 133
50 388
50 133
51 129
51 710
51 349
51 52
51 53
51 123
51 125
51 127
52 129
52 796
52 348
52 349
52 53
52 54
52 123
52 124
52 125
52 127
53 129
53 796
53 349
53 123
53 124
53 125
53 127
54 348
54 349
54 127
55 272
55 56
55 57
55 58
56 272
56 271
57 58
59 64
59 65
59 60
59 62
59 63
60 64
60 65
60 155
60 151
60 156
60 61
60 62
60 63
61 64
61 65
61 62
61 63
62 65
62 155
62 156
63 65
63 155
63 156
64 65
64 151
65 151
66 193
66 714
66 67
66 77
67 714
68 614
68 69
68 70
70 729
70 714
71 293
71 294
71 295
71 72
71 73
71 74
71 876
71 558
72 73
72 74
72 601
72 558
73 294
73 295
73 74
73 558
74 601
74 558
75 768
75 144
75 531
75 798
75 799
75 670
75 543
75 194
75 198
75 455
75 456
75 76
75 215
75 216
75 225
75 228
75 232
75 111
75 113
75 115
75 116
75 374
76 536
76 799
76 682
76 190
76 194
76 196
76 199
76 200
76 201
76 202
76 203
76 206
76 207
76 208
76 209
76 212
76 213
76 214
76 215
76 216
76 217
76 218
76 219
76 221
76 223
76 224
76 225
76 227
76 228
76 229
76 230
76 233
76 234
76 235
77 714
77 622
77 78
79 662
80 81
80 118
81 82
81 118
82 118
83 84
84 85
85 880
85 413
86 803
86 87
87 88
87 803
88 600
88 779
88 917
89 90
90 91
92 795
92 451
92 93
92 94
92 95
93 94
93 95
94 95
96 97
96 189
98 99
98 100
98 169
98 280
98 281
98 762
99 100
99 762
100 762
101 102
102 616
102 640
102 250
103 104
105 106
107 108
108 109
108 799
110 111
111 144
111 112
111 113
111 114
111 115
111 116
113 513
113 533
113 670
113 115
113 201
113 207
113 215
113 216
113 217
113 220
113 225
113 226
113 228
113 234
113 883
113 374
113 375
113 121
114 514
114 197
114 199
114 202
114 395
114 204
114 888
114 210
114 115
114 213
114 216
115 514
115 393
115 394
115 395
115 396
115 533
115 542
115 543
115 544
115 265
115 842
115 199
115 201
115 202
115 204
115 206
115 207
115 210
115 213
115 215
115 216
115 217
115 220
115 481
115 226
115 228
115 234
115 883
115 374
115 375
115 121
116 768
116 228
116 198
116 455
116 456
116 144
116 798
116 215
116 670
117 117
118 119
118 120
118 799
120 228
120 197
120 234
120 533
120 216
120 218
121 879
121 228
121 398
121 527
121 399
121 374
121 122
121 603
123 128
123 129
123 796
123 349
123 124
123 125
123 126
123 127
124 128
124 167
124 168
124 349
124 796
124 125
124 127
125 129
125 133
125 796
125 349
125 126
125 127
127 128
127 796
127 129
127 348
127 349
128 744
129 349
130 545
130 131
130 132
130 839
130 749
130 750
130 751
130 752
130 753
130 754
130 856
131 132
132 750
133 641
133 388
133 134
134 388
135 136
135 270
137 277
139 579
139 930
140 141
140 142
140 143
140 144
140 145
140 146
140 147
141 142
141 143
141 144
141 145
141 146
141 147
142 143
142 144
142 145
142 146
142 147
143 144
143 145
143 146
143 147
144 145
144 146
144 147
145 146
145 147
146 147
148 293
148 198
148 487
148 488
148 489
148 849
148 149
152 153
152 154
152 365
152 366
152 385
153 737
154 737
157 158
159 160
161 162
163 164
163 165
163 166
163 271
165 787
168 253
169 257
169 259
169 726
169 616
169 170
169 406
171 171
172 173
174 175
176 177
178 179
178 180
179 180
181 182
183 184
185 186
185 189
188 532
190 219
190 191
190 194
190 196
190 200
190 203
190 207
190 209
190 212
190 214
190 603
190 223
190 229
190 230
190 231
190 232
190 233
190 234
190 235
190 236
191 192
191 630
192 736
192 645
194 214
194 536
194 682
194 195
194 196
194 197
194 198
194 199
194 200
194 201
194 202
194 204
194 205
194 206
194 207
194 208
194 209
194 210
194 211
194 212
194 213
194 203
194 215
194 216
194 217
194 218
194 219
194 220
194 221
194 222
194 223
194 224
194 225
194 226
194 227
194 228
194 229
194 230
195 224
195 227
195 452
195 197
195 201
195 202
195 395
195 204
195 206
195 784
195 210
195 371
195 372
195 533
195 215
195 216
195 221
195 222
195 767
196 225
196 229
196 230
196 200
196 682
196 205
196 207
196 209
196 212
196 214
196 536
196 218
196 219
196 223
197 514
197 779
197 783
197 533
197 534
197 557
197 563
197 198
197 199
197 201
197 202
197 206
197 208
197 210
197 213
197 215
197 216
197 217
197 221
197 224
197 481
197 227
197 228
197 234
197 371
197 372
197 373
197 382
198 395
198 783
198 534
198 670
198 554
198 572
198 779
198 199
198 201
198 202
198 206
198 210
198 213
198 215
198 216
198 217
198 218
198 220
198 221
198 224
198 481
198 227
198 228
198 234
198 225
198 371
198 374
198 767
198 382
198 383
199 514
199 395
199 909
199 783
199 784
199 533
199 534
199 535
199 371
199 628
199 572
199 373
199 779
199 452
199 225
199 201
199 202
199 206
199 207
199 208
199 210
199 213
199 215
199 216
199 217
199 204
199 220
199 221
199 222
199 224
199 481
199 227
199 228
199 372
199 629
199 887
199 888
199 380
199 381
199 382
199 383
200 229
200 230
200 231
200 233
200 234
200 235
200 207
200 209
200 212
200 236
200 214
200 219
200 223
201 783
201 784
201 533
201 572
201 204
201 202
201 206
201 207
201 209
201 210
201 213
201 215
201 216
201 217
201 220
201 221
201 222
201 481
201 227
201 228
201 234
201 225
201 372
201 373
201 380
201 381
201 382
201 383
202 514
202 395
202 398
202 783
202 784
202 533
202 371
202 700
202 887
202 204
202 206
202 207
202 208
202 210
202 213
202 215
202 216
202 217
202 220
202 221
202 222
202 224
202 481
202 227
202 228
202 232
202 225
202 765
202 372
202 373
202 375
202 888
202 763
202 380
202 381
202 382
202 383
203 225
203 228
203 230
203 207
203 209
203 214
203 221
204 208
204 227
204 395
204 210
204 206
204 496
204 888
204 372
204 213
204 216
204 514
204 221
204 222
205 544
205 225
205 677
205 518
205 234
205 207
205 212
205 214
205 676
205 219
206 783
206 784
206 533
206 534
206 572
206 207
206 208
206 210
206 213
206 215
206 216
206 217
206 220
206 221
206 222
206 224
206 481
206 227
206 228
206 225
206 372
206 373
206 380
206 381
206 382
206 383
207 533
207 535
207 536
207 219
207 682
207 711
207 712
207 883
207 209
207 210
207 212
207 214
207 215
207 216
207 217
207 218
207 603
207 220
207 221
207 222
207 223
207 481
207 226
207 228
207 229
207 230
207 234
207 225
207 374
207 375
207 639
208 227
208 902
208 496
208 210
208 213
208 216
208 217
209 212
209 214
209 219
209 221
209 223
209 229
209 230
209 231
209 232
209 233
209 234
209 235
209 236
210 514
210 395
210 783
210 784
210 533
210 534
210 819
210 220
210 371
210 213
210 215
210 216
210 217
210 348
210 221
210 222
210 224
210 481
210 227
210 228
210 232
210 225
210 765
210 496
210 372
210 373
210 888
210 380
210 381
210 382
210 383
212 225
212 229
212 230
212 682
212 214
212 536
212 218
212 219
212 223
213 514
213 395
213 783
213 784
213 534
213 215
213 216
213 217
213 220
213 221
213 224
213 225
213 227
213 228
213 232
213 496
213 372
213 373
213 887
213 888
213 380
213 381
213 382
213 383
214 518
214 536
214 682
214 305
214 218
214 219
214 221
214 223
214 864
214 225
214 229
214 230
214 234
214 766
214 639
215 783
215 784
215 402
215 533
215 534
215 670
215 371
215 372
215 481
215 216
215 217
215 220
215 221
215 224
215 353
215 226
215 227
215 228
215 252
215 225
215 496
215 373
215 374
215 380
215 381
215 382
215 383
216 514
216 779
216 783
216 784
216 533
216 534
216 883
216 220
216 371
216 572
216 452
216 217
216 395
216 221
216 224
216 481
216 227
216 228
216 869
216 234
216 225
216 629
216 374
216 887
216 767
216 382
216 383
217 514
217 909
217 783
217 784
217 533
217 534
217 371
217 442
217 572
217 373
217 220
217 221
217 224
217 481
217 227
217 228
217 252
217 225
217 496
217 372
217 629
217 380
217 381
217 382
217 383
218 225
218 518
218 711
218 682
218 223
218 536
218 219
218 234
218 766
218 639
219 864
219 225
219 291
219 518
219 230
219 682
219 229
219 536
219 223
220 514
220 533
220 222
220 481
220 226
220 228
220 225
220 887
221 514
221 518
221 779
221 783
221 528
221 373
221 452
221 395
221 222
221 784
221 227
221 228
221 234
221 225
221 372
221 766
221 890
221 767
221 381
221 382
221 383
222 224
222 227
222 371
222 372
222 533
222 534
222 535
222 228
222 382
222 629
223 517
223 518
223 536
223 682
223 864
223 225
223 229
223 230
223 766
223 639
224 227
224 535
224 784
224 371
224 533
224 534
224 228
225 536
225 682
225 733
225 226
225 228
225 234
225 375
226 544
226 234
226 375
226 374
226 883
227 783
227 784
227 533
227 534
227 535
227 348
227 481
227 496
227 371
227 372
227 373
227 380
227 381
227 382
227 383
228 514
228 779
228 528
228 531
228 533
228 670
228 291
228 557
228 371
228 395
228 452
228 481
228 603
228 234
228 883
228 629
228 374
229 230
230 235
230 231
230 232
230 233
230 236
230 234
231 337
231 333
231 334
231 335
231 336
233 236
233 235
233 252
234 518
234 528
234 676
234 883
234 711
234 733
234 481
234 374
234 375
234 766
237 242
237 278
237 238
237 279
238 239
238 240
238 241
238 242
239 242
240 688
240 296
240 297
240 298
240 299
240 300
240 301
240 303
240 304
240 403
240 302
240 426
241 242
241 243
241 244
242 340
243 857
244 260
245 246
247 552
247 251
247 248
247 249
247 250
247 252
247 253
248 260
248 429
249 438
249 294
249 503
249 686
249 797
249 499
249 500
249 501
249 502
249 602
249 605
249 799
250 391
250 640
250 924
250 680
250 443
250 845
250 848
250 507
250 505
250 506
250 251
250 508
250 509
250 510
251 252
252 279
252 833
252 257
252 834
252 688
252 891
252 372
252 670
254 255
255 256
257 258
257 259
258 259
261 262
261 263
261 265
261 266
261 309
261 842
262 264
262 265
262 266
262 263
263 326
263 264
263 265
263 842
263 706
263 689
263 325
264 583
265 393
265 394
265 395
265 396
265 689
265 842
266 842
267 268
269 730
269 270
270 730
271 272
273 274
273 901
275 276
278 279
281 440
281 762
282 282
283 418
283 743
283 367
283 368
283 369
283 370
283 821
283 284
286 289
286 290
286 877
286 287
287 288
287 289
287 290
288 878
288 446
289 290
291 728
291 785
291 292
293 535
293 850
293 487
294 295
294 558
295 686
295 558
296 304
296 297
296 298
296 299
296 300
296 301
296 302
296 303
296 403
296 426
297 304
297 298
297 299
297 300
297 301
297 302
297 303
297 403
297 426
298 304
298 426
298 299
298 300
298 301
298 302
298 303
298 403
298 443
299 304
299 300
299 301
299 302
299 303
299 403
299 426
300 304
300 301
300 302
300 303
300 403
300 426
301 304
301 443
301 302
301 303
301 403
301 347
301 426
302 304
302 303
302 403
303 304
303 426
303 403
304 426
304 403
305 306
307 308
307 741
309 705
309 706
309 524
309 326
311 312
314 642
314 342
314 343
314 344
314 637
315 425
315 466
315 316
315 447
316 408
316 425
316 466
316 447
317 318
319 320
319 480
319 791
319 870
319 479
321 322
321 387
323 324
323 325
323 326
323 327
323 328
323 329
323 330
323 564
325 564
325 405
326 704
326 705
326 706
326 583
326 327
326 524
328 482
328 329
328 330
328 564
329 482
329 330
329 564
329 565
330 565
331 332
332 564
333 336
333 335
334 897
334 337
334 335
334 529
334 530
334 531
334 792
334 799
335 336
335 337
337 632
338 339
339 340
341 341
342 344
342 642
342 342
342 343
343 344
343 642
344 642
348 352
348 351
348 349
348 350
349 796
349 423
351 889
353 401
353 354
353 402
354 355
355 401
355 660
356 360
356 357
356 358
356 359
357 360
357 358
357 359
358 360
358 359
359 360
360 924
361 362
361 475
361 764
361 474
363 364
365 385
366 385
367 576
367 743
367 368
367 369
367 370
367 821
367 858
368 743
368 369
368 370
368 821
368 441
369 743
369 370
369 821
369 441
370 743
370 821
371 372
371 373
372 783
372 784
372 373
372 381
372 382
372 383
373 909
373 783
373 784
373 380
373 381
373 382
373 383
374 376
374 375
374 883
375 585
375 883
375 733
377 662
378 866
378 379
378 478
380 784
380 783
380 496
380 381
380 383
381 783
381 784
381 382
381 383
382 783
382 784
382 572
382 481
382 383
383 514
383 779
383 783
383 784
383 395
383 496
387 471
389 594
389 932
389 390
391 392
391 848
391 397
393 394
393 395
393 396
393 842
394 842
394 395
394 396
395 514
395 779
395 396
395 783
395 452
395 842
395 869
395 628
395 888
396 842
398 527
398 400
398 399
398 603
399 603
399 527
400 672
400 673
400 661
402 458
402 465
403 426
404 616
404 615
405 482
405 842
405 492
405 689
406 657
406 416
406 407
407 657
409 410
409 411
409 412
409 413
412 413
413 880
414 416
414 417
414 690
414 699
414 700
414 415
415 416
415 417
415 771
415 690
415 699
415 700
416 417
416 552
416 690
416 699
416 700
417 690
417 699
417 700
418 821
419 419
420 421
420 422
421 422
424 425
425 466
425 447
427 428
430 741
430 431
432 433
434 896
434 435
436 436
437 552
438 687
438 439
440 762
443 640
443 845
443 680
443 509
443 848
443 507
443 508
443 506
443 510
444 696
444 445
444 830
444 863
445 830
445 863
446 878
447 466
448 449
448 532
448 454
449 450
449 619
449 892
450 931
452 514
452 453
452 533
452 887
453 799
455 456
455 798
456 768
456 798
457 458
458 459
458 460
458 461
458 462
458 463
458 464
458 465
465 703
467 468
469 610
469 595
469 612
469 470
471 472
472 692
473 474
473 475
474 475
476 915
476 804
476 477
479 480
481 887
481 533
482 483
482 564
483 565
483 566
484 485
484 486
485 486
487 488
487 489
487 849
488 489
489 849
490 491
492 493
492 862
494 495
496 784
496 783
497 498
499 500
499 501
499 502
499 503
499 602
500 501
500 502
500 503
500 602
501 502
501 503
501 602
502 503
502 602
503 602
505 688
506 640
506 680
506 845
506 848
506 508
506 509
506 510
506 507
507 640
507 680
507 509
507 848
507 508
507 510
508 640
508 680
508 845
508 509
508 848
508 510
509 640
509 680
509 845
509 848
509 510
510 640
510 680
510 845
510 848
510 616
510 607
511 512
511 892
511 893
513 782
514 779
514 888
514 887
514 606
515 516
517 518
517 639
518 864
518 711
518 766
518 639
519 520
520 521
520 522
520 523
521 523
524 704
524 705
524 706
524 583
525 526
527 902
527 528
527 603
528 603
529 531
529 799
530 792
530 531
530 799
531 792
531 599
531 664
531 798
531 799
532 821
533 534
533 535
533 883
535 682
535 850
535 603
536 682
537 865
537 538
538 538
538 795
538 671
539 540
540 541
542 674
544 711
544 785
544 639
546 547
548 549
548 551
549 550
549 551
550 551
551 898
552 553
555 556
559 560
561 562
561 822
562 822
563 783
567 568
567 569
568 569
570 571
573 636
573 574
574 575
577 578
580 581
581 582
582 727
583 705
583 706
584 585
584 587
584 589
584 591
584 592
584 661
585 867
585 586
585 587
585 588
585 589
585 590
585 591
585 592
585 593
587 589
587 590
587 591
587 592
587 593
587 661
588 593
589 591
589 592
589 661
590 592
591 592
594 932
595 610
595 611
595 612
595 613
596 597
598 599
599 799
603 604
604 921
604 922
604 923
605 721
607 680
607 848
608 609
610 612
611 612
611 613
612 613
616 688
617 618
620 621
623 624
623 720
623 627
623 894
624 810
624 719
624 720
624 625
624 626
624 627
624 799
625 720
625 627
625 894
626 810
626 799
627 894
627 719
628 779
631 632
631 633
631 634
631 635
632 633
632 634
632 635
633 634
633 635
634 635
636 820
637 638
639 676
639 711
639 766
640 680
640 845
640 848
643 644
645 740
645 739
645 716
645 757
646 647
647 648
649 650
653 654
655 656
656 681
658 659
661 672
661 673
662 663
664 799
665 666
667 732
667 668
668 732
670 891
672 673
676 766
678 679
680 845
680 848
683 684
684 685
685 805
689 842
689 726
690 699
690 700
691 691
692 837
693 694
693 799
695 696
695 830
695 846
695 847
697 698
699 700
700 772
701 702
704 705
704 706
705 706
707 707
708 709
711 712
711 766
712 785
713 714
715 740
715 739
715 716
716 757
716 740
716 739
717 718
719 720
719 894
720 894
722 723
724 725
730 731
734 734
734 735
737 738
739 740
739 757
740 757
742 742
742 799
743 821
745 746
746 788
747 748
748 786
755 756
758 759
759 838
760 761
763 767
767 779
769 770
773 774
775 776
777 778
779 783
780 781
780 918
783 784
792 799
793 794
798 799
799 808
799 809
799 810
799 811
800 801
801 802
806 807
812 875
812 813
813 875
814 815
815 886
816 817
818 819
819 861
822 829
823 824
824 825
826 827
827 828
830 863
831 832
835 836
840 841
843 844
843 926
844 845
845 848
847 916
848 924
851 852
851 853
852 853
854 855
859 860
859 895
867 868
871 872
873 874
881 882
884 885
892 893
899 900
904 905
906 907
907 908
910 914
910 911
911 914
912 913
919 920
924 925
927 928
928 929
