0 33
1 16
1 30
1 14
2 16
2 30
2 14
3 4
3 5
3 6
3 7
3 16
3 29
4 29
4 5
4 7
5 32
5 6
5 7
5 9
5 31
6 32
6 7
6 9
6 31
7 32
7 9
7 31
8 16
8 30
8 14
9 32
9 31
10 16
10 30
10 14
11 16
11 30
11 14
12 16
12 30
12 14
13 16
13 30
13 14
14 15
14 16
14 17
14 18
14 19
14 20
14 22
14 23
14 24
14 25
14 26
14 27
14 28
14 30
14 34
14 35
14 36
15 16
15 30
16 17
16 18
16 19
16 20
16 21
16 22
16 23
16 24
16 25
16 26
16 27
16 28
16 34
16 35
16 36
17 30
18 30
19 30
20 30
21 26
22 30
23 30
24 30
25 30
26 30
27 30
28 30
29 33
30 34
30 35
30 36
31 32
