0 33
0 2
0 6
0 9
0 10
0 45
0 25
0 31
1 32
1 25
1 2
1 36
1 38
2 35
2 4
2 8
2 9
2 43
2 12
2 46
2 11
2 17
2 19
2 22
2 24
2 25
2 27
2 28
3 9
3 37
4 28
4 20
4 6
4 12
5 12
5 42
5 28
5 37
5 39
6 33
6 35
6 8
6 9
6 10
6 43
6 12
6 15
6 17
6 19
6 22
6 25
6 27
6 28
6 31
7 42
7 20
7 13
7 39
8 38
8 9
8 43
8 44
8 34
8 12
8 45
8 19
8 22
8 24
8 25
9 37
9 12
9 44
9 34
9 15
9 45
9 35
9 27
10 33
10 15
10 25
10 31
11 25
12 13
12 15
12 17
12 18
12 20
12 21
12 22
12 24
12 25
12 28
12 29
12 34
12 36
12 42
12 44
12 45
13 41
13 42
13 39
13 14
13 18
13 20
13 21
13 23
13 26
13 28
14 28
14 20
15 20
15 25
16 41
16 28
17 20
17 28
18 29
18 39
18 37
20 40
20 41
20 39
20 23
20 26
20 28
21 41
21 28
22 28
23 37
24 45
24 37
25 35
25 36
25 38
25 33
25 34
25 46
25 32
25 27
25 28
25 30
25 31
26 28
26 41
27 45
28 29
28 30
28 34
28 37
28 40
28 41
28 44
28 45
29 37
29 39
29 42
30 37
32 36
32 38
32 41
32 46
35 45
36 38
36 46
37 39
37 40
37 42
37 44
37 45
38 41
38 46
39 42
