0 3
0 38
0 7
0 9
0 16
0 19
0 20
0 22
0 24
0 25
1 32
1 4
1 12
1 25
1 59
1 31
2 50
2 20
2 5
2 54
2 7
3 9
3 10
3 15
3 19
3 29
4 12
4 37
4 31
5 35
5 6
5 7
5 44
5 46
5 48
5 50
5 20
5 54
5 55
5 26
6 20
6 44
6 54
6 7
7 9
7 10
7 11
7 13
7 14
7 15
7 16
7 19
7 20
7 21
7 22
7 24
7 26
7 27
7 28
7 33
7 34
7 35
7 36
7 38
7 41
7 44
7 45
7 46
7 47
7 48
7 49
7 50
7 51
7 52
7 53
7 54
7 55
7 56
7 57
7 58
7 60
8 32
8 59
8 12
8 31
9 10
9 11
9 14
9 15
9 16
9 17
9 19
9 20
9 21
9 22
9 23
9 24
9 27
9 28
9 30
9 31
9 34
9 36
9 37
9 38
9 39
9 40
9 41
9 42
9 43
9 51
9 52
9 53
9 57
9 59
9 60
9 61
10 11
10 13
10 15
10 16
10 17
10 19
10 21
10 23
10 27
10 29
10 31
10 33
10 34
10 37
10 39
10 40
10 41
10 49
10 53
10 56
10 59
10 60
11 15
11 20
12 32
12 37
12 18
12 25
13 19
13 15
13 20
14 19
14 44
14 54
15 16
15 19
15 20
15 21
15 22
15 23
15 24
15 27
15 33
15 36
15 37
15 38
15 39
15 41
15 49
15 56
16 19
16 52
16 25
16 57
16 28
17 19
17 20
17 37
18 32
18 59
18 31
19 20
19 22
19 24
19 28
19 29
19 30
19 31
19 33
19 34
19 36
19 38
19 40
19 42
19 43
19 49
19 51
19 52
19 53
19 56
19 57
19 59
19 60
19 61
20 21
20 26
20 27
20 28
20 29
20 30
20 31
20 33
20 34
20 35
20 36
20 40
20 41
20 42
20 43
20 44
20 45
20 46
20 47
20 48
20 49
20 50
20 52
20 53
20 54
20 55
20 56
20 57
20 58
20 59
20 60
20 61
23 59
23 31
26 50
26 44
29 54
30 44
30 54
31 32
31 37
31 39
32 37
35 50
35 54
37 40
37 59
39 59
42 44
42 54
43 44
43 54
44 45
44 46
44 47
44 48
44 50
44 51
44 54
44 58
44 61
45 50
45 54
46 50
47 50
47 54
48 50
50 54
50 55
50 58
51 54
54 55
54 61
54 58
