0 32
0 8
0 43
0 31
1 12
1 21
1 23
2 45
3 26
3 28
3 47
4 29
4 6
4 7
5 9
6 29
7 18
7 29
8 43
8 14
8 31
9 39
10 17
10 30
11 33
11 37
11 40
11 44
11 25
11 27
12 36
12 21
12 23
12 25
12 27
13 42
13 29
14 34
15 24
15 42
15 45
16 18
17 29
17 30
18 38
19 33
19 35
19 40
19 41
19 44
19 48
20 48
20 38
20 46
21 23
22 36
22 40
22 41
22 44
22 48
22 25
22 27
23 36
24 45
25 37
25 40
25 41
25 44
27 36
27 40
27 44
30 39
31 43
33 35
33 37
33 40
33 41
33 44
33 48
34 42
35 40
35 41
35 44
35 48
36 37
37 40
37 44
38 48
38 46
39 42
39 47
40 41
40 44
40 48
41 44
44 48
46 48
