0 35
0 45
0 17
0 50
0 19
0 21
0 23
0 24
0 31
1 38
1 42
1 11
1 44
1 14
1 47
1 26
1 15
1 28
1 30
2 40
2 43
2 27
2 39
2 33
3 40
3 9
3 27
3 39
3 7
4 16
4 43
4 27
4 40
4 7
5 16
5 34
5 11
5 26
5 30
6 45
7 33
7 39
7 8
7 41
7 43
7 40
7 20
7 27
7 29
8 36
8 39
8 9
8 43
8 50
8 18
9 36
9 39
9 43
9 50
9 18
9 29
10 16
10 26
10 42
10 11
10 34
11 32
11 38
11 12
11 42
11 44
11 15
11 48
11 49
11 26
11 47
11 30
12 16
12 34
12 26
12 30
13 16
13 40
13 42
13 26
13 47
14 42
14 26
14 30
14 47
15 42
15 30
15 47
16 33
16 34
16 40
16 41
16 46
16 47
16 48
16 20
16 25
16 27
16 42
17 35
17 45
17 50
17 19
17 21
17 22
17 23
17 24
17 31
18 36
18 39
18 43
18 50
18 24
19 24
19 31
20 39
20 27
20 40
21 45
22 24
22 50
22 45
22 31
23 24
23 31
24 50
24 36
24 45
25 33
25 42
25 27
25 34
26 32
26 34
26 44
26 47
26 48
26 49
26 46
26 28
26 42
26 30
27 33
27 40
27 41
27 43
27 29
27 39
28 42
28 30
28 47
29 40
29 39
30 32
30 38
30 42
30 48
30 49
30 47
31 45
32 42
32 47
33 37
33 40
33 39
34 48
34 40
34 47
34 42
34 37
35 45
36 39
36 50
37 40
37 42
37 47
38 42
38 47
39 43
40 41
40 42
40 43
40 46
41 43
42 44
42 49
42 46
44 47
46 47
47 49
