0 36
0 6
0 12
0 45
0 53
0 23
0 30
1 6
1 7
1 10
1 13
1 53
1 22
1 23
1 24
1 29
2 25
2 34
2 3
3 7
3 10
3 13
3 47
3 49
3 22
3 25
3 29
4 33
4 37
4 8
4 42
4 46
4 15
4 17
4 18
4 19
4 54
4 26
5 7
5 40
5 9
5 10
5 48
5 20
5 25
5 27
5 29
6 35
6 36
6 38
6 13
6 51
6 24
6 30
7 38
7 40
7 11
7 13
8 34
8 37
8 44
8 20
8 54
8 26
9 48
9 41
9 49
9 37
10 38
10 40
10 11
10 13
10 49
11 40
11 20
11 29
12 36
12 14
12 16
12 30
12 31
13 38
13 29
14 36
14 45
14 16
14 30
14 31
15 33
15 42
15 19
16 36
16 30
16 45
17 32
17 33
17 42
17 43
17 46
17 50
17 20
17 52
17 27
18 28
18 42
18 43
19 32
19 46
19 21
19 28
20 49
20 43
20 44
20 52
20 21
20 54
20 28
20 37
21 50
21 46
22 38
22 51
22 40
22 49
22 35
22 29
23 35
23 45
23 51
23 30
24 35
24 39
24 51
24 53
25 34
25 38
25 49
26 44
26 50
26 46
27 28
27 49
28 50
28 46
29 38
29 40
29 48
30 39
30 53
30 31
31 36
31 45
32 34
32 49
32 44
32 50
33 42
34 37
34 41
34 43
34 44
34 47
34 54
35 39
35 53
36 39
37 44
37 47
37 48
37 49
37 41
38 40
38 39
38 53
39 45
39 51
40 47
40 49
41 48
41 49
42 46
43 49
43 50
45 53
46 50
47 49
48 49
49 54
49 52
50 52
51 53
