0 32
0 1
0 2
0 4
0 41
0 11
0 44
0 16
0 20
0 26
0 27
0 28
0 29
0 30
1 32
1 2
1 41
1 44
1 16
1 20
1 25
1 26
1 27
1 28
1 29
2 3
2 41
2 11
2 44
2 26
2 28
2 29
3 35
3 37
3 38
3 12
3 13
3 31
4 36
4 37
4 8
4 9
4 43
4 44
4 15
4 18
4 19
4 20
4 30
5 39
5 10
5 15
5 22
5 23
5 24
6 34
6 36
6 39
6 9
6 42
6 21
6 25
7 34
7 37
7 9
7 42
7 12
7 13
7 18
7 22
8 9
8 34
8 33
9 37
9 38
9 42
9 18
9 22
10 35
10 39
10 22
10 23
10 24
11 35
11 43
11 13
11 19
11 25
12 35
12 37
12 13
12 14
13 35
13 34
13 37
13 19
14 42
14 35
14 34
14 39
15 22
15 37
16 41
16 44
16 17
16 20
16 26
16 27
16 29
17 20
17 44
17 30
17 22
18 34
18 37
18 39
18 22
19 32
19 38
19 25
19 28
20 41
20 44
20 26
20 27
21 35
21 36
21 37
21 38
21 42
21 25
22 34
22 36
22 40
22 39
22 23
22 24
22 30
23 24
23 34
24 34
24 39
25 32
25 34
25 42
25 31
26 32
26 41
26 27
26 28
26 29
27 41
27 44
27 29
28 32
28 43
28 29
29 32
29 41
29 44
29 31
30 44
31 43
31 37
32 43
33 40
33 34
33 39
34 35
34 38
34 40
34 42
35 36
35 37
35 43
36 37
36 40
36 42
36 38
37 38
37 43
37 39
39 40
39 42
