0 216
0 225
0 199
1 211
1 213
2 210
2 215
3 210
3 215
4 208
4 219
4 207
5 333
5 334
5 365
6 192
6 190
6 183
7 389
7 383
7 181
7 365
8 186
9 123
9 114
9 115
10 115
10 116
11 131
11 126
11 119
12 120
12 117
12 133
13 153
14 137
14 442
14 447
15 510
15 511
16 506
16 530
16 517
17 855
17 847
17 846
17 823
18 840
18 828
18 526
19 825
20 824
20 852
21 740
22 744
22 745
22 732
22 748
23 736
23 747
23 764
24 730
24 758
24 750
25 760
25 753
25 231
26 226
26 741
26 242
26 733
27 248
27 237
27 734
28 240
28 234
29 249
29 195
30 688
30 314
30 275
30 357
31 256
31 264
31 196
31 265
32 872
32 164
32 870
32 767
33 873
33 779
33 876
33 871
34 875
34 778
34 667
34 669
35 672
35 673
35 705
35 676
35 697
36 368
36 712
36 258
36 302
36 367
37 176
37 171
37 164
38 790
38 163
38 789
38 782
39 792
39 542
40 784
40 794
40 670
40 775
41 596
41 585
41 588
41 575
42 577
42 631
42 597
42 598
42 605
43 412
43 364
43 382
43 359
44 464
44 439
44 460
44 431
45 171
45 172
46 796
46 173
47 170
47 799
48 555
48 534
49 561
49 532
49 609
50 619
50 611
50 564
50 615
51 568
51 608
51 549
51 623
52 434
52 573
52 494
53 888
54 160
54 800
54 888
55 798
56 912
56 901
56 798
57 536
57 797
58 798
58 895
59 809
59 802
59 805
60 539
60 533
60 551
61 538
61 562
61 546
62 856
62 817
62 811
63 832
63 834
63 541
64 835
64 845
64 830
65 907
66 904
66 905
66 903
67 912
67 911
67 895
68 891
68 894
69 892
69 868
69 813
69 869
70 858
70 867
70 894
71 866
71 860
72 849
72 837
73 929
73 751
73 230
73 222
73 231
74 757
74 758
75 757
75 213
75 758
75 231
76 758
76 231
77 748
77 757
78 213
78 222
79 213
79 222
80 156
80 757
80 231
81 156
81 757
81 231
82 156
82 757
82 231
83 222
84 222
84 213
84 758
84 231
85 222
85 758
85 231
86 758
86 231
87 222
87 231
88 222
89 222
89 213
89 230
89 231
90 914
90 863
90 919
91 914
91 915
91 916
92 914
92 915
92 916
93 908
93 172
94 897
94 908
95 914
95 915
95 916
96 908
97 918
98 914
98 915
98 916
99 915
99 916
100 172
101 918
102 758
103 758
104 222
105 758
106 222
106 758
107 758
108 758
109 908
110 116
110 365
111 113
111 181
111 190
112 113
112 365
114 123
114 392
114 115
114 124
115 122
115 395
116 124
116 118
117 120
117 186
117 182
117 118
118 121
119 120
119 121
119 378
119 127
120 146
120 142
122 123
122 363
122 372
123 384
123 377
124 398
125 130
125 133
125 126
126 129
126 132
126 131
127 130
128 442
128 131
128 132
129 130
129 132
130 139
131 134
133 137
133 139
134 137
134 143
135 144
135 448
135 147
135 513
135 145
136 512
136 145
136 138
136 137
137 144
138 506
138 141
139 140
140 146
140 141
141 152
141 142
142 152
142 146
143 442
143 147
144 145
144 147
145 511
147 151
148 482
148 151
148 149
148 485
149 484
149 150
149 151
150 483
150 447
151 442
152 153
153 154
153 155
156 157
157 918
157 158
158 740
159 762
159 164
159 918
160 800
160 177
161 177
161 172
161 166
162 171
162 164
162 175
163 176
163 796
163 165
164 175
164 790
165 173
165 175
166 888
166 178
167 168
167 796
167 174
168 928
168 169
168 927
168 174
169 555
169 807
170 796
171 172
172 888
173 800
173 174
174 796
176 788
176 780
177 178
178 798
179 208
179 195
179 180
179 197
179 198
180 236
180 199
181 194
181 190
182 186
182 187
183 269
183 207
183 342
183 189
183 191
184 193
184 202
184 204
185 223
185 236
185 199
186 194
187 201
187 219
188 337
188 197
188 334
188 191
189 192
189 342
190 193
190 350
191 337
191 207
191 269
192 193
192 346
192 203
193 348
194 203
195 196
195 235
196 263
196 197
196 262
197 208
198 199
198 263
199 236
200 201
200 205
201 202
201 203
202 203
204 205
204 206
205 209
206 208
206 207
208 209
209 225
210 211
210 215
211 212
211 213
212 213
213 929
214 224
214 230
214 221
214 222
215 929
215 217
215 219
216 217
216 220
216 221
217 218
218 219
218 220
220 225
221 224
221 222
222 224
223 224
223 225
226 228
226 242
226 750
227 241
227 243
227 231
228 243
228 230
229 232
229 249
229 237
229 238
230 244
231 244
231 753
231 751
232 233
232 234
232 742
232 239
233 242
233 741
234 249
234 235
234 243
235 236
235 255
236 240
237 923
237 238
237 239
237 734
238 248
238 259
239 742
240 244
241 760
241 242
241 243
245 246
245 667
245 925
245 926
245 743
246 924
246 247
247 273
247 274
247 275
247 357
248 354
248 259
248 357
248 276
248 923
249 260
249 261
249 308
250 292
250 261
250 255
251 324
251 291
251 300
251 317
252 313
252 315
252 694
252 297
253 319
253 292
253 293
253 287
254 264
254 296
254 266
254 263
255 262
256 355
256 308
256 280
256 283
256 287
257 353
257 298
257 711
257 369
258 304
258 353
258 301
258 376
259 354
259 260
260 308
260 307
261 286
262 295
263 334
263 295
264 265
264 267
264 325
265 268
265 332
265 326
266 267
266 334
266 269
267 268
267 338
268 270
268 335
269 344
269 337
270 338
270 339
270 341
271 345
271 339
271 347
271 341
271 343
272 345
272 349
273 688
273 667
274 276
274 275
274 357
274 277
275 677
275 692
275 278
276 277
276 279
277 309
277 278
278 677
279 282
279 306
279 309
280 281
280 307
280 308
281 282
281 283
281 306
282 311
282 284
283 355
283 284
284 356
284 285
285 313
285 290
285 311
286 292
286 287
287 288
288 289
288 355
288 293
289 290
289 356
289 294
290 314
290 316
290 356
291 315
291 314
291 299
292 318
293 320
293 294
294 316
294 321
295 296
295 318
296 319
296 325
297 298
297 709
297 351
298 352
298 710
299 300
299 301
299 351
300 301
300 302
301 352
301 303
302 324
302 330
302 303
303 304
303 331
304 305
304 402
305 408
305 331
305 373
306 307
307 354
309 311
309 310
310 312
310 717
311 312
312 313
312 694
313 314
314 315
314 317
315 351
316 322
316 317
317 323
318 319
319 320
320 321
320 325
321 322
321 326
322 323
322 327
323 328
323 324
324 329
325 326
326 327
327 328
327 332
328 329
328 333
329 361
329 330
330 331
330 383
331 426
332 335
332 333
333 336
333 361
334 337
335 336
335 339
336 386
336 340
338 344
339 340
340 345
340 358
341 344
341 343
342 344
342 343
343 346
345 397
347 348
349 350
351 352
352 353
353 413
355 356
357 923
358 428
358 386
358 397
359 416
359 401
359 406
359 371
360 400
360 401
360 404
360 414
361 386
361 383
362 368
362 377
362 384
362 420
363 384
363 364
363 422
364 380
364 429
364 423
365 397
365 398
366 416
366 370
366 715
366 399
367 369
367 713
367 414
367 399
368 408
368 373
368 375
369 712
369 413
370 417
370 716
370 382
371 417
371 407
371 381
372 379
372 435
372 395
372 429
373 426
373 388
374 393
374 388
374 389
375 396
375 389
376 400
376 413
376 402
377 392
377 396
378 456
378 395
378 454
379 394
379 435
379 390
380 424
380 385
380 390
381 409
381 418
381 411
382 728
382 410
382 418
383 387
383 426
384 421
385 425
385 477
385 391
386 387
387 427
387 428
388 427
388 389
390 429
390 391
391 394
391 478
392 396
393 427
393 428
393 398
394 479
394 455
395 454
397 398
398 428
399 714
399 415
400 403
401 415
401 405
402 408
402 403
403 404
404 420
404 405
405 421
405 406
406 407
406 422
407 409
407 423
408 420
409 424
409 412
410 472
410 624
410 419
411 474
411 419
411 412
412 475
412 425
413 414
414 415
415 416
416 417
417 418
418 419
419 473
420 421
421 422
422 423
423 424
424 425
425 476
426 427
430 460
430 463
430 464
430 436
430 437
430 591
431 460
431 466
431 461
431 438
432 490
432 451
432 462
432 439
433 582
433 445
433 566
433 471
434 504
434 488
434 446
434 495
435 454
435 455
436 625
436 628
436 437
437 472
437 457
438 457
438 458
438 474
439 450
439 459
439 477
440 481
440 450
440 443
440 479
441 480
441 456
441 442
442 480
442 482
443 482
443 451
443 485
444 464
444 465
444 498
444 499
444 468
444 630
445 579
445 470
445 497
445 498
445 566
446 449
446 453
446 494
447 448
447 483
447 453
447 488
448 488
449 489
449 452
449 493
450 451
450 478
451 486
452 483
452 453
452 487
453 488
454 456
455 456
455 480
457 473
457 460
458 459
458 461
458 475
459 476
459 462
460 465
461 467
461 462
462 491
463 464
463 635
463 499
464 465
465 466
466 467
466 468
467 491
467 469
468 497
468 469
469 496
469 492
470 496
470 494
470 471
471 582
471 495
472 625
472 473
473 474
474 475
475 476
476 477
477 478
478 479
479 480
480 481
481 482
483 484
484 487
484 485
485 486
486 490
486 487
487 489
488 504
489 490
489 492
490 491
491 492
492 493
493 496
493 494
494 495
495 629
496 497
497 498
498 630
499 634
499 631
500 504
500 573
500 854
500 503
501 520
501 521
501 855
502 514
502 515
502 516
502 509
503 549
503 573
504 629
505 516
505 506
505 508
505 530
506 507
507 528
507 508
508 517
508 519
509 521
509 518
509 510
509 517
510 520
510 513
511 512
511 514
512 530
512 515
513 514
514 515
515 516
516 517
517 518
518 522
518 519
519 523
519 527
520 521
521 522
522 523
522 524
523 525
523 526
524 840
524 525
525 828
525 526
526 527
527 528
528 827
529 530
531 792
531 553
531 532
532 555
532 545
533 536
533 555
533 550
534 538
534 562
534 550
535 547
535 549
535 567
536 808
536 801
537 552
537 538
537 539
537 551
538 541
538 562
538 564
538 539
539 811
539 922
539 541
540 808
540 555
541 833
541 546
542 792
542 553
542 543
542 793
543 544
543 576
543 558
543 794
543 795
544 928
544 553
544 795
545 554
545 559
546 833
546 547
546 622
547 832
547 623
548 856
548 812
549 614
549 623
549 568
550 551
551 802
552 805
554 927
554 609
556 570
556 565
556 662
556 557
557 618
557 619
558 592
558 794
558 588
558 574
559 609
559 561
560 576
560 649
560 601
561 610
561 615
561 613
562 621
562 615
563 617
563 660
563 613
563 565
564 617
564 618
564 621
565 618
565 661
566 608
566 580
567 665
567 623
567 581
567 614
568 582
568 853
569 595
569 589
569 590
569 575
570 619
570 581
570 663
571 577
571 602
571 603
571 638
572 580
572 578
572 604
572 606
573 582
574 586
574 794
574 775
575 626
575 587
575 650
576 648
576 597
577 639
577 598
577 599
578 600
578 579
578 631
579 580
579 630
580 607
581 664
581 620
582 608
582 659
582 629
583 584
583 626
583 687
584 585
584 627
584 686
585 686
585 624
585 625
586 650
586 588
587 627
587 628
587 590
588 589
588 593
589 594
589 650
590 596
590 591
591 635
591 628
592 593
592 647
593 594
593 646
594 595
594 641
595 640
595 596
596 635
596 636
597 601
597 645
597 598
598 602
598 642
599 600
599 603
599 637
600 633
600 604
601 602
601 644
602 643
603 604
603 605
604 632
605 632
605 638
605 654
606 632
606 656
606 607
607 608
607 657
608 658
609 651
609 610
610 611
610 652
611 653
611 660
611 613
612 660
612 653
612 638
612 654
613 616
614 666
615 616
616 617
616 621
617 618
619 620
619 622
620 623
622 623
624 728
625 627
625 628
626 627
630 631
631 633
632 655
633 634
633 637
634 635
634 636
636 640
636 637
637 639
638 643
639 640
639 642
640 641
641 642
641 646
642 645
643 644
643 653
644 652
644 649
645 648
645 646
646 647
647 648
649 928
649 651
651 927
651 652
652 653
654 655
654 661
655 656
655 662
656 657
656 663
657 664
657 658
658 659
658 665
659 666
660 661
661 662
662 663
663 664
664 665
665 666
667 743
667 680
667 688
667 695
668 680
668 681
668 674
668 881
669 886
669 691
669 674
669 670
670 777
670 690
670 778
671 675
671 774
671 684
671 685
671 722
671 726
671 702
672 673
672 690
672 702
672 689
673 689
673 700
673 691
674 884
674 676
675 727
675 685
675 686
676 720
676 681
676 700
677 692
677 699
677 693
678 680
678 681
678 698
678 696
678 695
679 704
679 682
679 699
679 698
680 883
681 719
682 705
682 683
682 719
683 720
683 706
683 701
684 777
685 687
686 687
686 727
686 728
687 775
688 696
688 692
689 701
689 721
690 691
692 697
693 717
693 703
694 717
694 709
695 696
695 871
696 697
697 698
697 699
698 719
699 703
700 701
702 722
703 704
703 718
704 705
704 723
705 724
705 706
706 725
706 721
707 713
707 708
707 725
707 721
708 714
708 722
708 726
709 718
709 710
710 723
710 711
711 712
711 724
712 713
712 725
713 714
714 715
715 716
715 726
716 728
716 727
717 718
719 720
721 722
723 724
724 725
726 727
729 736
729 747
729 740
729 735
730 739
730 741
730 744
730 749
730 733
731 737
731 746
731 747
731 745
732 745
732 738
732 739
733 745
733 734
733 925
734 924
734 742
735 747
735 748
735 740
736 737
736 763
736 740
737 761
738 761
738 743
739 756
741 755
741 742
743 765
744 745
744 754
744 746
745 926
746 747
748 754
748 757
749 752
749 756
749 754
749 759
750 755
750 756
751 753
752 758
752 759
753 760
753 759
755 760
757 758
761 763
761 764
761 765
762 769
762 781
763 766
764 768
764 765
764 766
765 871
766 767
767 768
767 870
768 873
768 877
769 872
769 781
770 776
770 786
770 779
770 772
771 785
771 782
771 791
772 784
772 785
773 778
773 779
773 876
773 784
773 886
773 887
774 784
774 777
774 775
775 785
776 879
776 874
776 791
777 778
779 876
780 781
780 790
780 789
782 928
782 788
782 792
782 795
783 874
783 788
783 789
785 786
785 787
785 791
786 788
786 789
787 788
787 790
789 790
792 793
792 796
793 794
793 795
797 808
797 801
798 801
798 889
799 800
799 807
801 802
801 804
802 803
803 804
803 805
804 806
805 806
805 811
806 816
806 809
807 808
809 899
809 811
809 816
809 817
809 818
810 818
810 814
810 815
811 812
811 817
812 813
813 921
813 814
813 815
814 817
815 819
815 868
816 905
817 818
818 892
819 859
819 869
820 832
820 834
820 835
821 855
821 851
821 854
821 846
821 823
822 852
822 829
822 917
823 840
823 826
823 855
824 852
824 825
825 841
825 843
826 844
826 846
827 828
828 840
828 841
829 842
829 838
830 849
830 847
830 845
830 831
831 848
831 857
831 836
832 833
832 834
833 834
834 922
835 848
835 922
835 851
836 849
836 837
837 849
837 914
838 917
838 845
838 839
839 916
839 854
840 841
842 843
842 844
843 852
844 845
845 846
846 847
847 848
847 851
849 850
850 915
850 853
851 853
856 920
856 857
856 922
857 864
858 868
858 862
859 867
859 892
859 899
859 894
860 865
860 919
860 861
861 891
861 867
861 894
862 865
862 866
863 866
864 866
864 914
865 866
867 869
868 920
868 869
870 872
870 873
871 883
872 874
873 874
873 878
874 879
875 880
875 883
875 882
875 878
876 879
876 880
876 887
877 883
877 878
880 885
881 884
881 882
882 885
884 885
884 886
885 887
886 887
888 896
888 901
889 912
889 911
889 901
889 895
890 904
890 913
890 900
891 900
891 894
891 893
892 913
892 895
893 897
893 899
895 913
896 912
896 901
896 902
897 905
897 898
897 906
898 907
900 905
902 912
902 909
902 903
904 910
904 909
906 908
907 908
909 911
910 913
910 911
915 916
920 921
923 924
924 925
925 926
927 928
