0 546
1 547
2 548
3 549
4 550
5 551
6 552
7 553
8 554
9 555
10 556
11 557
12 558
13 559
14 560
15 561
16 562
17 563
18 564
19 565
20 566
21 567
22 568
23 569
24 570
25 571
26 572
27 573
28 574
29 575
30 576
31 577
32 578
33 579
34 580
35 581
36 582
37 583
38 584
39 585
40 586
41 587
42 588
43 589
44 590
45 591
46 592
47 593
48 594
49 595
50 596
51 597
52 598
53 599
54 600
55 601
56 602
57 603
58 604
59 605
60 606
61 607
62 608
63 609
64 610
65 611
66 612
67 613
68 614
69 615
70 616
71 617
72 618
73 619
74 620
75 621
76 622
77 623
78 624
79 625
80 626
81 627
82 628
83 629
84 630
85 631
86 632
87 633
88 634
89 635
90 636
91 637
92 638
93 639
94 640
95 641
96 642
97 643
98 644
99 645
100 646
101 647
102 648
103 649
104 650
105 651
106 652
107 653
108 654
109 655
110 656
111 657
112 658
113 659
114 660
115 661
116 662
117 663
118 664
119 665
120 666
121 667
122 668
123 669
124 670
125 671
126 672
127 673
128 674
129 675
130 676
131 677
132 678
133 679
134 680
135 681
136 682
137 683
138 684
139 685
140 686
141 687
142 688
143 689
144 690
145 691
146 692
147 693
148 694
149 695
150 696
151 697
152 698
153 699
154 700
155 701
156 702
157 703
158 704
159 705
160 706
161 707
162 708
163 709
164 710
165 711
166 712
167 713
168 714
169 715
170 716
171 717
172 718
173 719
174 720
175 721
176 722
177 723
178 724
179 725
180 726
181 727
182 728
183 729
184 730
185 731
186 732
187 733
188 734
189 735
190 736
191 737
192 738
193 739
194 740
195 741
196 742
197 743
198 744
199 745
200 746
201 747
202 748
203 749
204 750
205 751
206 752
207 753
208 754
209 755
210 756
211 757
212 758
213 759
214 760
215 761
216 762
217 763
218 764
219 765
220 766
221 767
222 768
223 769
224 770
225 771
226 772
227 773
228 774
229 775
230 776
231 777
232 778
233 779
234 780
235 781
236 782
237 783
238 784
239 785
240 786
241 787
242 788
243 789
244 790
245 791
246 792
247 793
248 794
249 795
250 796
251 797
252 798
253 799
254 800
255 801
256 802
257 803
258 804
259 805
260 806
261 807
262 808
263 809
264 810
265 811
266 812
267 813
268 814
269 815
270 816
271 817
272 818
273 819
274 820
275 821
276 822
277 823
278 824
279 825
280 826
281 827
282 828
283 829
284 830
285 831
286 832
287 833
288 834
289 835
290 836
291 837
292 838
293 839
294 840
295 841
296 842
297 843
298 844
299 845
300 846
301 847
302 848
303 849
304 850
305 851
306 852
307 853
308 854
309 855
310 856
311 857
312 858
313 859
314 860
315 861
316 862
317 863
318 864
319 865
320 866
321 867
322 868
323 869
324 870
325 871
326 872
327 873
328 874
329 875
330 876
331 877
332 878
333 879
334 880
335 881
336 882
337 883
338 884
339 885
340 886
341 887
342 888
343 889
344 890
345 891
346 892
347 893
348 894
349 895
350 896
351 897
352 898
353 899
354 900
355 901
356 902
357 903
358 904
359 905
360 906
361 907
362 908
363 909
364 910
365 911
366 912
367 913
368 914
369 915
370 916
371 917
372 918
373 919
374 920
375 921
376 922
377 923
378 924
379 925
380 926
381 927
382 928
383 929
384 930
385 931
386 932
387 801
387 707
387 389
387 390
388 800
388 913
388 389
389 924
390 714
390 708
390 391
391 392
391 712
391 716
392 393
392 711
392 715
393 600
393 394
393 583
394 599
394 395
394 583
395 396
396 603
396 587
396 397
397 402
397 398
397 399
398 536
398 608
398 603
399 400
399 608
399 586
400 584
400 401
400 589
402 610
402 403
402 605
403 404
403 674
403 679
404 405
404 487
405 676
405 406
405 681
406 691
406 686
406 407
407 408
407 688
407 693
408 409
408 538
408 537
409 689
409 410
409 699
410 411
410 684
410 694
411 412
412 729
412 413
412 733
413 730
413 734
413 414
414 732
414 726
414 415
415 416
415 731
415 725
416 912
416 731
416 925
417 920
417 921
417 418
417 922
418 738
418 419
418 742
419 420
419 750
419 751
420 752
420 753
420 421
421 761
421 765
421 422
422 763
422 766
422 423
423 424
423 776
423 772
424 425
424 778
424 774
425 440
425 426
426 778
426 427
426 593
427 428
427 430
428 592
428 777
428 429
430 592
430 596
430 431
431 432
431 594
431 598
432 616
432 433
432 615
433 617
433 434
433 618
434 435
434 553
434 551
435 436
435 495
436 553
436 437
436 555
437 539
437 534
437 438
437 535
438 613
438 614
438 439
439 440
439 611
439 612
440 595
440 590
441 928
441 897
441 442
441 898
442 896
442 443
442 897
443 444
444 884
444 445
444 885
445 857
445 858
445 446
446 848
446 847
446 447
447 448
447 664
447 663
448 449
448 661
448 662
449 450
449 507
449 452
450 451
450 653
450 654
451 651
451 524
451 653
452 840
452 453
452 649
453 837
453 454
453 839
454 832
454 834
454 455
455 456
455 833
455 835
456 457
456 828
456 830
457 458
457 467
457 466
458 459
458 844
458 831
459 460
459 874
459 871
460 873
460 876
460 461
461 872
461 875
461 926
462 927
462 463
463 464
463 882
463 883
464 880
464 465
464 861
465 466
465 861
465 854
466 844
466 854
467 468
467 829
467 828
468 818
468 469
468 823
469 816
469 821
469 470
470 815
470 814
470 471
471 472
471 812
471 814
472 473
472 474
472 812
472 706
473 537
473 700
473 705
474 705
474 706
474 475
475 704
475 476
475 706
476 477
476 502
476 503
477 632
477 702
477 478
478 692
478 628
478 479
479 480
479 482
479 483
479 485
480 481
480 482
480 690
482 538
482 692
483 628
483 626
483 484
484 488
484 625
484 627
485 626
485 690
485 534
486 680
486 681
486 534
486 487
487 681
487 679
488 489
488 629
488 630
489 490
489 556
489 630
490 491
490 557
490 558
491 560
491 561
491 492
492 496
492 561
492 493
492 563
493 560
493 562
493 494
494 559
494 550
494 495
495 552
495 555
496 497
497 498
497 532
498 568
498 499
498 566
499 569
499 500
499 565
500 635
500 570
500 501
501 633
501 502
501 631
502 632
502 503
503 504
503 634
504 505
504 633
504 638
505 506
505 643
505 638
506 507
506 645
506 577
507 508
508 658
508 509
508 666
509 657
509 510
509 665
510 520
510 521
510 511
511 512
511 660
511 669
512 904
512 513
512 901
513 904
513 514
513 902
514 931
514 515
514 533
514 543
515 905
515 516
515 902
516 908
516 907
516 517
517 929
517 910
517 911
518 520
518 667
518 669
518 519
520 665
520 669
521 522
522 544
522 529
523 544
523 577
523 524
523 646
524 656
524 651
525 545
525 540
525 526
525 527
526 545
526 542
526 541
527 528
527 572
527 574
528 529
528 530
529 576
529 574
530 531
530 572
530 573
531 568
531 532
531 573
532 568
532 567
533 932
533 542
535 536
535 614
536 609
536 607
537 698
537 703
538 693
538 703
539 582
539 621
540 901
540 581
541 901
541 902
542 902
543 902
543 903
544 576
544 579
546 620
546 547
546 548
547 617
547 549
547 551
548 550
548 549
549 550
549 551
549 552
549 559
550 562
551 552
551 617
551 618
552 559
553 613
553 618
553 621
553 624
554 624
554 555
554 621
554 623
555 623
555 556
555 559
556 557
556 558
556 623
556 629
557 560
557 559
558 561
558 565
558 630
559 560
561 562
561 566
562 563
563 564
564 568
564 567
565 630
565 566
567 573
568 569
568 571
568 572
569 571
569 570
570 633
570 630
570 631
570 571
570 636
571 636
571 572
571 575
572 576
573 574
574 579
574 580
575 576
575 577
575 642
575 636
576 577
577 578
577 579
577 644
577 642
578 579
578 581
578 646
578 655
579 580
579 581
580 581
581 659
583 711
583 587
583 807
583 585
583 767
583 604
583 709
584 585
584 586
584 770
585 771
585 587
586 587
586 591
586 603
588 593
588 774
588 589
588 590
589 775
589 591
590 612
590 591
590 607
591 608
591 607
592 593
592 594
593 595
594 611
594 616
594 595
595 611
595 612
596 777
596 598
597 619
597 598
597 615
598 615
598 616
599 600
599 601
599 604
600 602
600 715
601 602
601 670
601 606
602 671
602 717
603 604
603 605
604 606
605 674
605 606
606 675
607 608
607 612
608 610
609 610
609 678
609 614
610 679
611 613
611 616
612 614
613 618
613 621
614 621
615 617
615 619
616 618
617 620
619 620
621 622
621 624
622 680
622 626
622 623
623 625
625 626
625 629
627 630
627 628
627 631
628 632
630 635
631 632
631 635
633 636
633 634
634 639
634 704
636 643
637 641
637 706
637 814
637 824
637 825
637 639
638 640
638 639
639 641
640 641
640 647
640 645
641 648
642 643
643 645
644 651
644 645
644 646
645 652
646 656
647 648
647 652
647 649
648 824
648 650
649 650
649 654
650 826
650 841
651 652
652 654
653 658
653 661
654 662
655 656
655 657
655 659
656 658
657 658
657 660
659 901
659 660
660 901
661 666
661 663
662 664
662 840
663 848
663 668
664 848
664 842
665 666
665 667
666 668
667 668
667 849
668 850
669 901
669 904
669 853
670 672
670 675
670 671
671 673
671 721
672 673
672 682
672 677
673 683
673 723
674 675
674 676
675 677
676 677
676 686
677 687
678 680
678 679
680 690
681 691
682 683
682 684
682 687
683 727
684 685
684 689
685 729
686 688
686 687
687 689
688 689
688 698
690 691
691 693
692 702
692 693
694 696
694 699
694 695
695 697
695 733
696 808
696 697
696 701
697 809
697 735
698 700
698 699
699 701
700 812
700 701
701 813
702 704
702 703
703 705
704 705
707 912
707 708
707 713
708 802
708 710
708 712
709 805
709 711
710 712
710 806
711 712
712 715
713 912
713 714
713 719
714 716
714 718
714 720
715 716
715 717
716 718
717 721
717 718
718 722
719 720
719 912
719 725
720 722
720 724
720 726
721 722
721 723
722 724
723 727
723 724
724 728
725 912
725 726
726 728
726 730
727 728
727 729
728 730
729 730
731 863
731 732
732 736
732 864
732 734
733 735
733 734
734 736
735 736
735 865
736 865
737 739
737 741
737 745
737 783
737 919
738 920
738 739
738 740
739 919
739 741
740 746
740 742
740 741
741 747
742 743
742 744
742 750
742 751
742 921
742 920
743 744
743 921
744 754
745 747
745 749
745 756
745 791
746 748
746 747
746 751
747 749
748 753
748 757
748 749
749 758
750 752
750 754
751 753
752 761
752 755
753 762
754 755
755 765
756 758
756 760
756 767
756 799
757 762
757 758
757 759
758 760
759 760
759 768
759 764
760 769
761 762
761 763
762 764
763 764
763 772
764 773
765 766
766 776
767 769
767 771
767 807
768 769
768 770
768 773
769 771
770 771
770 775
772 773
772 774
773 775
774 775
776 777
776 778
777 778
779 784
779 915
779 780
779 913
780 785
780 916
780 781
781 782
781 786
781 916
781 917
782 783
782 787
782 788
782 917
782 918
783 918
783 791
784 792
784 785
784 913
785 793
785 786
786 788
786 790
786 794
787 788
787 789
787 791
788 790
789 795
789 790
789 791
790 796
791 799
792 793
792 913
792 800
793 794
793 801
794 802
794 796
794 798
795 799
795 796
795 797
796 798
797 803
797 798
797 799
798 804
799 807
800 801
800 912
801 802
802 806
802 804
803 807
803 804
803 805
804 806
805 806
805 807
808 809
808 810
808 813
809 811
809 865
810 811
810 816
810 815
811 865
811 817
812 813
813 815
814 820
815 821
816 817
816 818
817 819
817 868
818 819
818 828
819 868
819 829
820 825
820 822
820 821
821 823
822 832
822 827
822 823
823 833
824 825
824 826
825 827
826 827
826 836
827 837
828 833
829 871
829 831
830 844
830 835
831 871
832 833
832 837
834 835
834 845
834 839
835 845
836 841
836 838
836 837
838 843
838 846
838 839
839 846
840 841
840 842
841 843
842 843
842 847
843 847
844 845
844 874
845 846
845 855
846 847
846 856
847 857
848 850
848 852
848 858
849 851
849 850
849 853
850 852
851 859
851 852
851 853
852 859
853 904
853 906
853 860
854 877
854 855
855 856
855 862
856 857
856 884
857 885
858 859
858 886
859 887
859 860
860 906
860 909
860 887
861 862
861 888
862 884
862 889
863 864
863 912
863 866
864 865
864 867
865 867
865 868
866 867
866 869
867 868
867 870
868 871
869 870
870 873
870 871
872 873
873 874
874 877
875 876
875 878
876 877
876 879
877 880
878 881
878 879
879 880
879 882
880 883
881 882
883 888
884 891
885 891
885 886
886 892
886 887
887 909
887 893
888 894
889 890
889 895
890 896
890 898
890 895
891 896
892 897
892 900
892 893
893 909
894 895
895 898
896 898
897 899
899 900
903 905
904 905
904 906
905 930
905 907
905 908
906 907
906 909
907 910
907 911
908 911
909 910
913 914
914 915
915 916
916 917
917 918
918 919
918 923
919 920
