0 1
1 16
1 2
2 3
3 4
3 854
5 6
5 879
6 452
6 7
6 21
6 22
6 888
6 410
6 453
7 8
7 560
7 478
7 479
8 536
8 9
8 560
8 1073
9 560
9 10
9 535
10 11
10 559
11 12
11 26
11 558
11 29
12 1137
12 595
12 13
13 33
14 15
15 16
16 17
17 18
17 822
18 388
18 19
18 387
18 626
19 20
21 408
21 884
22 1108
22 1077
22 23
22 536
22 537
23 24
23 1109
24 25
25 26
26 27
26 560
27 28
28 29
29 30
30 31
31 32
32 33
33 1158
34 35
34 391
35 36
35 630
36 627
36 1010
36 37
36 862
37 38
38 39
38 874
38 875
38 880
38 627
38 411
38 412
39 40
40 41
41 880
41 42
41 875
41 881
42 453
42 454
42 43
42 49
42 50
42 410
43 44
44 45
44 887
45 888
45 484
45 1035
45 46
46 72
46 889
46 485
46 47
47 48
47 73
48 49
48 484
48 628
49 628
49 50
50 51
50 900
50 537
51 52
52 628
52 53
53 539
53 54
54 55
55 56
55 539
55 540
55 911
56 561
56 540
56 85
57 58
58 59
60 61
61 62
61 1143
63 64
63 393
63 410
63 841
64 392
64 65
64 1011
64 393
65 66
66 67
67 668
67 68
67 862
68 69
68 629
68 632
68 413
68 414
69 416
69 70
69 455
69 878
69 669
70 71
71 72
71 670
71 887
72 1036
73 74
74 75
74 485
75 76
76 676
76 77
77 78
78 79
79 80
80 903
80 81
80 539
80 540
80 541
81 82
82 83
82 631
83 115
83 84
83 114
84 913
84 85
85 153
85 1142
86 87
87 88
88 89
89 90
89 603
89 797
90 91
91 92
92 373
92 374
92 599
93 94
94 667
94 95
95 96
96 97
97 98
98 99
99 136
99 632
99 680
99 100
100 396
100 101
100 397
101 102
102 668
102 103
103 104
104 672
104 105
104 669
104 670
105 457
105 106
105 456
105 692
105 890
106 672
106 673
106 107
106 143
106 1043
106 694
106 1039
107 108
107 495
108 109
108 1078
109 492
109 493
109 110
109 1041
109 494
110 111
111 112
111 904
112 113
113 114
114 148
114 541
115 116
116 117
116 150
116 149
117 118
118 119
119 120
119 1144
120 1144
120 121
121 122
121 1149
122 123
122 1148
124 572
124 125
125 1160
125 126
126 127
127 571
128 129
129 371
129 130
129 163
130 131
131 132
132 133
132 677
133 134
135 136
135 680
135 842
136 993
136 168
136 137
136 170
136 398
136 689
137 138
137 863
138 139
138 421
138 422
139 140
140 458
140 141
140 686
140 177
140 178
140 714
141 142
142 496
142 497
142 892
142 143
143 496
143 495
143 144
143 1079
144 905
144 145
144 906
144 700
145 146
146 147
147 148
147 542
148 149
150 151
151 152
151 916
152 153
153 154
154 155
154 1145
155 156
155 575
156 575
157 576
157 158
158 159
159 160
159 209
160 161
161 162
162 211
163 843
163 164
163 598
163 372
165 166
166 167
167 168
167 855
168 169
169 170
170 171
170 399
171 172
172 863
172 173
172 422
172 423
173 174
174 175
175 176
176 177
176 714
176 1029
178 498
178 179
179 1030
179 1031
179 459
179 498
179 180
180 233
180 234
180 498
180 181
180 1048
180 734
181 182
182 183
183 184
184 185
185 186
185 187
185 717
186 1082
186 187
187 544
187 545
187 188
187 698
188 189
188 718
189 1112
189 542
189 190
190 718
190 191
191 192
191 193
192 1152
192 193
193 194
193 195
193 1115
194 195
194 1123
195 240
195 196
195 1152
196 241
196 242
196 197
197 198
198 199
199 200
200 201
201 202
202 576
202 203
202 245
203 930
203 931
203 204
203 205
203 246
204 205
205 1169
205 206
205 247
206 207
207 208
209 210
210 211
210 932
211 1170
212 213
213 248
214 215
215 216
216 615
216 217
216 287
217 218
218 219
219 220
220 221
220 702
221 222
222 801
222 223
223 224
223 807
224 225
224 707
224 708
225 226
226 227
227 833
227 834
227 810
228 729
228 730
228 229
228 857
229 230
229 399
230 231
231 232
231 400
231 423
232 1032
232 233
232 426
232 427
233 1030
234 1050
234 235
235 236
235 716
235 717
235 719
235 500
235 501
235 734
236 237
236 909
237 1091
237 238
238 239
239 240
239 545
239 546
239 1117
240 241
240 562
240 548
241 1153
242 243
243 244
244 245
245 275
245 746
245 246
248 249
249 250
251 1008
251 252
252 400
252 994
252 253
252 710
253 402
253 859
253 994
253 254
254 255
255 256
256 257
257 258
258 466
258 259
258 465
259 260
260 261
261 747
261 893
261 262
262 263
263 264
263 509
264 550
264 265
264 752
264 508
264 511
265 266
266 267
266 551
267 753
267 268
268 552
268 1124
268 269
269 1125
269 270
269 759
270 271
271 272
272 273
273 274
274 275
275 577
276 289
276 283
276 836
276 277
276 377
277 710
277 278
278 1007
278 279
279 291
279 432
279 433
279 280
279 286
280 895
280 896
280 755
281 282
281 554
283 290
283 295
283 296
283 846
283 847
283 403
283 309
283 404
283 284
284 285
285 286
286 864
287 288
288 289
290 291
291 292
291 434
292 293
293 294
296 864
296 297
296 865
297 781
297 782
298 313
298 299
298 473
299 300
300 301
301 302
302 303
303 304
303 518
303 519
304 305
304 941
305 306
306 307
307 308
309 310
310 311
311 312
311 434
312 320
312 313
313 314
314 315
315 521
315 316
316 944
316 317
318 405
318 406
318 319
319 320
319 865
319 866
320 321
320 435
321 322
322 323
323 324
324 325
325 326
326 327
327 522
328 329
328 406
328 407
329 330
330 331
331 332
332 333
333 342
333 334
334 869
334 335
335 336
335 443
336 337
336 442
336 953
337 953
337 338
338 531
338 530
338 339
338 956
340 407
340 341
340 853
340 349
341 342
341 975
342 343
342 350
343 344
344 345
345 964
345 346
345 444
346 955
346 347
346 443
347 348
349 350
350 976
350 351
351 352
352 448
352 353
352 449
354 355
356 357
357 358
358 359
359 360
360 361
360 610
360 611
361 362
362 363
363 800
363 799
364 365
365 366
366 589
366 381
367 368
368 369
368 839
369 370
369 622
372 792
372 373
374 831
374 830
374 375
375 795
375 796
376 377
376 997
376 710
376 1005
378 985
378 379
379 380
380 381
382 383
383 384
384 385
385 386
386 387
388 860
388 389
389 854
389 390
391 392
393 394
393 986
394 395
395 396
396 668
397 398
398 681
399 400
399 423
400 401
400 730
400 731
400 1018
401 402
401 451
401 474
402 403
402 1007
404 405
406 850
408 409
408 1023
408 861
409 410
410 411
411 1013
412 875
412 1028
412 413
413 1014
414 415
415 416
415 882
415 668
415 669
416 417
417 418
418 419
419 420
420 689
420 690
420 421
421 682
423 424
423 711
424 425
425 426
427 732
427 731
427 428
428 429
428 731
428 1015
429 430
430 431
431 432
431 464
431 1018
432 433
432 1019
433 467
435 436
436 437
437 438
438 949
438 522
438 439
439 440
439 949
439 526
439 527
440 441
441 952
441 442
444 968
444 445
445 446
446 447
447 448
447 972
449 450
451 452
452 478
452 884
452 477
453 880
453 873
453 884
454 881
454 455
455 456
457 458
458 693
458 686
458 687
459 1044
459 460
460 1017
460 461
461 716
461 734
461 462
461 463
462 463
463 464
463 1046
464 465
464 747
466 467
467 468
467 1066
468 469
469 1067
469 470
469 895
470 471
471 472
472 473
472 898
474 475
475 476
476 899
476 477
477 478
478 619
479 480
480 481
481 482
481 627
482 483
483 484
485 486
486 671
486 487
487 488
488 489
488 674
489 673
489 490
490 491
490 493
490 494
491 492
496 695
496 892
497 498
498 499
498 688
498 697
499 500
501 502
502 1045
502 503
503 736
503 737
503 748
503 909
503 504
504 505
504 1051
504 749
505 506
505 750
506 507
507 752
507 1047
507 508
507 751
508 1052
509 757
509 510
510 511
511 512
511 758
511 553
512 1094
513 514
513 557
514 784
514 515
515 1107
515 516
516 517
517 518
519 520
520 521
522 523
522 950
523 524
524 525
525 526
527 528
528 529
529 530
531 532
531 958
532 533
533 955
534 590
534 535
535 1138
536 620
536 621
537 538
537 1109
538 539
539 1111
540 541
542 544
542 543
543 544
544 698
544 701
546 547
547 548
547 909
548 549
549 752
549 740
549 741
549 550
551 552
552 553
553 759
554 555
555 556
556 557
558 592
558 593
558 559
560 561
561 910
562 744
562 1153
562 563
562 745
563 564
564 565
565 579
565 566
566 774
566 567
567 568
568 569
569 570
571 572
573 574
574 1149
574 575
576 1163
576 930
577 765
577 766
578 579
579 580
579 1154
580 581
580 774
580 927
581 582
582 583
583 584
585 586
586 587
586 811
586 819
587 588
588 589
590 591
591 592
592 917
593 594
594 595
596 883
596 597
597 1072
597 1071
599 600
599 828
599 818
599 829
600 601
601 602
602 984
602 603
603 604
603 633
604 605
605 606
606 607
607 608
607 799
608 609
611 612
612 613
613 715
613 614
614 615
616 617
617 618
618 1138
619 620
622 840
622 623
623 624
624 625
625 626
627 861
628 901
632 841
632 990
632 991
633 634
634 635
635 636
636 637
637 638
638 639
640 641
641 642
642 643
642 983
643 644
645 646
646 647
648 649
649 650
650 651
650 812
652 653
653 654
654 655
656 657
657 658
658 659
659 660
660 661
661 662
662 663
663 664
664 823
665 666
666 667
670 672
670 671
672 673
673 889
674 675
675 676
678 679
679 680
681 1025
681 682
682 691
682 683
683 684
684 685
685 886
685 686
686 1029
687 688
687 1042
690 691
691 692
692 885
692 886
693 694
695 696
695 1080
696 697
697 906
697 907
697 698
697 699
698 699
700 701
701 1081
702 703
703 704
704 705
705 706
706 707
708 808
708 810
708 709
709 809
710 844
710 845
710 727
711 712
712 713
713 714
714 1030
716 735
719 720
720 721
721 722
721 1091
722 723
723 724
724 1090
724 1115
724 725
725 726
727 728
727 1008
727 1009
728 729
728 858
732 733
733 734
735 736
737 738
738 739
738 909
738 751
739 740
742 743
743 744
744 754
745 746
747 748
748 749
750 751
751 752
753 754
755 756
756 757
757 1068
757 758
759 760
760 761
761 762
762 763
763 764
764 765
765 921
766 767
767 768
767 1155
767 1156
767 934
768 769
769 770
770 771
771 772
772 773
775 776
776 777
777 778
778 779
780 896
780 897
780 781
782 783
783 784
785 786
786 787
787 788
788 789
789 790
790 791
791 948
792 793
793 794
794 843
794 795
796 797
797 798
798 799
800 801
801 806
802 803
803 804
804 805
805 806
807 808
808 809
812 813
813 814
814 815
815 816
816 817
817 818
820 821
821 822
823 824
824 825
825 826
826 827
827 828
828 982
829 830
831 832
834 835
835 836
837 838
838 839
841 986
842 992
845 995
845 996
845 846
847 848
848 849
849 850
850 851
851 852
852 853
855 856
856 857
858 859
861 1026
866 867
867 868
868 869
870 871
871 872
872 873
873 874
873 1027
875 876
876 877
877 878
879 880
881 882
883 884
883 1022
890 891
891 892
892 1043
893 1064
893 1065
893 894
894 895
895 1068
895 1063
897 898
899 900
901 902
902 903
904 905
906 1081
907 908
910 911
912 913
914 915
915 916
917 1128
917 918
917 1127
918 1130
918 919
919 920
921 922
923 924
924 925
925 926
927 928
928 929
932 933
934 935
935 936
937 938
938 939
939 940
941 942
942 943
944 945
945 946
946 947
947 948
949 951
953 954
954 955
956 957
957 958
958 961
958 959
959 960
961 962
962 963
964 965
964 967
965 966
967 968
968 969
970 971
973 977
973 974
974 975
978 979
979 980
980 981
981 982
983 984
986 987
987 988
989 990
992 993
994 1009
994 995
997 1000
997 998
997 1001
998 999
1001 1002
1002 1003
1003 1004
1005 1006
1010 1012
1010 1011
1013 1014
1015 1016
1016 1017
1018 1019
1020 1021
1023 1024
1024 1025
1030 1032
1033 1034
1037 1038
1039 1040
1040 1041
1045 1046
1048 1049
1049 1050
1053 1054
1054 1055
1055 1056
1056 1057
1057 1058
1058 1059
1060 1061
1061 1062
1062 1063
1065 1066
1069 1070
1072 1073
1073 1074
1075 1076
1078 1079
1083 1084
1084 1085
1085 1086
1086 1087
1087 1088
1088 1089
1089 1090
1089 1114
1092 1093
1094 1095
1096 1097
1097 1098
1098 1099
1099 1100
1100 1101
1101 1102
1102 1103
1103 1104
1104 1105
1106 1107
1108 1110
1112 1113
1115 1116
1116 1117
1117 1123
1117 1118
1118 1119
1119 1120
1120 1121
1121 1122
1126 1127
1128 1129
1128 1139
1130 1131
1131 1132
1131 1141
1132 1133
1133 1134
1134 1135
1136 1137
1140 1141
1144 1145
1146 1147
1150 1151
1154 1155
1157 1158
1159 1160
1161 1162
1163 1164
1164 1165
1166 1167
1167 1168
1168 1169
1170 1171
1172 1173
