0 1791
1 2593
2 3480
3 2359
4 2665
4 2343
5 1390
6 2469
7 3056
8 3790
9 2592
10 2503
11 3806
12 3281
12 366
13 2317
14 2911
15 2709
16 3504
17 2216
17 2198
18 3836
19 2476
20 2582
21 2455
22 1759
23 1723
24 3291
25 2495
26 2480
26 2505
27 3506
28 3794
29 2329
30 762
31 1782
32 676
33 761
34 2327
35 134
36 1638
37 2087
38 2086
39 3296
40 592
40 1254
41 2091
42 3854
43 2096
44 3298
45 2061
46 1222
47 3302
48 3856
49 2106
49 2061
50 3292
51 3608
52 3855
53 3546
54 2102
55 2944
56 3287
57 2644
57 3598
58 2073
59 2055
60 2059
61 3858
61 2054
62 2779
63 3316
64 323
65 3319
66 3854
67 3609
68 3208
69 376
70 2256
71 325
71 3886
72 2051
73 2259
74 2645
75 324
76 325
77 2806
78 304
78 305
79 2972
80 3043
81 1156
81 1846
82 3033
83 3862
84 3329
85 3342
86 3365
87 1861
88 3367
89 1862
90 1851
91 306
92 3371
93 1887
94 3350
95 1140
96 3356
97 3370
98 1864
99 1886
100 1155
101 1886
102 3361
103 1886
104 1850
105 1853
106 2717
107 3328
107 3625
108 3343
109 2754
110 3369
111 2755
112 3375
113 3359
114 1144
115 2753
116 3624
116 1918
117 1894
118 3374
119 3626
119 2638
120 1888
121 3307
122 3305
123 3312
124 3315
125 3315
126 3490
127 1690
128 3492
129 3492
130 3573
131 476
132 3099
133 3102
134 1353
134 1214
135 2887
136 3493
137 3095
138 2760
139 3495
140 2658
141 3210
142 3564
143 3496
144 3212
145 3894
146 2857
147 2849
148 2960
149 2864
150 3563
151 2231
152 3382
153 2948
154 2222
155 3387
156 2223
157 2894
158 3410
159 3385
160 2707
161 3402
161 3436
161 3590
162 3853
163 2217
164 2217
165 2236
166 3871
167 2236
168 2234
169 2252
170 3417
171 2956
172 2177
173 2178
174 2182
175 2185
176 3428
177 316
178 2186
179 2188
180 3425
181 2194
181 2191
182 2192
183 2956
184 2196
185 2188
185 2189
186 2634
187 2946
187 2947
188 2219
189 2195
190 315
191 2204
192 2203
193 3442
194 3556
195 1506
196 3447
197 1505
198 3618
199 3450
199 3619
200 1504
201 2200
202 3936
203 2787
204 2970
205 2959
206 2959
207 3556
208 3923
209 519
210 2599
211 2782
212 2945
213 544
214 547
215 327
216 329
217 2228
218 329
219 2261
220 545
221 3921
222 3468
223 2492
224 1552
225 3466
226 3462
227 400
228 3775
229 1552
230 2920
231 2757
232 3467
233 1925
234 575
235 259
236 571
237 3933
238 3943
239 1564
240 3944
241 597
242 3950
243 2491
244 282
245 596
245 591
246 1554
247 281
248 3946
249 3454
250 3945
251 3461
252 3445
253 1525
254 1570
255 3455
256 3446
257 3443
258 3438
259 1386
260 2961
261 3987
262 3984
263 456
264 3439
265 273
266 279
267 3986
268 275
269 3411
270 457
271 529
271 1508
271 1510
272 2101
273 2508
273 1527
274 3922
275 3980
275 1533
276 3453
277 278
278 1544
278 1553
279 280
279 3006
280 1344
280 1075
281 3464
281 3817
281 1365
282 3463
282 1365
282 2583
283 3284
284 3279
285 525
286 366
287 1633
287 398
287 2759
288 1775
289 2484
290 390
291 3967
292 1208
293 3281
294 3024
295 297
296 1371
296 4012
297 2620
297 2486
298 3851
299 391
300 389
301 367
302 388
303 2264
304 1089
304 3786
304 3743
305 3128
305 3786
305 3743
306 3365
306 1165
307 4012
308 3961
308 533
308 3613
309 1710
310 1717
311 1726
312 1715
313 2447
314 1723
315 316
315 2187
315 2180
316 2186
316 3138
316 2185
317 1711
318 3558
319 1709
320 1452
321 2244
321 2245
321 487
322 3969
322 2251
322 511
323 2321
323 324
324 3327
325 2321
325 1410
326 2881
327 2879
327 2524
328 3512
329 2879
330 3293
331 1818
332 1819
333 1185
334 2868
335 3956
336 1468
337 1168
338 417
339 1467
340 1798
341 3864
342 2926
343 1287
344 3910
345 3487
346 3906
346 3557
347 1674
348 462
349 1683
350 2654
351 3709
352 369
353 368
354 2749
355 3582
356 3602
357 1550
358 2553
359 3026
360 2487
361 371
362 2554
363 2489
364 2603
364 3670
364 3550
365 539
366 1802
367 3281
367 2484
367 2485
368 369
369 2681
370 2655
371 1832
372 2766
373 3477
374 3472
375 3901
376 2645
377 2789
378 3484
379 3891
380 1675
381 3893
382 3896
383 1695
384 1595
385 1645
386 3882
387 3884
387 3885
388 1475
388 3967
389 390
390 391
391 4009
392 1627
393 3881
394 1642
395 3879
396 3877
397 1624
399 1874
400 3466
400 3468
401 2666
401 1563
401 3501
401 3533
402 2771
403 3885
404 2997
405 1790
406 3037
407 3037
408 2721
408 2053
408 1030
408 2725
409 3807
410 1653
411 611
412 2962
413 3051
414 3052
415 3067
416 3807
417 1168
417 1170
418 1302
419 3264
420 2835
421 2835
422 1898
423 3266
424 2964
425 3065
426 3067
427 3260
428 2127
429 1898
430 445
431 446
432 2996
433 1776
434 3865
435 3014
436 2727
437 2371
438 1776
439 1784
440 1304
441 2568
442 2625
443 2953
444 1305
445 3672
445 3668
446 3672
447 3044
448 2366
449 2035
450 2992
451 2609
452 2982
453 3034
454 1191
455 569
456 1072
456 457
457 1074
458 1195
459 2035
460 3038
461 2702
462 3910
462 3486
463 3024
463 1739
463 1382
464 3039
465 3012
466 2442
467 2134
468 3011
469 1713
470 1713
471 3559
472 2117
473 1101
474 3401
475 3413
476 3100
476 3574
477 2118
478 3504
478 1530
478 2762
478 1613
479 3401
480 3400
481 3399
482 1488
483 2708
484 1106
485 2110
486 3404
488 2206
489 2206
490 3353
491 3354
492 1379
492 2663
493 1975
494 2999
495 1981
496 3403
497 2212
498 3937
499 2247
500 2214
501 3409
502 3935
503 3441
503 518
504 3419
505 1490
506 3408
507 1487
508 1804
509 1333
510 3924
512 2240
513 3354
514 3962
515 3451
516 587
517 3444
517 2589
518 1496
518 1497
519 938
519 2978
519 2078
519 2521
520 1510
521 3940
522 3942
523 3435
524 2631
525 2472
525 1373
526 1522
527 3448
528 2496
530 2983
531 3961
532 2331
534 3855
535 1210
536 3861
537 3859
538 2331
539 3026
539 1619
540 3278
541 573
542 3597
543 1928
544 3177
544 2075
545 2780
545 2075
546 2958
547 2600
547 3923
547 2524
548 612
548 1742
549 3888
550 1363
551 3002
552 3080
553 3003
554 3004
555 3030
556 1628
557 1652
558 2341
559 1760
560 2987
561 3187
562 3927
563 2094
564 2265
565 2260
566 2092
567 3081
568 3849
569 3833
569 2833
570 3045
571 1387
571 3246
572 2998
573 1356
573 2444
574 1664
575 3771
575 1090
576 1658
577 3009
578 3271
579 1738
580 3276
581 3852
582 3277
583 2404
584 1722
585 3013
586 3280
587 2497
587 1498
587 1499
588 3929
589 3272
590 3550
591 596
591 3516
591 2548
592 1326
592 2055
593 3998
594 1754
595 1733
596 2651
596 3463
597 1451
597 3457
598 2979
599 2834
600 3931
601 2559
602 632
602 2915
602 1764
603 1237
604 3719
605 3086
606 3926
607 3255
608 2023
609 1458
610 3019
611 2465
611 2821
612 1754
612 2747
613 1458
614 3008
615 2271
616 3261
617 2840
618 2924
619 1245
620 1224
621 1225
622 1954
623 2984
624 1583
625 1229
626 3857
627 3267
628 3847
629 1764
630 3275
631 1226
633 1278
634 1456
635 3007
636 2124
637 3017
638 3194
639 1460
640 2130
641 2249
642 1456
643 1224
644 1768
645 3270
646 1230
647 2550
648 2512
649 3093
650 3108
651 3108
652 2745
653 2512
654 1228
655 2513
656 1748
657 1616
658 3262
659 3063
660 3058
661 3064
662 3059
663 3058
664 1275
665 3222
666 2895
667 1080
668 2977
669 3256
670 2376
671 2951
672 2467
673 2989
674 2121
675 1292
676 2333
677 1880
678 3137
679 2995
680 1604
681 3657
682 2986
683 2986
683 2951
684 3028
685 2028
686 1271
687 3085
688 1078
689 3084
690 2985
691 1273
692 3656
693 2190
694 1892
695 2184
696 3018
696 3060
697 3223
698 3874
699 3551
700 3061
701 1267
701 3068
702 3041
703 2525
704 2584
704 3049
705 2584
705 3048
706 3040
707 3912
708 3912
708 1577
709 3914
710 1578
711 1587
712 3465
713 3476
714 1590
715 2307
716 1601
717 2310
718 2590
719 2305
719 3478
720 3479
721 3481
722 3483
723 3475
724 3482
725 3479
726 1411
727 3470
728 1596
729 1581
730 1605
731 2769
732 3911
733 2923
733 2957
734 1656
734 2770
735 2846
736 2870
737 1655
738 3883
739 2673
740 1190
741 3318
742 3310
743 3311
744 3321
745 3339
746 1825
747 3334
748 2750
749 3324
750 1188
751 3346
752 1825
753 1180
754 1824
755 3352
756 1473
757 1163
758 1166
758 1830
758 1167
759 1173
760 3553
761 762
761 2329
762 3718
763 3351
764 1839
765 3335
766 3511
767 1833
768 1162
769 1471
770 3864
771 1175
772 3333
773 3333
774 1803
775 1258
776 2114
777 1909
778 3283
779 2172
780 2115
781 2927
782 3740
783 2100
784 1257
785 2115
786 3313
787 3297
788 3294
789 3299
790 1901
791 1799
792 1912
793 2136
794 2993
795 1263
796 2988
797 1260
798 2516
799 1466
800 1906
801 2160
802 2154
803 2166
804 2142
805 3559
806 870
807 3320
808 2544
809 3320
810 3574
811 2293
812 2254
813 2578
814 3077
815 3079
816 3071
817 1610
818 3320
819 3317
820 2688
821 4008
822 1964
823 2308
824 2842
825 4007
826 2692
827 3020
828 2030
829 3000
830 3075
831 4005
831 2819
831 2557
831 2030
831 2669
832 1622
833 3073
833 3074
834 3072
835 2991
836 2032
837 1002
837 3710
838 2380
839 3368
840 3970
841 1332
842 1970
843 3379
844 2459
845 3330
846 2155
847 3341
848 2917
849 2445
850 2918
851 3972
852 2918
853 1551
854 1546
855 3974
856 3355
857 3304
857 3308
858 2935
859 3308
860 3337
861 1129
862 3372
863 1921
864 1924
865 1960
866 1929
866 1931
867 1932
868 1967
868 1959
868 1933
868 1957
869 1125
870 2380
870 3534
870 3757
871 3091
872 1965
873 3347
874 3089
874 2934
875 1982
876 1117
877 3373
878 1992
879 1130
880 3247
881 2928
882 1994
883 3042
884 2691
885 2943
886 3858
887 1118
888 1996
889 1120
889 2937
890 3360
890 2936
891 1972
891 2301
892 2000
892 3514
893 2000
893 3513
894 1112
894 2938
895 3362
896 2014
897 3610
897 2939
898 2018
899 2016
900 2019
901 2022
902 3536
903 3336
904 2966
905 3344
906 2940
906 3622
907 2965
908 3951
909 2941
910 2966
911 1384
911 2931
912 2929
912 2931
913 3377
914 1938
914 1951
915 1945
916 1977
916 2981
917 2930
918 1943
919 1948
920 1108
921 2637
922 2007
923 1088
924 3378
925 2041
926 3948
926 1071
927 2751
927 2047
928 2942
929 3331
930 2039
931 2706
932 2045
933 2034
934 3959
935 1948
936 2161
937 2107
939 2978
940 2149
941 3389
942 2710
943 3398
944 2149
945 2167
946 3432
947 3433
948 2969
949 2168
950 3696
951 3429
952 2170
953 3711
954 2173
955 2175
956 2169
957 2174
958 2171
959 3791
960 3429
961 3069
962 1444
963 1500
964 1494
965 2715
966 3660
967 1099
968 3611
969 2123
970 3405
971 1093
972 3678
973 2138
974 3666
975 2128
976 2140
977 3070
978 3426
979 3427
980 2145
981 2162
982 3406
983 2144
984 2498
984 3415
985 2077
986 3392
987 3391
988 3112
989 2499
989 3415
990 2133
991 3416
991 1070
992 3418
993 2163
994 3430
995 3418
996 1479
997 2980
998 1512
999 3694
1000 1993
1001 3397
1003 1999
1004 3755
1004 3414
1005 1083
1006 3431
1007 1518
1008 1518
1008 3751
1009 3424
1010 3412
1011 2968
1011 2425
1012 2968
1013 3690
1014 3422
1015 2164
1016 3146
1017 3021
1018 3047
1019 3183
1020 3384
1021 2642
1022 2292
1023 1904
1023 2549
1024 1987
1025 3207
1026 3736
1027 2287
1028 3104
1029 2053
1031 2549
1032 2290
1033 2288
1034 2064
1035 1533
1036 1358
1037 3105
1037 3109
1038 3131
1039 3110
1039 3111
1040 2291
1040 3023
1041 2919
1042 3046
1043 2346
1044 3027
1045 1904
1045 2322
1046 1374
1047 3036
1048 2648
1049 3591
1050 1781
1051 1916
1052 3269
1053 4011
1054 3684
1055 3591
1056 3635
1057 2394
1058 2955
1059 3273
1059 2627
1060 3820
1061 3274
1062 1771
1063 3015
1064 1728
1065 1598
1066 3863
1067 2074
1067 2044
1068 1452
1068 1708
1068 1718
1069 1372
1070 2162
1070 2163
1071 2040
1071 3761
1071 2038
1072 2785
1072 1531
1073 2464
1073 3266
1074 1075
1075 3542
1076 3004
1076 3002
1076 3003
1076 3996
1077 2808
1077 1904
1077 2292
1078 2319
1078 1087
1079 2241
1079 3643
1079 1975
1080 1298
1080 2467
1081 2643
1081 2886
1082 2169
1082 2167
1083 2156
1083 2159
1084 3962
1084 1348
1085 2150
1085 2151
1086 3019
1086 2903
1087 1474
1087 3063
1088 1113
1088 3349
1089 2313
1089 1846
1090 1401
1090 3986
1091 2825
1091 2986
1091 3197
1091 2359
1092 2436
1092 3844
1092 3750
1093 3675
1093 2135
1094 2324
1094 1334
1094 3246
1095 2129
1095 3675
1096 3875
1097 3608
1097 2093
1097 3287
1098 1652
1098 2343
1099 3663
1099 3660
1100 3420
1100 2119
1101 1488
1101 3729
1102 1942
1102 1103
1103 3395
1104 1105
1104 2108
1105 1106
1106 1107
1107 2708
1108 1948
1108 2005
1109 3153
1109 1947
1110 1969
1110 3115
1111 3362
1111 2012
1112 2008
1112 3954
1112 1362
1113 1362
1113 2007
1114 1969
1114 3215
1115 1945
1115 1951
1116 1117
1116 1974
1117 3338
1118 1976
1118 1994
1118 3322
1119 3322
1119 1997
1119 2502
1120 3514
1120 3523
1121 3360
1121 1973
1122 3538
1122 2031
1123 3538
1123 3527
1124 2022
1124 3527
1125 3204
1125 1957
1126 1979
1126 3423
1127 3347
1127 1965
1128 1361
1128 1979
1128 3348
1129 3348
1129 3244
1130 1924
1130 3366
1131 3369
1131 1870
1131 1881
1132 3369
1132 2638
1133 1882
1133 2754
1134 3343
1134 1919
1135 3624
1135 1918
1136 1741
1136 2742
1136 2535
1137 1920
1137 3337
1137 3244
1138 1921
1138 3031
1139 1140
1139 3358
1140 1860
1141 1860
1141 1863
1142 1869
1142 3214
1143 1872
1143 1869
1144 1145
1144 1878
1145 1879
1146 1877
1146 1886
1147 1876
1147 1853
1148 1853
1148 3350
1149 1852
1149 3350
1150 3312
1150 1889
1151 1896
1151 1897
1152 3305
1152 1915
1153 3307
1153 1894
1154 1888
1154 1886
1155 1888
1155 1889
1156 1426
1156 1157
1157 1850
1158 1849
1158 3314
1159 1891
1159 3132
1160 1858
1160 1852
1161 1854
1161 1855
1162 1843
1162 3357
1163 1843
1163 1844
1164 1841
1164 3202
1165 1856
1165 1857
1166 3742
1166 2781
1166 1831
1167 2641
1167 3742
1167 1831
1168 3864
1169 1816
1169 1285
1170 1286
1171 2641
1171 1172
1172 1833
1173 3136
1173 3553
1174 1829
1174 2781
1175 1828
1175 1831
1176 1825
1176 1177
1177 1829
1178 1825
1178 1823
1179 2857
1179 2660
1179 1615
1180 3180
1180 1182
1181 1805
1181 1807
1182 1812
1183 1812
1183 1813
1184 1813
1184 1821
1185 3055
1185 1815
1186 1192
1186 1801
1186 1187
1187 1794
1188 1800
1188 1803
1189 1803
1189 1805
1190 1809
1190 3300
1191 4026
1192 1800
1192 2750
1193 2833
1193 2035
1193 2365
1193 2982
1194 2365
1194 1197
1195 2833
1195 1196
1195 2365
1196 3833
1196 2303
1197 2368
1197 2994
1198 2609
1198 3549
1199 1200
1199 1202
1199 3677
1200 2134
1201 2309
1201 2134
1202 2861
1202 3677
1203 2702
1203 2367
1204 3604
1204 2485
1205 1793
1205 1786
1205 2484
1206 1792
1206 1545
1207 1770
1207 1230
1208 1740
1208 2486
1209 1388
1209 1926
1209 3822
1210 3290
1210 1357
1210 3286
1211 2741
1211 3286
1211 2983
1212 1213
1212 3855
1213 1354
1214 1354
1214 2983
1215 1355
1215 1638
1216 1225
1216 1757
1217 3546
1217 2093
1218 2096
1218 2095
1219 2104
1219 2097
1220 3287
1220 2087
1221 3856
1221 2057
1222 2057
1222 2059
1223 1224
1223 2344
1223 2984
1223 1756
1224 1225
1225 1756
1226 2344
1226 1764
1226 1756
1227 3194
1227 1749
1227 2622
1228 2916
1228 1732
1229 2916
1229 1734
1230 1768
1231 3005
1231 1767
1232 1769
1232 2813
1233 1736
1233 1765
1234 2834
1234 3255
1235 3725
1235 3255
1236 1753
1236 1237
1237 1752
1238 1752
1238 1749
1239 1749
1239 1750
1240 1750
1240 3719
1241 3926
1241 1750
1242 1501
1242 3926
1243 1501
1243 3719
1244 1730
1244 1755
1245 2912
1245 1729
1246 2743
1246 1247
1247 3682
1247 2332
1248 3613
1248 3278
1249 2083
1249 1255
1249 2087
1250 2088
1250 1331
1251 2080
1251 2083
1251 1255
1252 2056
1252 3595
1253 3283
1253 2100
1254 2056
1254 1325
1255 2328
1256 1257
1256 1910
1257 1911
1258 1911
1258 3283
1259 1905
1259 1908
1260 1905
1260 2841
1261 3651
1261 2172
1262 3874
1262 3213
1263 2906
1263 2907
1263 2902
1264 3649
1264 2475
1264 1350
1264 1351
1265 3232
1265 1266
1265 3230
1265 3223
1266 3060
1267 3060
1267 1268
1267 2575
1268 1269
1268 3062
1269 4028
1270 2190
1270 1271
1271 2875
1272 2896
1272 2875
1273 2896
1273 2985
1274 2985
1274 3661
1275 2876
1275 3222
1276 3222
1276 2895
1277 2876
1277 2895
1278 1739
1278 1763
1279 2841
1279 3235
1280 1281
1280 3764
1280 3807
1281 2432
1282 2432
1282 2289
1283 3434
1284 4000
1284 3995
1284 3999
1285 3055
1286 3512
1286 2694
1287 1288
1287 2972
1288 1795
1289 1795
1289 3862
1290 1819
1290 2892
1291 1292
1291 2614
1292 2379
1293 2377
1293 2446
1294 2376
1294 2377
1295 2376
1295 2466
1296 2363
1296 3259
1297 3259
1297 2468
1298 2468
1299 2625
1299 1300
1300 2458
1301 1776
1301 2805
1302 1784
1302 2805
1302 1303
1303 2835
1304 2837
1304 3686
1305 1306
1305 3686
1306 2369
1307 2369
1307 2370
1308 2370
1308 2371
1309 3842
1309 2853
1309 2342
1310 1370
1310 2812
1310 1542
1311 1312
1311 2756
1311 2197
1312 2636
1312 2197
1313 1314
1313 2003
1313 3182
1314 2003
1314 2301
1314 1315
1315 1384
1315 2003
1315 1316
1316 3513
1316 2003
1317 3520
1317 2234
1317 1398
1317 1318
1318 3520
1318 3964
1318 1319
1319 3520
1319 1392
1319 3779
1320 1336
1320 3737
1320 2515
1320 1387
1321 3841
1321 1650
1321 2860
1322 1336
1322 3737
1322 3986
1322 2515
1323 1336
1323 3750
1323 1334
1324 1455
1324 1327
1324 1325
1324 2943
1325 1326
1325 1455
1326 1455
1326 1327
1327 3306
1327 1455
1328 1329
1328 1331
1328 3286
1328 1457
1329 1457
1329 1330
1329 3855
1330 1331
1330 2091
1330 1457
1331 1457
1332 3379
1333 3205
1333 1485
1335 3072
1335 2292
1335 2991
1336 2515
1337 1340
1337 1338
1337 4012
1337 1461
1338 2664
1338 1461
1338 1373
1339 2448
1339 1508
1339 1509
1340 2664
1340 1461
1340 1463
1341 1343
1341 3605
1341 1342
1341 2695
1342 1381
1342 3605
1343 3605
1343 3966
1345 1346
1345 1459
1345 3854
1346 2098
1346 1459
1347 1352
1347 1513
1347 3130
1348 1396
1348 1395
1348 2295
1349 3747
1349 2767
1350 4027
1351 2724
1353 1638
1355 2559
1356 3290
1356 1357
1357 3029
1358 3979
1358 1533
1359 3642
1359 2068
1359 2102
1360 1409
1360 1403
1360 1478
1361 3337
1362 2008
1363 3928
1363 2298
1364 3006
1366 1676
1367 2760
1367 3566
1367 3095
1368 2668
1368 3895
1369 2304
1369 3895
1370 3824
1370 1539
1370 2716
1370 1374
1371 1464
1371 1394
1371 1372
1372 1381
1373 1469
1374 2322
1375 1472
1375 3689
1375 2146
1376 1541
1376 3159
1377 3792
1377 2146
1377 1378
1378 2146
1378 2647
1379 3721
1379 3732
1379 2243
1380 3520
1380 1392
1380 1398
1383 1969
1383 2301
1384 2981
1385 1538
1385 1386
1385 3933
1386 1387
1387 2890
1389 3816
1389 2528
1389 1397
1390 2379
1391 2528
1391 3812
1391 3190
1392 2443
1393 3531
1393 3812
1393 1399
1395 3531
1395 1396
1396 1397
1397 2528
1398 2235
1399 3966
1399 2295
1400 2486
1401 1925
1402 2323
1402 3766
1402 2207
1403 3732
1403 3876
1404 1407
1404 2335
1404 1406
1404 2255
1405 1786
1406 1408
1406 2257
1407 2256
1408 2255
1409 2235
1409 1415
1410 2255
1411 1594
1411 3470
1412 2206
1412 2207
1413 3409
1413 2207
1414 2514
1414 3801
1414 3530
1414 1418
1415 3969
1415 1478
1415 3630
1416 2514
1416 1419
1416 1422
1417 1617
1417 2551
1418 3530
1418 2562
1418 2502
1419 3530
1419 2502
1420 2318
1421 3275
1421 1764
1422 1998
1423 1946
1423 2347
1423 1621
1424 1425
1424 2595
1424 1428
1424 1847
1425 1426
1425 1762
1425 1847
1426 2595
1426 1847
1427 2753
1427 3031
1428 1848
1429 3314
1429 2595
1430 3301
1431 1432
1431 3289
1431 1939
1431 2686
1432 1939
1432 1436
1433 1434
1433 1437
1433 1942
1434 2686
1435 3701
1436 3386
1437 1939
1438 1443
1438 3509
1438 1439
1439 1441
1439 3509
1440 3509
1440 2935
1441 1915
1442 3088
1442 3509
1443 1985
1444 1500
1445 3680
1445 2865
1445 3631
1446 1912
1446 1913
1446 1448
1446 1447
1447 1913
1447 1449
1447 2927
1448 1913
1448 3126
1448 1449
1449 3304
1449 1913
1450 2408
1450 3929
1450 2630
1451 3680
1451 2866
1452 1454
1452 1726
1453 3996
1453 3030
1454 3501
1454 2613
1456 3257
1456 3007
1458 1460
1458 2903
1459 3640
1459 3642
1460 3008
1461 2664
1462 2624
1462 3008
1462 2813
1463 1464
1465 4010
1466 3235
1466 1798
1467 2816
1467 2154
1467 1798
1468 3627
1468 1470
1469 2470
1470 1592
1471 3195
1472 2146
1472 2978
1473 3325
1474 2340
1476 4009
1477 3282
1478 3732
1478 3630
1479 3112
1479 2077
1479 3391
1480 3376
1480 1483
1480 2917
1481 3977
1481 3821
1481 2917
1481 2445
1482 3376
1482 3379
1482 1486
1483 3379
1483 3973
1484 3368
1484 3977
1484 2918
1484 2270
1485 3924
1485 2357
1486 3924
1486 1724
1486 2919
1487 3762
1487 3805
1487 3935
1488 2118
1489 1490
1489 1492
1489 3758
1490 2632
1490 2633
1491 2632
1491 3408
1491 1493
1492 1493
1492 3925
1493 3419
1494 1500
1494 3070
1494 3124
1495 3440
1495 1498
1495 3925
1496 3441
1496 1503
1497 2378
1497 2399
1498 2496
1499 2587
1499 1502
1499 2399
1502 2497
1502 3444
1502 1509
1503 1505
1503 3617
1503 3615
1504 3616
1504 3450
1504 3451
1505 3616
1505 3618
1506 3617
1506 3556
1506 3447
1507 3618
1507 2203
1507 3447
1508 2588
1509 3752
1509 2587
1509 2589
1510 3752
1510 1669
1511 3449
1511 1514
1511 2589
1512 3694
1512 3397
1513 1516
1513 2452
1514 3448
1514 2631
1514 1515
1515 2497
1515 3444
1515 2786
1516 2786
1516 3919
1517 3920
1517 3445
1517 1519
1518 2164
1518 2165
1519 2610
1519 1523
1519 2478
1520 3448
1520 3449
1520 2610
1521 2801
1521 2811
1521 2478
1522 2801
1522 1523
1522 3454
1523 2500
1524 1613
1525 2576
1525 1571
1525 2500
1526 1529
1526 3443
1526 1527
1527 1528
1528 3439
1528 2508
1529 3542
1529 3439
1531 2784
1531 2508
1532 2784
1532 2919
1532 1533
1532 3407
1534 3980
1534 3614
1534 3983
1535 3984
1535 3985
1535 3614
1536 3425
1536 3138
1536 2182
1537 3985
1537 1538
1537 3706
1538 3707
1538 2961
1539 3933
1540 3160
1540 3824
1540 1611
1541 1617
1541 1607
1542 2579
1542 2971
1543 1608
1543 2586
1543 1549
1544 3939
1544 2687
1545 3024
1545 2596
1545 3606
1545 2621
1546 2239
1546 3799
1547 2529
1547 3578
1547 3155
1548 2696
1548 2529
1548 2586
1549 2586
1549 3156
1550 2487
1550 1621
1551 2240
1551 3970
1552 2920
1552 3938
1553 2914
1553 2492
1553 3453
1554 1555
1554 3453
1554 3455
1555 2491
1555 2148
1556 3455
1556 2548
1556 1558
1556 1559
1557 3519
1558 1560
1558 1561
1559 3916
1559 1561
1560 1562
1560 2563
1561 2563
1562 3457
1562 3458
1562 1564
1564 3515
1564 2973
1564 3454
1565 3916
1565 1566
1565 1567
1566 1570
1566 2563
1567 1569
1567 3446
1568 1718
1569 2576
1569 1570
1570 2973
1571 2973
1572 2651
1572 3468
1572 2583
1573 1576
1573 3913
1573 3466
1574 2449
1575 3464
1575 2491
1575 3516
1576 3912
1576 3467
1577 3912
1577 3914
1577 1579
1578 3914
1578 3915
1578 2590
1579 3476
1579 1585
1580 3900
1581 1834
1581 3915
1581 2598
1582 1584
1582 1587
1582 3475
1582 2590
1583 2680
1583 1766
1584 1588
1584 2598
1585 1586
1585 3475
1586 1587
1586 1589
1587 1588
1588 3478
1589 2713
1589 1590
1590 3469
1590 1591
1591 1840
1591 1594
1591 1596
1593 1594
1593 2612
1593 3469
1595 3673
1595 3880
1595 1623
1596 1612
1596 2845
1597 1840
1597 2305
1597 3478
1597 3479
1598 2550
1598 3863
1599 1602
1599 2307
1599 3612
1599 3479
1600 1601
1600 1602
1600 3481
1601 3483
1601 1603
1602 1603
1603 2640
1603 2662
1604 2817
1604 2772
1604 2429
1605 3483
1605 3702
1605 2662
1606 2310
1606 2670
1606 2662
1606 2103
1607 2601
1607 3157
1608 2440
1608 3157
1609 2193
1609 2770
1609 2670
1609 3703
1610 2267
1610 2268
1611 2324
1611 3158
1612 2675
1612 2103
1613 3637
1613 3781
1614 3880
1614 1626
1614 2844
1615 2848
1615 3748
1615 2871
1616 2683
1616 2677
1616 1766
1617 1664
1617 2341
1618 2830
1618 2733
1618 2678
1619 2733
1620 1621
1620 2830
1621 2490
1622 3073
1622 2555
1622 3076
1623 2652
1623 3879
1624 1635
1624 3878
1624 3879
1625 1626
1625 2788
1625 1629
1626 1627
1627 1630
1627 2462
1628 2297
1628 2286
1629 1632
1629 1630
1630 1644
1631 2802
1631 2700
1631 2719
1632 1633
1632 1642
1633 1634
1633 2419
1634 3471
1634 1639
1635 2732
1635 2788
1636 2921
1636 2731
1636 1637
1637 3904
1637 3471
1638 1640
1638 2661
1639 2737
1639 3887
1640 1788
1640 2661
1641 2320
1641 2157
1642 3697
1642 3695
1643 3882
1643 1644
1643 1645
1644 2922
1645 1940
1645 1670
1645 1667
1646 2678
1646 3839
1647 1648
1647 3578
1648 1649
1648 2675
1648 3579
1649 2761
1649 3580
1650 1667
1650 3580
1651 2769
1651 2675
1651 3908
1653 2827
1653 2684
1654 2770
1654 3911
1654 1655
1655 1656
1655 2957
1656 1657
1656 2770
1657 2769
1657 2923
1658 3009
1658 3826
1658 3735
1659 2674
1659 3883
1659 2790
1660 1672
1660 1673
1660 3907
1660 1677
1661 2923
1661 2869
1661 1662
1662 2870
1662 2846
1663 3883
1663 2682
1663 2795
1664 3045
1665 1668
1665 3838
1666 3842
1666 3579
1666 1668
1667 1670
1668 2804
1669 3449
1669 3452
1670 3884
1670 1940
1671 3906
1671 3594
1671 2682
1671 3557
1672 3906
1672 1677
1673 1682
1673 3715
1674 3594
1674 3485
1674 3486
1675 3890
1675 2766
1675 1927
1676 1684
1676 3709
1677 1678
1678 1680
1678 3909
1679 1680
1679 2653
1679 3487
1680 3488
1681 3488
1681 1683
1681 2653
1682 1684
1683 2654
1683 3709
1684 1685
1685 1686
1685 1687
1686 3490
1686 3910
1687 1688
1687 3490
1688 1689
1688 1690
1689 3492
1689 1692
1689 3185
1690 3492
1690 2654
1691 3473
1691 2655
1691 1695
1692 3099
1692 1693
1692 3494
1692 3101
1693 3492
1693 3571
1694 1696
1694 3570
1694 3573
1695 1832
1696 3843
1696 1699
1696 3494
1697 3097
1697 3474
1697 3563
1697 3103
1698 3568
1698 1699
1698 3565
1699 3103
1700 3843
1700 3748
1700 1701
1701 3210
1701 3495
1702 1705
1702 2660
1702 2885
1703 2864
1703 3497
1703 3558
1704 3765
1704 2885
1704 2863
1705 3497
1705 2580
1705 1709
1705 2863
1706 1850
1706 1851
1706 1852
1706 1853
1707 2666
1707 3499
1707 2348
1708 2666
1708 3499
1709 3834
1709 2566
1709 1710
1710 2456
1710 2473
1711 1712
1711 2456
1712 3544
1712 1714
1713 3010
1713 2366
1714 3845
1714 3846
1715 1978
1715 2027
1715 2908
1716 2526
1716 2474
1716 2901
1716 1718
1717 2685
1717 1718
1717 1726
1719 2368
1719 2441
1719 3011
1719 3012
1720 2352
1720 2350
1721 2352
1721 2355
1721 2349
1722 1728
1722 3013
1723 3781
1723 3529
1723 3637
1723 2430
1724 3555
1725 2685
1725 1726
1725 2613
1727 2512
1727 3007
1728 1733
1729 3186
1729 3175
1730 3186
1730 2836
1731 2513
1731 3802
1731 1732
1731 3262
1732 3857
1733 2414
1734 1736
1734 3263
1735 2916
1735 3261
1735 3263
1736 3716
1736 2527
1737 3847
1737 1739
1737 3606
1737 2527
1738 2416
1738 3272
1739 1926
1739 2623
1740 3822
1740 2471
1741 2880
1741 2950
1742 2958
1742 2519
1743 2855
1743 3628
1743 2839
1744 2840
1744 1745
1744 3947
1744 3175
1745 1746
1745 1747
1745 3628
1746 2840
1746 2700
1746 2924
1747 2856
1747 2924
1748 2680
1748 2700
1748 2705
1749 1751
1751 1791
1751 3725
1753 3725
1753 2925
1754 2546
1755 2834
1755 2925
1756 3808
1757 2722
1757 2803
1757 2734
1757 1758
1758 2680
1758 2722
1758 2915
1759 1761
1759 2334
1759 2455
1760 2541
1761 2336
1761 1966
1762 1846
1763 2915
1763 3275
1765 2677
1766 2676
1767 1768
1767 3265
1768 3268
1769 2955
1769 3268
1770 2963
1770 3270
1771 2628
1771 2627
1771 1772
1772 1773
1772 3270
1773 1774
1773 3606
1774 3193
1775 3057
1775 1778
1775 1777
1776 2796
1777 2386
1777 3166
1778 3684
1778 1779
1778 1780
1778 2237
1779 1787
1779 3165
1780 3165
1780 2534
1781 3576
1782 1785
1782 2334
1783 1789
1783 3759
1784 2568
1785 2824
1785 2460
1786 1802
1787 2387
1787 3163
1788 2763
1789 2824
1789 2593
1790 3056
1790 3670
1792 1793
1793 2620
1793 2485
1794 3334
1795 2516
1795 1797
1796 3932
1797 3297
1797 1799
1798 2516
1799 1910
1800 3324
1801 3324
1801 3318
1801 3134
1802 2484
1803 3323
1804 3381
1804 3934
1805 3321
1806 3152
1806 3321
1806 3141
1807 3339
1807 3180
1807 3655
1808 2921
1809 3552
1809 3310
1810 3552
1810 1811
1810 3134
1811 3318
1811 3311
1812 3627
1813 1815
1814 3902
1815 2926
1816 3864
1816 1835
1816 3196
1817 1818
1817 1819
1817 2926
1818 3184
1819 3293
1820 3471
1821 3184
1822 1824
1822 1827
1822 3180
1823 1824
1823 3655
1824 3188
1825 3188
1826 2872
1827 1828
1827 3188
1828 3346
1829 3346
1830 3553
1830 3742
1830 2781
1831 3195
1832 2487
1833 1836
1833 3325
1834 3481
1834 2305
1835 2313
1835 3510
1836 3335
1836 1837
1836 3199
1837 3202
1837 1839
1838 3892
1839 1844
1839 3342
1839 3199
1841 1845
1842 3329
1842 3202
1842 3335
1843 2949
1843 3351
1844 3364
1845 1851
1845 1855
1846 3743
1847 2595
1848 3128
1848 3313
1849 3313
1849 1891
1850 1851
1852 1854
1853 1859
1854 1862
1855 1856
1856 1862
1857 1861
1857 3365
1858 1859
1858 3358
1859 3356
1859 3218
1860 3371
1861 3367
1861 3371
1862 3367
1863 1864
1863 1865
1863 2717
1864 1866
1864 3214
1865 3370
1865 3356
1866 1867
1866 1869
1866 1870
1867 2717
1867 3375
1868 3891
1869 3359
1870 2755
1870 1871
1871 3374
1871 3375
1872 1882
1872 1875
1872 2755
1873 3218
1873 1875
1873 1878
1873 3359
1874 2347
1874 2765
1875 1883
1875 1879
1876 3218
1876 1877
1877 1884
1877 1878
1879 1884
1879 3343
1880 3001
1880 2626
1881 3221
1881 2638
1882 3626
1882 2638
1883 2754
1883 1885
1883 1919
1884 1895
1884 1887
1885 1920
1885 2639
1886 1887
1887 1889
1889 3228
1890 3312
1890 3132
1890 1893
1890 3231
1891 1899
1892 2190
1892 2838
1893 1896
1893 3315
1894 3228
1894 1895
1895 3238
1896 3307
1897 3126
1898 2873
1899 1901
1899 3299
1900 1901
1900 3294
1900 3231
1901 2778
1902 1912
1902 2778
1902 1903
1903 1910
1904 2322
1904 2549
1904 2648
1905 3739
1906 1907
1906 3739
1906 3206
1907 1909
1907 3654
1908 2898
1908 1910
1909 2898
1909 1911
1914 2828
1914 3740
1914 1990
1914 2927
1915 1917
1915 3623
1916 4004
1916 3015
1917 1920
1917 3624
1918 3328
1918 1919
1920 3031
1921 2928
1921 3366
1922 1928
1922 2752
1922 2518
1923 2928
1923 1924
1923 3247
1924 3372
1924 3251
1925 3844
1927 3905
1928 2832
1928 2444
1929 3248
1929 3251
1929 1931
1930 3249
1930 1932
1930 1933
1931 3249
1931 1935
1932 1936
1932 1934
1933 1959
1933 1934
1933 1935
1934 1957
1935 1960
1936 1937
1936 3204
1937 1938
1937 3386
1938 3386
1938 1941
1941 3289
1941 1945
1942 3393
1943 3113
1943 2706
1944 3289
1944 1947
1944 3113
1945 3200
1945 2929
1947 1948
1948 1950
1949 3153
1949 2930
1949 1953
1950 2410
1950 2930
1950 2637
1951 1956
1951 3204
1952 3880
1953 2410
1953 2931
1953 2981
1954 3823
1955 1967
1955 1956
1955 3831
1955 3215
1956 3377
1957 3237
1958 2922
1959 1963
1959 3237
1960 1962
1960 3251
1961 3092
1961 3251
1961 3372
1961 3423
1962 1963
1962 3092
1963 1968
1963 2932
1964 3537
1964 3317
1965 2932
1965 2933
1965 3423
1966 2339
1967 1968
1967 3237
1968 1971
1969 1971
1970 2270
1971 3373
1972 3115
1972 1973
1972 3373
1973 3182
1973 1974
1974 2933
1975 3383
1976 2936
1976 3338
1977 2001
1977 2410
1977 2637
1978 2447
1979 1980
1979 2934
1980 3088
1980 3337
1981 3643
1981 3383
1982 1992
1982 3090
1982 3502
1983 1984
1983 3090
1983 2935
1984 1992
1984 3521
1985 1986
1986 2537
1986 2540
1986 2831
1987 2536
1987 2814
1987 2721
1988 3176
1988 1989
1988 1991
1989 2832
1989 2537
1989 1990
1990 2604
1990 2540
1991 2493
1991 2494
1992 3521
1993 3394
1993 3694
1994 1995
1994 3116
1995 2562
1995 3322
1996 2936
1996 3514
1996 2937
1997 2016
1997 2937
1998 2426
1998 2021
1999 3690
2000 3360
2000 3182
2000 2002
2000 3513
2001 2004
2001 3513
2002 2010
2002 2013
2004 2010
2004 3954
2005 2637
2005 2006
2006 2706
2006 2007
2008 2009
2009 2938
2009 3349
2010 3524
2011 2759
2012 2938
2012 3540
2013 3523
2013 2014
2014 3526
2014 2015
2015 2016
2015 2018
2015 3523
2016 2426
2016 3523
2017 2765
2018 2939
2018 3526
2019 2426
2019 2021
2020 2573
2020 2908
2020 3501
2020 3519
2021 2022
2022 2024
2023 3189
2024 2025
2024 2026
2025 3536
2025 2026
2025 3336
2026 3535
2027 3544
2027 2451
2028 2340
2028 2989
2029 3336
2029 3344
2029 3527
2030 2819
2030 2557
2030 3078
2031 3540
2031 3524
2032 2808
2032 3109
2032 2254
2033 2034
2033 2966
2033 3543
2034 3949
2035 2992
2036 2048
2036 2940
2036 3622
2037 3948
2037 2941
2037 2039
2038 3209
2038 2965
2039 2040
2040 2041
2041 2042
2042 3378
2042 2043
2043 3952
2043 3378
2043 2045
2044 3953
2044 3378
2045 2046
2046 2942
2047 3331
2047 2050
2047 2751
2048 2049
2048 3331
2049 2050
2049 2051
2049 3958
2050 3959
2050 2052
2051 3535
2052 3316
2052 3589
2053 2650
2054 2543
2054 3535
2055 2057
2055 2058
2056 2062
2057 2060
2058 3296
2058 2062
2059 3585
2059 3302
2060 2080
2060 3295
2060 2079
2061 3856
2061 2066
2061 2105
2062 3620
2063 2089
2063 3595
2063 2086
2064 3706
2064 2814
2065 3960
2065 2066
2065 3302
2066 2106
2066 2068
2067 3960
2067 2068
2067 2069
2069 2070
2069 2071
2070 2779
2070 2644
2071 3640
2071 3598
2072 2258
2072 3589
2072 3319
2073 2806
2074 3177
2074 2076
2074 2782
2075 3813
2076 2967
2077 3392
2077 2714
2078 2521
2078 2147
2078 2740
2078 2782
2079 3296
2079 3621
2080 2082
2081 2082
2081 2085
2081 3621
2082 2084
2083 2084
2084 2086
2085 3620
2085 2086
2087 2944
2088 2944
2088 2089
2089 3290
2090 2911
2090 2327
2091 2093
2092 2260
2092 3607
2093 2646
2094 2282
2094 2285
2094 3629
2095 3298
2095 2646
2096 3288
2096 2097
2097 2099
2097 3292
2098 3298
2098 2099
2099 2102
2100 3740
2101 3919
2102 2106
2103 3482
2104 2105
2104 3295
2105 2106
2107 3646
2107 2782
2108 2109
2108 2117
2109 2110
2109 3087
2110 3652
2110 3653
2111 2122
2111 3395
2111 3124
2112 3547
2113 3413
2113 2118
2113 3399
2114 2907
2114 2172
2114 2902
2115 3654
2115 2878
2116 2120
2116 2330
2116 3652
2116 3653
2117 3653
2117 2119
2118 3420
2119 2120
2120 3413
2121 3659
2121 2319
2122 2123
2122 3660
2122 2125
2123 3678
2123 3663
2124 3017
2124 3194
2125 2126
2125 2135
2126 2715
2126 3405
2127 3665
2127 3667
2128 3666
2128 3669
2128 3406
2129 3666
2129 2132
2129 3669
2130 3017
2130 3647
2131 2140
2131 2132
2131 3119
2132 3676
2133 3392
2133 2980
2134 3561
2135 3678
2136 3651
2136 2142
2137 2138
2137 3611
2137 3678
2138 3426
2138 3676
2139 2162
2139 3427
2139 2140
2140 2141
2141 2145
2141 3685
2141 3415
2142 3206
2143 2144
2143 3416
2143 3415
2143 2159
2144 2498
2144 2158
2145 2162
2145 2499
2147 2945
2147 3813
2147 2597
2148 2548
2149 3792
2149 3389
2149 2151
2150 2152
2150 2710
2151 3398
2152 2153
2152 3398
2153 2320
2153 3690
2154 2160
2155 2273
2155 2275
2156 3123
2156 3690
2156 3422
2157 3143
2157 2167
2158 3755
2158 3414
2158 3694
2159 3418
2159 3414
2160 2166
2161 3394
2163 3418
2163 3430
2164 3431
2164 3422
2165 3424
2165 2968
2166 3235
2167 2168
2168 3696
2168 3429
2169 3120
2169 2171
2170 2171
2170 3429
2170 3711
2171 3791
2173 2177
2173 3791
2173 2174
2173 3711
2174 2175
2174 2179
2175 2176
2175 3120
2176 2226
2177 3121
2177 2178
2177 2179
2178 2180
2178 3711
2179 3125
2180 2185
2181 2185
2181 3428
2181 2182
2181 3121
2182 3125
2183 3425
2183 2946
2183 3733
2184 3230
2184 2190
2186 3728
2186 2187
2186 2188
2188 2189
2188 3734
2189 3728
2189 2191
2191 2192
2191 2947
2192 2194
2192 2635
2193 3702
2193 3911
2194 2195
2194 3734
2195 2196
2195 2959
2196 2956
2196 2197
2197 3122
2198 3240
2198 2430
2199 2200
2199 3936
2199 2204
2200 2203
2200 2787
2201 2202
2201 3741
2201 2214
2202 2211
2202 2213
2203 2204
2204 3442
2205 3442
2205 3556
2205 2206
2207 2323
2208 3720
2208 3937
2208 3403
2209 2248
2209 2242
2209 3766
2210 3404
2210 2211
2210 2212
2211 3937
2212 2213
2212 2215
2213 2214
2214 3810
2215 3402
2215 3810
2216 3505
2216 2433
2217 3866
2217 2783
2218 3778
2218 3779
2218 2236
2218 3383
2219 2220
2219 2707
2220 3866
2220 3871
2221 3970
2221 3971
2221 3332
2222 2233
2222 3870
2222 3385
2223 3870
2223 3869
2223 3382
2224 2225
2224 3867
2224 3868
2225 3603
2225 3382
2226 2227
2226 3867
2227 3872
2227 3873
2228 2229
2228 3941
2229 3783
2230 2232
2230 3784
2230 3785
2231 3785
2231 3788
2232 2948
2232 3964
2233 2948
2233 2236
2234 3353
2234 3963
2235 3354
2237 3576
2237 3633
2238 3972
2238 3332
2238 3799
2239 2240
2239 2267
2240 2251
2241 3768
2241 2243
2241 2244
2242 2999
2242 2247
2243 2245
2244 2246
2245 3968
2246 3930
2246 2247
2247 2248
2248 3390
2249 3802
2249 3019
2250 2251
2250 2270
2252 3962
2252 3965
2253 3640
2253 3609
2253 3811
2254 2294
2255 2381
2256 2257
2256 2645
2257 3886
2258 3712
2258 2259
2259 3811
2259 2644
2260 3825
2261 3921
2261 3813
2262 3921
2262 3923
2262 2524
2262 3886
2263 2697
2263 3967
2264 2697
2264 2698
2264 3717
2265 3632
2265 3825
2266 2384
2266 4009
2266 4010
2266 2829
2267 3816
2268 3320
2268 3827
2268 2269
2269 2272
2269 3345
2271 3648
2271 3647
2272 2273
2272 2445
2273 2274
2274 2275
2274 3341
2275 3330
2276 3976
2276 3821
2276 3341
2277 2952
2278 2699
2278 3588
2278 2701
2278 2279
2279 2280
2279 2819
2279 3076
2280 2281
2281 2282
2281 2570
2281 2773
2282 3832
2282 2284
2283 2891
2284 2392
2284 3161
2285 3082
2285 3989
2286 2812
2286 4025
2287 2288
2287 3979
2288 2346
2289 2816
2290 2346
2290 3027
2290 2549
2291 3776
2291 3131
2291 3111
2292 2905
2293 3020
2293 3022
2294 3539
2294 3020
2294 3071
2295 3531
2296 3146
2296 3021
2296 3046
2297 3988
2298 2800
2299 2704
2299 2501
2299 3021
2300 3253
2300 3022
2300 3023
2301 3200
2302 2609
2304 3765
2306 2913
2306 3498
2307 2640
2308 3537
2308 3828
2309 3674
2309 2539
2310 2640
2311 2994
2312 3010
2313 2694
2313 3033
2314 3665
2314 3034
2314 2365
2315 2730
2315 3035
2315 2794
2316 2470
2316 3823
2317 3800
2318 2822
2319 3837
2319 2438
2321 3327
2322 4025
2322 3036
2323 3720
2324 2601
2324 2436
2325 2824
2325 4024
2325 3127
2325 2327
2326 3420
2328 3288
2328 3292
2329 2460
2329 3718
2331 2332
2332 3613
2333 2337
2333 2474
2333 3718
2334 2336
2335 3609
2335 2381
2336 2349
2337 2345
2337 2455
2338 2619
2338 2437
2338 3158
2339 2476
2339 2348
2340 2709
2341 3839
2342 3185
2342 2853
2345 3499
2347 2419
2347 2652
2348 3835
2349 2356
2349 2351
2350 2353
2350 2351
2351 2353
2352 3480
2353 2354
2354 2355
2354 3508
2354 2477
2355 2356
2356 3326
2357 2633
2357 3758
2358 2361
2358 3835
2358 3217
2360 2504
2360 2372
2360 3533
2361 2850
2361 3498
2362 2986
2362 2363
2362 2951
2363 2376
2363 2817
2364 2739
2364 2558
2366 2891
2366 2367
2367 2861
2368 2442
2368 2702
2369 2441
2370 2952
2371 2953
2371 2558
2372 2480
2372 2531
2373 2481
2373 2482
2373 3500
2373 3745
2374 2913
2374 3507
2374 3233
2374 2481
2375 3713
2375 3197
2375 2614
2377 3256
2377 2466
2378 3440
2378 3419
2378 3441
2379 3714
2380 3376
2382 3163
2382 2387
2382 2383
2383 2389
2383 3173
2384 2385
2384 2387
2384 2386
2385 3164
2385 2391
2386 3164
2387 2547
2388 2392
2388 2509
2388 3173
2389 2408
2389 2390
2390 2693
2390 4008
2390 2509
2390 2544
2390 2391
2390 2424
2391 3174
2392 3636
2393 4011
2393 2547
2393 3599
2394 3600
2394 4011
2394 3681
2395 3897
2395 3819
2395 3820
2396 3774
2396 3726
2397 4001
2397 3550
2397 2398
2398 4000
2398 2417
2399 3450
2399 3615
2400 2403
2400 3998
2400 3999
2401 2402
2401 3998
2401 2407
2402 3992
2402 3607
2403 2404
2403 3013
2404 2405
2404 2422
2405 3852
2405 2421
2406 2594
2406 3636
2406 3997
2406 2407
2407 2423
2408 2509
2408 3276
2408 2629
2409 2649
2409 3997
2409 2630
2411 3276
2411 2412
2411 3277
2412 3897
2412 2413
2413 3274
2413 3738
2414 4002
2414 4003
2415 2416
2415 3995
2415 3271
2416 3991
2417 3272
2417 3271
2418 3280
2418 3994
2418 3991
2420 2546
2420 3996
2420 2541
2421 2954
2421 3277
2422 2954
2422 2423
2423 3929
2424 3174
2424 2974
2425 3692
2425 3143
2427 2818
2427 3148
2427 2429
2428 2859
2428 3148
2428 2429
2429 2625
2430 2852
2430 2431
2431 2433
2432 2730
2432 2899
2433 2482
2433 2851
2434 3233
2434 3254
2434 2582
2435 2475
2435 2988
2435 2567
2436 2437
2437 2440
2438 3041
2438 3049
2439 3280
2439 3992
2439 3993
2440 2665
2441 3038
2441 3039
2443 3876
2444 3032
2444 2518
2446 3714
2446 2467
2447 3519
2449 3528
2449 3900
2450 3528
2450 2533
2451 2530
2451 3519
2452 3920
2452 2631
2453 3449
2454 2464
2454 2904
2454 2899
2457 2838
2457 2767
2458 2796
2459 3332
2459 3641
2461 2835
2461 3260
2461 2463
2462 2761
2462 3581
2463 3264
2463 2465
2464 2465
2466 2467
2468 2989
2469 3818
2470 3279
2471 2472
2471 3279
2472 2486
2473 3558
2475 2764
2475 2567
2476 3326
2477 2913
2478 3793
2479 3129
2479 3818
2479 3875
2480 2850
2483 3745
2483 3291
2487 2488
2488 2749
2488 3790
2489 2681
2489 3380
2490 2552
2490 3380
2491 3461
2492 3461
2492 3462
2493 2746
2493 2494
2494 3216
2495 2581
2495 3303
2496 2497
2498 3685
2499 3416
2500 3917
2501 3146
2501 3023
2503 2745
2504 2507
2504 3836
2505 2851
2505 2852
2506 2851
2506 3500
2510 3032
2510 3029
2511 3507
2511 3508
2512 3107
2513 2676
2514 3530
2514 2543
2515 3737
2517 2987
2517 3054
2517 3030
2519 2520
2519 2522
2521 2597
2523 3956
2523 2893
2525 3040
2525 3041
2525 2575
2526 3834
2526 2566
2527 2538
2529 2619
2530 3528
2530 3781
2531 2852
2531 2532
2532 2533
2533 3529
2534 3606
2534 3167
2535 3192
2535 3220
2536 3384
2536 2738
2537 3176
2538 2545
2538 2677
2539 3674
2540 3179
2541 2747
2542 2672
2542 2920
2542 3722
2545 3171
2545 2679
2546 3994
2547 2854
2548 2866
2549 2808
2550 3133
2551 2812
2551 2998
2552 2553
2552 2554
2553 2554
2555 2842
2555 2692
2555 3850
2556 3927
2557 2699
2557 4006
2558 2820
2558 3014
2559 2856
2560 3193
2560 2607
2561 3016
2564 3889
2565 2566
2567 2764
2567 3213
2569 2720
2570 3162
2570 2571
2571 4025
2571 2716
2572 3532
2572 3533
2572 2573
2573 3532
2574 2687
2574 3939
2574 3775
2575 3068
2575 3236
2576 3446
2577 3835
2577 3836
2578 3539
2578 3078
2579 3159
2580 2862
2580 3497
2581 2582
2583 3913
2584 3658
2584 3232
2585 2954
2587 2588
2588 3451
2590 2598
2590 3476
2591 2630
2592 3127
2596 3168
2596 3057
2597 2599
2599 3689
2600 3689
2600 2647
2601 2665
2602 2689
2602 3606
2602 3167
2604 3179
2604 3083
2605 2836
2606 2608
2606 3793
2606 3452
2607 3684
2608 2610
2608 3798
2609 3559
2611 2925
2612 2712
2612 3671
2613 2908
2614 2616
2615 3737
2615 2877
2616 3028
2617 2649
2617 3636
2617 3997
2618 3219
2618 3172
2618 2734
2619 3155
2621 3168
2621 2690
2623 3170
2623 2726
2625 2727
2626 2883
2626 2875
2626 2909
2626 2791
2627 3273
2627 3193
2628 3273
2628 2955
2629 2649
2629 2630
2631 3435
2632 2633
2634 2707
2634 3780
2634 3733
2635 2956
2635 2636
2636 3733
2639 2753
2639 2754
2640 3612
2642 3933
2643 2868
2643 3055
2644 2779
2645 3712
2646 3546
2647 3941
2648 3027
2650 3705
2650 3981
2651 2865
2651 3950
2652 3881
2655 2656
2655 3891
2656 2657
2656 3899
2657 3226
2657 3898
2658 3489
2658 3491
2658 3574
2659 3563
2659 3564
2659 3565
2660 2849
2660 2858
2661 3142
2662 3703
2663 3876
2663 3746
2663 3721
2664 3854
2667 4022
2667 3127
2668 3772
2669 4007
2669 4006
2670 2675
2670 2769
2671 3496
2671 3211
2671 3748
2672 2696
2672 2757
2673 2674
2673 2957
2673 2790
2674 2869
2676 2677
2678 3601
2679 2683
2679 3169
2680 2802
2681 3932
2682 3838
2684 2768
2684 3245
2685 2901
2687 3773
2688 3829
2689 2976
2690 2975
2691 3744
2691 3042
2692 3537
2692 3828
2693 3850
2694 3043
2695 3604
2698 3816
2699 3588
2699 2701
2700 2705
2701 3588
2701 3827
2702 3044
2703 3717
2703 3285
2704 3047
2704 3183
2710 3389
2711 2945
2712 3465
2712 2713
2713 3465
2714 3406
2714 3685
2716 3160
2718 3352
2719 2792
2719 2802
2720 3045
2720 3009
2721 2725
2722 2803
2722 2726
2723 3046
2723 3047
2724 2736
2724 3698
2726 3172
2727 3014
2728 2729
2728 2765
2729 2765
2730 2793
2730 2797
2731 3472
2731 3727
2732 2735
2734 2803
2735 2771
2735 3460
2736 2744
2736 3083
2737 2921
2737 3699
2738 3707
2738 3638
2741 3961
2742 3192
2742 3213
2743 3859
2743 2807
2744 3144
2744 2763
2745 3133
2746 3192
2746 3698
2747 2958
2748 2881
2750 3333
2751 3543
2752 3032
2752 3861
2753 3626
2755 3369
2756 3417
2756 3853
2758 3459
2758 3693
2761 2922
2762 3504
2763 2764
2766 3840
2767 2777
2768 2777
2768 3050
2768 3764
2769 2770
2771 2788
2772 3001
2772 2774
2773 3162
2773 2974
2774 2776
2774 3147
2775 3145
2775 3220
2775 2909
2776 3145
2776 2883
2777 2909
2778 3294
2779 3589
2780 3959
2781 2900
2782 3646
2783 3767
2784 3978
2785 3434
2785 2884
2786 3435
2787 3437
2787 2959
2789 3896
2790 3907
2791 2793
2791 3797
2792 3171
2792 3139
2793 2794
2794 2859
2795 3838
2795 2870
2796 3865
2797 2883
2797 3797
2797 3035
2798 3714
2799 3144
2799 3225
2799 3797
2800 3888
2802 2803
2804 3884
2804 3885
2806 3319
2806 3589
2809 3050
2810 3865
2810 2837
2811 3918
2812 3889
2813 3265
2814 3708
2815 2817
2815 2826
2815 3147
2816 3052
2818 2820
2818 3150
2819 2910
2820 2825
2820 2822
2821 3066
2821 2964
2822 3150
2823 3730
2823 2828
2824 3895
2825 3800
2825 2826
2826 3149
2827 2988
2828 3308
2829 3860
2829 3562
2831 3731
2831 3308
2832 3596
2836 2912
2837 3668
2838 3656
2839 3592
2842 4005
2843 3928
2843 3889
2844 3877
2845 3470
2846 3908
2847 3100
2847 3101
2848 2857
2848 3250
2849 3252
2849 3258
2850 2851
2850 3836
2853 3224
2853 3841
2854 3633
2855 2856
2855 2950
2857 2858
2857 3794
2858 2960
2859 3225
2860 3841
2860 4019
2861 3674
2862 2864
2862 2885
2862 2863
2864 3258
2865 2866
2865 3950
2867 3515
2867 3918
2867 3795
2868 3815
2869 2870
2871 3241
2871 3894
2872 3723
2873 3264
2873 2874
2873 3266
2874 3547
2874 3548
2875 3662
2877 2889
2877 3407
2878 3649
2880 3140
2880 2950
2881 2893
2882 2892
2882 2893
2884 3309
2885 3772
2886 3815
2887 2888
2887 3577
2888 3724
2888 3517
2889 3987
2889 3396
2890 2961
2890 3987
2890 3396
2891 3010
2892 3955
2894 3644
2894 3645
2895 2896
2896 3662
2897 3659
2897 3541
2899 2962
2900 3352
2901 3834
2901 3845
2902 3649
2903 3005
2904 2962
2904 3067
2905 3036
2905 3242
2906 3651
2908 3846
2910 3000
2912 3262
2913 3525
2914 3006
2929 3114
2931 3200
2932 3203
2933 3203
2934 3502
2939 3527
2940 3536
2941 3949
2942 3543
2943 3596
2946 3728
2947 3733
2950 3551
2951 3197
2960 3794
2963 3606
2964 3260
2965 3349
2966 3363
2967 3112
2967 3391
2968 3432
2969 3432
2969 3433
2970 3436
2970 3122
2971 3832
2972 3512
2975 3170
2976 3169
2977 3713
2977 3714
2979 3777
2979 3947
2979 3175
2980 3391
2990 3079
2990 3539
2990 3071
2990 2991
2992 3545
2993 3649
2995 3659
2995 3661
2996 3665
2997 3697
2997 3887
2998 3888
2999 3768
3000 4005
3001 3137
3002 3735
3004 3993
3005 3267
3015 3683
3016 3187
3018 3236
3018 3223
3022 3096
3023 3776
3025 3601
3025 3602
3026 3932
3028 3197
3029 3861
3031 3348
3035 3050
3036 3242
3037 3670
3040 4013
3042 3306
3043 3786
3048 3232
3048 3814
3049 3814
3050 3764
3051 3135
3051 3245
3052 3135
3053 3054
3057 3166
3058 3059
3059 3064
3059 3787
3060 3061
3061 3062
3062 3656
3063 3787
3064 3787
3065 3066
3066 3067
3068 3085
3069 3070
3071 3072
3073 3074
3074 3850
3075 3076
3077 3078
3077 3079
3080 3081
3081 3082
3082 3990
3083 4027
3084 3085
3085 4016
3086 3747
3087 3393
3088 3089
3089 3090
3091 3423
3091 3092
3093 3094
3094 3129
3094 3107
3095 3804
3097 3804
3097 3518
3098 3804
3098 3564
3098 3566
3099 3100
3101 3102
3102 3103
3104 3105
3104 3253
3105 3106
3106 3131
3106 3109
3107 3108
3110 3146
3110 3111
3114 3153
3116 3521
3117 3669
3117 3118
3118 3119
3121 3125
3123 3751
3128 3297
3128 3862
3129 3818
3130 3922
3130 3749
3131 3253
3133 3875
3134 3141
3136 3357
3138 3728
3138 3428
3139 3140
3141 3323
3142 3219
3149 3800
3151 3863
3151 3683
3151 3591
3152 3627
3152 3310
3154 3578
3154 3579
3156 3581
3161 3832
3178 3282
3178 4012
3181 3710
3181 3503
3183 3534
3183 3503
3184 3301
3187 3988
3187 3927
3189 3191
3190 3812
3190 3967
3191 3592
3191 3777
3195 3196
3198 3664
3198 3293
3198 3301
3199 3351
3200 3377
3201 3672
3201 3665
3201 3668
3202 3342
3204 3831
3205 3760
3206 3651
3207 3704
3207 3705
3208 3712
3209 3761
3209 3948
3210 3241
3210 3748
3211 3212
3212 3227
3213 3747
3214 3361
3214 3370
3215 3377
3216 3859
3217 3525
3218 3361
3221 3374
3221 3247
3224 4017
3224 3842
3226 3896
3227 3250
3228 3315
3229 3388
3230 3656
3231 3299
3234 3580
3234 3581
3236 3814
3238 3328
3238 3623
3239 4018
3239 3759
3239 3895
3240 3243
3243 3505
3245 3807
3246 3844
3247 3248
3248 3249
3252 3894
3254 3745
3254 3303
3256 3713
3257 3802
3261 3857
3262 3648
3267 3716
3269 4004
3269 4003
3274 4004
3278 3861
3282 3604
3284 3851
3284 4010
3285 4009
3286 3961
3288 3608
3291 3505
3291 3303
3292 3295
3293 3664
3300 3833
3304 3305
3306 3858
3309 3434
3309 3542
3311 3552
3316 3585
3317 3320
3317 4007
3325 3510
3326 3525
3329 3511
3330 3975
3333 3334
3340 3974
3340 3975
3344 3536
3345 3972
3347 3502
3353 3354
3355 3976
3355 3974
3357 3587
3360 3514
3362 3524
3363 3796
3364 3365
3368 3973
3381 3769
3384 3638
3384 3639
3385 3871
3387 3868
3387 3869
3388 3394
3388 3397
3390 3805
3395 3650
3399 3650
3400 3401
3400 3650
3401 3652
3402 3767
3402 3753
3403 3404
3405 3666
3408 3409
3410 3873
3410 3644
3411 3984
3411 3983
3412 3692
3417 3780
3421 3922
3421 3978
3424 3692
3426 3427
3430 3431
3433 3696
3436 3741
3436 3754
3437 3936
3437 3741
3438 3443
3438 3917
3445 3749
3452 3940
3456 3459
3456 3795
3457 3458
3458 3515
3460 3881
3462 3467
3463 3464
3463 3516
3472 3904
3473 3903
3474 3493
3477 3699
3477 3700
3482 3612
3484 3899
3484 3898
3485 3892
3485 3893
3487 3909
3489 3575
3491 3493
3491 3518
3491 3567
3495 3569
3496 3568
3498 3500
3504 3637
3506 3508
3506 3507
3510 3511
3517 3518
3517 3567
3519 3900
3522 3736
3522 3979
3522 3981
3524 3526
3526 3610
3528 3532
3537 3957
3538 3610
3539 3588
3540 3951
3541 3661
3541 3657
3543 3622
3545 3549
3547 3548
3551 3874
3554 3968
3554 3934
3555 3630
3557 3715
3560 3561
3560 3677
3562 3701
3566 3756
3569 3570
3571 3572
3572 3573
3575 3577
3576 3684
3582 3584
3582 3583
3583 3602
3583 3722
3585 3958
3586 3946
3586 3693
3586 3950
3590 3853
3590 3753
3591 3803
3592 3777
3592 3931
3593 3681
3593 3687
3595 3597
3596 3597
3598 3811
3599 3600
3599 3819
3603 3788
3607 3849
3611 3663
3614 3736
3615 3619
3616 3619
3617 3618
3623 3625
3624 3625
3628 3931
3629 3632
3629 3825
3630 3732
3631 3680
3631 3693
3633 3679
3634 3635
3634 3803
3635 3691
3638 3639
3641 3971
3641 3799
3644 3688
3645 3688
3645 3872
3647 3802
3657 3658
3657 3837
3658 3837
3658 3662
3660 3729
3669 3685
3671 3789
3673 3789
3675 3676
3676 3678
3679 3687
3682 3859
3683 3691
3689 3923
3690 3755
3691 3726
3692 3751
3695 3882
3700 3885
3701 3860
3704 3982
3705 3982
3706 3708
3707 3708
3710 3757
3721 3746
3723 3724
3727 3901
3730 3731
3738 3852
3753 3810
3754 3810
3759 3895
3760 3762
3761 3948
3763 3947
3763 3931
3767 3778
3767 3853
3769 3935
3770 3848
3770 3771
3770 3773
3771 3775
3774 3820
3782 3793
3782 3940
3782 3942
3783 3784
3795 3944
3796 3951
3801 3858
3805 3930
3808 3823
3809 3830
3817 3913
3829 3850
3833 4026
3840 3841
3848 3986
3849 3990
3851 4008
3874 4028
3877 3878
3890 3891
3893 3905
3895 4023
3901 3902
3902 3903
3918 3943
3927 3989
3938 3939
3942 3943
3943 3944
3944 3945
3945 3946
3952 3953
3955 3956
3962 3963
3965 3966
3988 3989
4001 4002
4013 4014
4014 4015
4015 4016
4017 4018
4019 4020
4020 4021
4021 4022
4021 4023
4022 4023
4023 4024
