0 4415
1 4416
2 4417
3 4418
4 4419
5 4420
6 4421
7 4422
8 4423
9 4424
10 4425
11 4426
12 4427
13 4428
14 4429
15 4430
16 4431
17 4432
18 4433
19 4434
20 4435
21 4436
22 4437
23 4438
24 4439
25 4440
26 4441
27 4442
28 4443
29 4444
30 4445
31 4446
32 4447
33 4448
34 4449
35 4450
36 4451
37 4452
38 4453
39 4454
40 4455
41 4456
42 4457
43 4458
44 4459
45 4460
46 4461
47 4462
48 4463
49 4464
50 4465
51 4466
52 4467
53 4468
54 4469
55 4470
56 4471
57 4472
58 4473
59 4474
60 4475
61 4476
62 4477
63 4478
64 4479
65 4480
66 4481
67 4482
68 4483
69 4484
70 4485
71 4486
72 4487
73 4488
74 4489
75 4490
76 4491
77 4492
78 4493
79 4494
80 4495
81 4496
82 4497
83 4498
84 4499
85 4500
86 4501
87 4502
88 4503
89 4504
90 4505
91 4506
92 4507
93 4508
94 4509
95 4510
96 4511
97 4512
98 4513
99 4514
100 4515
101 4516
102 4517
103 4518
104 4519
105 4520
106 4521
107 4522
108 4523
109 4524
110 4525
111 4526
112 4527
113 4528
114 4529
115 4530
116 4531
117 4532
118 4533
119 4534
120 4535
121 4536
122 4537
123 4538
124 4539
125 4540
126 4541
127 4542
128 4543
129 4544
130 4545
131 4546
132 4547
133 4548
134 4549
135 4550
136 4551
137 4552
138 4553
139 4554
140 4555
141 4556
142 4557
143 4558
144 4559
145 4560
146 4561
147 4562
148 4563
149 4564
150 4565
151 4566
152 4567
153 4568
154 4569
155 4570
156 4571
157 4572
158 4573
159 4574
160 4575
161 4576
162 4577
163 4578
164 4579
165 4580
166 4581
167 4582
168 4583
169 4584
170 4585
171 4586
172 4587
173 4588
174 4589
175 4590
176 4591
177 4592
178 4593
179 4594
180 4595
181 4596
182 4597
183 4598
184 4599
185 4600
186 4601
187 4602
188 4603
189 4604
190 4605
191 4606
192 4607
193 4608
194 4609
195 4610
196 4611
197 4612
198 4613
199 4614
200 4615
201 4616
202 4617
203 4618
204 4619
205 4620
206 4621
207 4622
208 4623
209 4624
210 4625
211 4626
212 4627
213 4628
214 4629
215 4630
216 4631
217 4632
218 4633
219 4634
220 4635
221 4636
222 4637
223 4638
224 4639
225 4640
226 4641
227 4642
228 4643
229 4644
230 4645
231 4646
232 4647
233 4648
234 4649
235 4650
236 4651
237 4652
238 4653
239 4654
240 4655
241 4656
242 4657
243 4658
244 4659
245 264
245 1531
246 252
246 1182
246 1183
247 1436
247 1556
247 687
248 251
248 252
248 1575
249 3717
249 1736
249 2409
249 498
249 503
249 2044
250 2817
250 3594
250 3597
250 1938
250 1556
250 1557
251 1298
252 1576
253 1555
253 678
254 2041
254 1734
255 257
255 955
256 891
256 923
257 1219
257 262
258 259
258 659
259 1950
260 1560
260 268
261 288
261 607
262 1595
262 263
263 268
264 1559
265 645
265 974
266 384
266 4224
266 385
266 360
266 309
266 283
267 3592
267 2388
269 1294
269 303
270 352
270 412
271 409
271 1293
272 1587
272 1911
273 3922
273 675
274 281
274 956
274 279
275 312
275 1589
276 1666
276 2939
277 1586
277 1579
277 1284
278 1301
278 302
279 928
280 1080
280 1081
281 471
282 3719
282 3720
282 3445
282 2006
282 3451
282 885
283 360
283 307
284 2728
284 285
285 286
286 292
286 287
287 2942
288 289
289 1652
289 2623
290 297
290 618
290 2623
291 2018
291 1998
292 2942
292 294
293 1897
293 3451
293 1996
294 3002
295 499
295 2941
295 358
296 424
296 357
297 315
297 612
298 304
298 3562
298 4309
299 304
299 2002
299 4308
300 673
300 2623
301 1652
301 327
302 1121
302 306
303 408
303 2001
304 3569
304 2193
305 1505
305 1355
306 1186
307 354
308 1503
308 1479
309 384
309 310
310 319
310 359
311 393
311 316
311 398
312 1588
313 1500
313 932
314 3425
314 1914
315 2709
315 670
316 317
317 318
318 320
318 854
319 325
320 324
321 322
321 323
322 1322
323 2991
324 2991
325 2992
326 2992
326 4140
327 2709
328 500
328 4140
329 2706
329 2613
330 336
330 555
330 341
331 952
331 1680
332 336
332 2029
333 2613
333 2527
334 1835
334 469
334 870
335 1370
335 2325
335 2218
337 617
337 339
337 2701
338 3157
338 342
339 611
339 2708
340 344
340 342
341 345
342 421
343 346
343 547
344 548
345 346
346 525
347 1888
347 500
348 2707
348 367
349 848
349 402
349 839
350 1600
350 355
350 356
350 2637
350 1303
350 1592
350 1593
350 1566
351 4064
351 1252
351 3731
351 4655
351 2931
351 3732
351 2045
352 1568
352 929
353 1704
353 1168
353 1584
354 579
354 359
355 4169
355 1566
356 1590
356 1303
357 2941
357 358
360 4223
361 4640
361 3909
361 3598
361 1969
361 3735
361 3736
362 2777
362 4658
362 3685
363 1944
363 378
363 1958
364 1953
364 1959
364 377
365 1535
365 366
365 935
366 971
366 972
367 2643
368 1788
368 374
368 1367
369 1788
369 1786
369 1412
370 401
370 1662
371 1784
371 1762
371 373
372 1784
372 373
372 918
374 1784
374 1788
375 376
375 1792
375 1759
376 1784
376 1783
377 4220
377 378
377 1959
377 1945
378 1952
378 1956
378 1958
379 3617
379 380
380 2458
380 1667
381 3137
381 2210
381 2214
382 1954
382 2117
382 2118
382 1967
382 3738
382 3739
383 1948
383 3542
384 391
385 398
386 1968
386 4362
386 4363
386 660
386 2711
387 1961
387 3598
387 1968
387 660
387 3735
387 1726
388 389
388 3871
389 3726
390 1952
390 3851
390 3726
391 393
392 4346
392 3577
392 3586
392 4347
392 397
393 398
394 3865
394 1019
395 3857
395 3850
395 398
396 436
396 4514
396 4620
396 1126
397 3585
397 3582
398 495
398 400
399 3866
399 3555
400 3857
400 431
401 404
402 427
402 995
403 4350
403 967
404 410
404 406
405 1586
405 1587
406 407
407 1658
408 412
409 414
410 451
411 1658
411 413
413 3661
414 1576
415 564
415 1678
416 2322
416 428
417 4481
417 2811
417 3017
418 3016
418 4481
418 2811
419 3360
419 420
420 528
420 570
421 2031
422 2904
422 882
422 531
423 2904
423 2032
423 2964
424 3005
425 1981
425 590
425 1039
426 2324
426 502
427 443
428 949
429 2043
429 3420
429 503
430 680
430 1304
431 2899
432 1604
432 614
433 3139
433 4614
433 4584
433 2987
433 3155
433 1149
434 496
434 1837
435 496
435 907
436 688
436 689
436 4181
436 2287
437 1126
437 3886
437 1270
438 1642
438 1643
438 1647
439 440
439 1150
439 4182
440 442
440 1155
440 4183
440 1150
441 3880
441 3881
441 3882
441 3890
441 2676
441 2677
442 482
442 1282
443 3454
444 1602
444 1612
445 3779
445 452
445 847
446 2211
446 598
446 1879
447 1799
447 2121
447 4206
447 4207
447 4208
447 4209
447 883
447 1530
448 872
448 457
448 1445
449 1105
449 1106
449 1107
450 3712
450 1404
451 1403
451 1115
452 455
453 466
453 605
453 1445
454 762
454 4279
455 3777
455 1203
456 2877
456 478
457 872
457 3130
457 1159
458 2913
458 2914
458 973
458 2161
458 2168
458 989
459 973
459 1213
460 1604
460 700
460 476
461 3327
461 1206
461 1167
462 464
462 1305
462 476
463 641
463 3711
464 475
465 1121
465 1703
466 3129
466 3740
466 487
467 1804
467 900
467 493
468 1008
468 1009
468 1007
469 786
469 1829
470 488
470 1010
470 1005
471 1517
472 3502
472 1199
473 474
473 3922
473 782
474 3925
474 486
474 3927
475 477
477 1921
477 599
478 758
479 776
479 481
479 803
480 481
480 651
481 758
482 1632
482 1238
483 3043
483 1092
483 4413
484 3136
484 3122
484 847
485 3529
485 4643
485 3113
486 648
486 3929
487 3740
487 3741
488 1016
488 997
489 1016
489 2171
489 1006
490 4306
490 997
491 3561
491 3114
491 4643
492 3435
492 2893
493 900
493 582
494 1017
494 4410
494 749
495 3521
497 4424
497 3105
497 1664
498 2041
499 511
500 508
501 1891
501 4205
502 2219
502 1370
504 505
504 906
505 507
506 509
506 2197
507 1835
508 510
509 510
510 2909
511 2198
512 3120
512 2670
513 3873
513 2670
514 2198
514 2735
515 516
515 2734
516 2728
517 1242
517 518
518 1170
519 520
519 1193
519 522
520 1192
520 522
520 1197
520 1170
520 1212
521 522
521 1243
523 1218
523 1595
523 1589
524 3361
524 1874
525 528
525 529
526 528
526 555
526 527
527 531
527 3157
528 3360
528 546
529 531
530 2752
530 4357
530 585
530 586
530 2987
530 890
530 1214
530 1151
531 708
531 3157
531 3359
532 534
532 535
533 4248
533 2357
534 537
535 3360
536 537
536 541
536 1109
537 544
537 540
537 3785
538 4225
538 540
539 544
539 540
540 542
540 543
541 542
543 4226
544 3748
545 2234
545 565
545 4629
546 2421
547 559
548 549
549 550
550 551
551 552
552 553
552 557
553 554
554 592
554 556
556 572
557 2786
558 562
558 3197
559 3197
560 2033
560 2905
560 2417
561 562
561 1594
562 575
563 568
563 4229
564 1042
565 4512
565 708
565 4584
565 4629
566 1465
566 571
567 568
567 1429
568 894
569 3145
569 2451
569 2505
570 2029
571 1348
572 573
573 1348
573 574
574 1909
575 2469
576 1573
576 621
577 2818
577 3354
578 3153
578 1081
579 1912
580 4235
580 1868
581 893
581 894
581 1431
582 587
582 894
583 871
583 1815
584 1816
584 1356
584 589
585 4393
586 4392
587 1423
588 1988
588 959
589 1358
590 1988
590 1902
590 2910
590 2217
591 2217
591 1988
591 1989
591 4238
591 2207
592 594
593 1388
593 596
593 1461
594 2897
595 2920
595 4157
595 3358
596 1463
597 1741
597 871
598 1104
599 1625
599 1626
600 1859
600 1852
601 3427
601 1862
602 843
602 603
603 700
603 1626
604 1628
604 1629
605 4184
606 713
606 3437
606 1633
607 2377
608 1056
608 3427
609 2378
609 2643
610 2688
610 4651
610 3089
610 3090
610 2685
610 2686
610 2687
611 624
611 616
612 616
613 627
613 615
614 619
615 629
616 670
617 618
617 667
618 673
619 1610
619 2187
620 4396
620 1045
621 1608
621 1602
622 1608
622 662
623 661
623 1054
624 632
624 3708
625 626
625 1934
626 627
627 1930
628 4144
628 3085
629 633
629 630
630 631
631 1607
632 699
633 1033
634 3708
634 670
635 1611
635 636
636 1936
636 637
637 640
638 1609
638 671
639 3704
639 641
639 3647
640 1609
641 3707
641 4387
641 4386
642 1053
642 1054
642 1933
643 1001
643 645
643 1869
644 1376
644 1333
644 862
646 648
646 3325
646 1391
647 1619
647 1452
647 1645
648 2154
649 682
649 1634
649 3438
650 873
650 1196
650 854
651 3085
652 666
652 654
653 4145
653 3086
654 674
655 667
655 683
655 3703
656 666
656 1044
657 1666
657 1187
657 853
658 1936
658 1047
659 3593
660 3598
661 671
661 1581
662 1055
662 663
663 664
664 665
665 1613
666 1928
667 2695
668 2394
668 684
668 4261
669 4401
669 1613
670 2389
671 1603
672 3594
672 678
672 679
673 683
674 680
675 685
675 1031
676 3900
676 677
676 798
677 1299
679 1597
680 3429
681 757
681 3086
682 686
683 2383
684 2756
684 4262
685 1392
685 695
686 688
687 1600
687 933
689 690
690 691
691 2288
692 1634
692 693
693 694
694 698
694 703
695 3457
696 4523
696 1926
696 3051
697 3459
697 701
698 707
699 2708
700 1627
701 705
702 1635
702 2950
703 1635
704 1152
704 1633
705 706
706 1827
706 709
707 710
709 712
709 1350
710 717
711 1632
711 1628
712 1817
713 3438
714 1819
714 715
715 716
716 1817
717 2629
717 2951
718 1449
718 719
719 936
720 3438
720 1631
721 722
721 1811
722 1830
723 1635
723 725
724 3100
724 1636
725 729
726 736
726 1846
727 728
727 1812
728 1846
729 730
730 731
730 733
731 1639
732 1288
732 742
733 1843
734 736
734 1820
735 1920
735 745
736 737
737 738
738 1848
738 1827
739 744
739 1840
739 740
740 841
741 745
741 1030
742 745
742 1845
743 2693
743 1638
744 746
745 4201
745 4202
745 1845
746 747
747 748
747 1847
748 752
749 2885
750 2884
750 780
751 3928
751 782
751 783
752 1832
753 1644
753 860
754 2608
754 755
755 4459
755 4519
755 815
756 2697
756 2698
756 2699
756 2703
756 818
756 4281
757 778
757 775
758 774
759 3433
759 2642
760 1753
760 2075
760 1737
761 2697
761 818
762 763
762 2639
763 768
764 779
764 766
765 921
765 1526
765 1729
766 1369
766 767
767 768
767 990
768 772
769 984
769 770
770 771
771 773
772 773
772 1366
773 2638
774 775
775 984
776 778
777 985
777 778
779 803
780 1014
780 1013
781 864
781 1338
782 2153
783 1391
783 2151
784 1402
784 1299
784 790
785 809
785 1351
786 1833
786 787
787 793
787 4198
788 1824
788 789
789 1832
790 891
790 791
791 798
791 1517
792 808
792 1346
793 4199
793 807
794 800
794 1469
795 2617
795 802
795 3227
795 2621
796 2625
796 797
797 1368
798 3929
799 1401
799 1402
799 2156
800 1831
801 805
801 4166
802 2632
802 2627
802 3271
804 1202
804 1702
805 937
805 927
806 1672
806 3064
806 3623
806 4368
806 4369
807 851
807 1838
808 864
809 3418
810 811
810 2638
810 990
811 812
812 1329
813 818
813 2702
813 814
814 816
814 818
815 816
815 818
815 4459
817 1209
817 2649
819 1650
819 820
819 3254
820 821
821 824
821 3255
822 824
822 4283
822 823
823 3231
824 825
825 3232
826 2653
826 3431
827 3240
827 3249
828 3238
828 3247
829 2956
829 830
830 831
831 2259
832 3225
832 4543
832 1651
832 4479
833 3006
833 1343
834 1456
834 835
835 836
836 1831
836 839
837 838
837 1447
838 839
840 1657
840 1306
841 842
842 844
843 1923
843 845
844 848
845 1920
845 2185
845 1923
845 1910
846 1656
846 1163
847 2917
849 1841
849 850
849 948
850 3440
851 1839
851 870
852 1684
852 853
855 2176
855 859
856 3440
856 857
857 1649
858 1188
858 3941
859 863
859 1213
860 861
861 1648
861 1647
862 1647
863 1693
864 1334
865 962
865 1334
866 1241
866 867
867 1205
868 930
868 3378
868 1698
869 1638
869 886
870 1837
871 1134
872 2208
872 3185
873 3853
874 4624
874 3130
874 875
875 1906
876 1905
876 877
877 2208
877 4624
878 3122
878 1563
879 3137
879 2210
879 4212
880 1985
880 2213
880 2214
880 999
880 4339
880 1133
880 4338
880 4627
880 1082
881 889
881 1146
881 2894
882 2996
883 1884
884 2008
884 892
884 885
885 3445
886 887
887 1060
888 2416
888 2418
888 3069
889 1984
889 1985
889 1986
889 2232
889 1145
889 1146
889 1148
890 1273
890 1983
891 956
892 1992
892 3514
893 894
893 4230
894 900
895 897
895 908
895 910
896 897
896 917
896 911
897 906
897 910
897 911
897 916
898 914
898 899
898 900
899 931
900 931
900 915
901 1545
901 909
901 912
901 913
901 914
901 915
902 993
902 919
902 1478
902 918
902 903
903 920
903 993
903 1478
903 1544
904 920
904 993
904 916
904 917
905 2409
905 2046
907 908
909 914
909 910
911 912
912 913
913 1748
919 1784
921 1729
921 2460
922 2157
922 3414
923 3320
924 2155
924 926
925 1032
925 3944
926 2157
927 1729
927 2468
928 1409
929 1184
929 1183
930 1123
931 1800
932 1291
932 1503
933 1466
934 1527
934 3375
935 969
936 1817
936 1830
937 1526
937 1541
938 2148
938 3364
938 1237
939 1236
939 1237
939 1038
940 2163
940 941
941 942
942 943
943 1408
944 1400
944 945
945 953
946 954
946 1517
947 3708
947 3709
948 983
949 3048
949 4523
950 3453
950 951
951 956
952 957
953 954
954 2165
955 1587
957 1041
957 959
958 1339
958 1340
960 3434
960 3502
961 1000
961 3320
961 991
962 977
963 4193
963 1548
964 2003
964 1999
965 2568
965 2191
966 1120
966 1744
966 1850
967 2993
967 1037
968 3552
968 3869
969 1479
969 971
969 1451
969 1503
970 2321
970 1194
972 4162
973 2168
974 975
975 976
976 1031
977 981
978 1539
978 980
979 986
979 1757
980 3111
981 982
982 2792
982 3111
983 1332
985 2864
986 1410
986 988
987 1326
987 990
988 1240
989 4312
989 2914
991 992
992 3409
992 2174
994 3384
994 3379
995 1029
996 1002
996 997
998 1136
998 3377
999 3000
1000 3385
1001 3389
1002 1344
1002 1009
1003 1344
1003 1114
1004 1010
1004 1011
1005 4305
1006 1010
1006 1017
1007 1016
1007 1015
1008 1017
1008 4307
1011 1124
1012 3435
1012 3390
1013 4411
1014 1015
1018 3351
1018 1029
1018 1821
1019 3558
1020 1034
1020 1980
1020 2994
1021 1129
1021 1025
1021 1127
1022 1025
1022 4204
1023 3392
1023 3398
1024 3392
1024 3389
1025 1935
1026 1574
1026 1575
1027 1028
1027 1188
1028 1291
1029 1440
1030 1286
1032 1503
1033 1045
1033 1613
1034 4349
1035 1036
1035 3165
1036 1979
1036 1037
1038 4645
1038 1190
1039 1041
1040 3139
1040 2787
1041 1893
1042 1892
1043 1112
1043 2175
1043 2167
1044 1045
1046 1605
1046 1047
1047 1603
1048 1618
1048 1851
1048 1852
1049 1057
1049 1050
1050 1852
1051 1931
1051 1053
1052 1054
1052 1110
1055 1297
1056 1865
1056 1853
1057 1853
1058 1618
1058 1059
1059 1062
1060 1073
1061 2196
1061 1062
1062 1858
1063 1130
1063 1236
1064 1065
1064 2195
1065 1867
1065 1862
1066 1069
1066 1862
1067 1068
1067 1861
1068 1857
1069 1864
1070 1864
1070 4171
1070 1071
1071 1867
1072 1856
1072 1858
1073 1074
1073 1637
1074 1075
1075 1093
1076 1880
1076 1098
1077 1086
1077 1078
1078 2194
1078 1876
1079 1080
1079 1883
1079 1100
1081 1880
1082 2894
1083 2432
1083 2418
1083 2477
1084 1883
1084 1085
1084 1086
1085 1106
1087 1088
1087 2194
1088 1089
1089 1090
1090 1091
1091 1872
1092 1093
1093 1094
1094 1102
1095 4658
1095 3013
1095 3686
1096 1872
1096 1881
1097 1881
1097 1882
1098 1099
1099 1882
1100 1101
1101 3165
1102 1103
1103 1126
1104 1105
1105 1108
1107 1873
1108 2133
1109 3781
1110 1111
1111 1144
1112 1122
1113 1345
1113 1617
1114 1116
1115 1302
1116 1117
1117 2192
1117 2169
1118 1398
1118 1142
1119 3368
1119 2186
1119 1229
1120 1801
1120 1158
1122 1124
1123 1124
1125 2202
1125 2203
1127 1128
1128 1617
1129 1705
1129 1699
1130 3371
1130 1228
1131 1699
1131 1614
1132 3654
1132 1143
1133 3504
1134 3421
1135 1464
1135 1474
1135 1347
1136 1698
1136 1708
1137 1229
1137 4646
1137 4645
1137 2238
1137 4439
1138 2152
1138 1228
1139 1359
1139 1839
1140 1657
1140 1658
1141 1700
1141 3374
1141 2175
1142 1614
1143 1154
1144 1301
1144 1302
1145 1984
1145 4354
1146 2848
1147 2171
1147 3388
1147 1239
1148 2232
1148 2234
1149 1151
1150 3886
1152 1153
1153 1155
1154 1157
1155 1156
1156 1164
1156 1198
1156 2239
1157 1662
1158 2908
1158 1166
1159 4186
1159 4187
1159 1899
1159 3129
1160 3712
1160 3659
1161 1162
1161 1165
1162 1163
1163 1178
1164 1631
1165 1168
1166 1779
1166 3061
1167 2913
1167 3326
1167 3327
1168 1169
1169 1403
1170 1192
1171 1172
1171 3423
1172 1174
1173 1403
1173 1668
1174 1175
1175 1176
1176 1599
1177 1668
1177 1413
1178 3859
1178 1725
1179 2034
1179 1971
1180 2898
1180 1814
1180 1807
1181 1850
1181 2906
1181 2034
1182 1579
1183 1298
1184 1189
1185 1195
1185 2926
1186 1662
1187 4402
1189 1585
1189 1589
1190 1923
1191 1275
1191 2927
1192 1211
1193 1195
1194 3052
1195 4400
1195 4471
1195 1274
1195 1275
1195 4540
1195 4414
1196 1588
1197 1274
1198 1630
1199 1239
1200 1201
1200 3340
1201 1688
1201 1684
1202 1689
1202 1687
1203 1530
1203 3122
1204 1622
1204 2943
1205 1692
1205 1207
1206 1207
1208 1214
1208 2895
1209 1443
1209 2025
1210 2162
1210 1693
1211 3173
1212 3172
1215 1216
1215 2104
1216 3436
1216 1220
1217 1264
1217 1220
1218 1585
1218 1219
1219 1284
1220 1722
1221 1722
1221 1717
1222 1225
1222 1722
1222 1223
1223 1712
1224 1225
1224 1395
1225 1710
1226 3436
1226 1709
1226 1710
1227 3401
1227 2180
1227 1709
1230 1232
1230 3366
1230 1231
1231 1233
1232 1617
1233 1234
1233 1235
1234 1614
1235 1701
1236 1237
1237 1321
1237 1247
1238 2240
1238 1629
1240 1371
1240 1367
1241 1698
1242 3176
1243 3177
1244 3176
1244 1245
1245 1591
1246 1321
1246 1317
1246 3369
1247 3370
1247 1317
1248 1251
1248 1708
1249 1592
1249 3177
1250 2209
1250 2210
1250 2211
1251 1713
1251 1254
1252 2042
1253 2113
1253 3125
1253 1713
1254 1255
1255 1715
1255 1711
1256 1257
1256 4179
1256 1261
1257 1258
1258 1721
1259 2800
1259 2799
1260 3121
1260 1721
1261 1281
1261 1262
1262 1263
1263 1265
1263 1717
1264 1265
1265 2115
1266 2114
1266 1395
1266 1269
1267 1712
1267 1268
1268 1269
1269 1271
1270 1282
1270 1630
1271 1272
1271 1280
1272 1716
1273 2752
1276 1280
1276 4180
1276 1279
1277 1278
1277 1711
1278 1279
1281 1720
1282 1283
1283 1285
1285 1286
1286 1287
1287 1289
1287 3429
1288 1289
1289 1290
1290 1295
1292 3962
1292 1540
1293 1296
1293 3381
1294 1674
1295 3430
1296 1665
1297 1677
1298 1564
1299 1406
1300 1309
1300 3430
1303 3921
1304 1305
1305 1654
1306 1308
1306 1655
1307 4404
1307 1308
1308 1654
1309 1310
1310 1313
1310 1316
1311 1312
1311 4405
1312 1313
1314 4395
1314 1315
1315 1316
1316 1656
1317 1321
1318 1321
1318 2186
1318 1319
1319 1321
1319 4239
1320 3432
1320 1443
1320 1955
1321 4240
1322 1680
1323 1443
1323 2924
1324 2184
1324 2072
1324 2614
1325 2645
1325 1326
1326 2681
1327 1328
1327 1369
1328 2639
1328 1349
1329 1369
1329 1330
1330 4280
1331 2616
1331 1334
1332 1624
1332 1619
1333 1376
1333 1619
1335 1376
1335 1375
1335 2687
1336 1337
1336 1382
1337 1338
1338 1339
1340 1341
1341 1342
1342 2879
1343 3241
1345 2146
1345 4645
1346 2184
1347 1615
1348 1594
1349 2646
1350 3422
1351 1352
1351 2814
1352 1353
1353 1354
1354 1539
1354 1355
1356 1818
1356 3422
1357 3702
1357 1359
1358 1373
1359 1745
1360 1361
1360 1505
1361 1362
1362 1363
1363 2633
1364 1365
1364 1366
1365 2647
1366 2645
1368 3223
1370 3053
1370 2324
1370 2325
1370 2331
1371 1415
1372 1379
1372 1381
1372 1542
1373 1802
1374 1838
1374 1734
1375 1376
1375 1648
1376 1442
1376 2686
1377 1384
1377 1834
1377 1462
1378 1379
1378 2412
1380 2816
1380 3192
1380 2716
1381 1382
1383 4139
1383 2716
1384 1472
1385 1386
1385 1571
1386 1387
1387 1464
1388 1462
1389 1596
1389 1566
1390 2170
1390 2159
1392 1393
1393 1394
1394 1396
1396 2153
1397 3392
1397 3394
1398 2147
1398 4645
1399 1569
1399 1570
1399 1707
1400 1405
1401 3776
1404 1569
1405 2156
1406 1407
1407 2157
1408 1409
1408 2155
1410 1411
1411 1416
1412 1415
1413 3657
1414 4176
1414 1529
1415 1416
1416 1417
1417 1418
1418 1419
1419 3028
1420 3636
1420 3638
1421 3029
1421 1422
1422 1424
1422 1431
1423 1424
1424 1428
1425 1426
1425 4163
1426 1427
1426 1454
1427 1439
1428 1430
1429 1430
1430 1432
1432 1433
1433 1434
1434 1435
1435 1811
1435 1459
1436 1438
1437 1450
1437 1811
1438 1466
1438 1950
1439 1451
1440 1441
1441 1448
1441 1455
1442 1619
1442 1452
1443 3329
1443 1955
1443 1982
1444 2672
1444 2923
1444 2924
1445 2203
1446 1458
1446 1453
1446 1450
1447 1448
1449 1450
1451 4190
1451 4189
1451 1454
1453 1467
1454 1460
1455 1818
1455 1819
1456 1457
1457 1458
1459 1461
1460 1523
1463 1825
1464 1473
1465 3155
1466 1574
1467 1468
1468 1470
1469 1470
1470 1471
1471 1472
1473 1480
1474 2715
1475 1834
1475 1477
1476 1481
1476 1477
1477 1489
1478 1487
1480 1482
1481 1482
1482 1483
1483 1484
1484 1485
1485 1486
1486 4188
1487 2051
1488 1489
1488 2715
1489 1490
1490 1558
1491 1492
1491 4191
1492 1494
1493 3181
1493 1495
1494 3181
1495 1496
1496 1498
1497 2932
1497 3597
1498 1504
1499 1521
1499 3180
1500 1507
1500 1503
1501 1508
1501 1503
1502 1504
1502 1521
1505 1542
1506 1515
1506 1518
1507 1515
1508 1509
1509 1510
1510 1511
1511 1512
1512 1513
1513 1515
1514 1515
1514 1518
1515 4657
1515 4475
1516 2576
1516 2580
1516 1727
1518 1536
1518 1521
1518 1522
1519 1528
1519 1521
1520 2084
1520 2089
1520 2123
1520 2124
1520 2125
1520 2127
1521 1525
1522 1538
1523 1524
1524 1528
1524 1525
1525 1527
1529 2818
1531 1532
1532 1533
1533 1537
1533 1534
1534 1536
1534 1535
1537 1538
1540 3960
1541 1757
1543 1547
1543 1548
1543 1549
1544 2050
1545 1546
1546 4652
1546 2182
1547 4192
1547 1548
1548 3591
1548 4015
1549 3970
1550 3969
1550 1551
1551 1552
1551 4168
1551 4156
1551 4167
1552 2928
1552 3178
1552 3179
1553 1554
1553 3375
1554 1555
1554 1950
1556 1557
1557 1559
1558 1849
1558 1971
1559 1560
1560 2419
1561 1747
1561 2047
1562 1624
1562 1619
1562 2318
1563 1799
1564 1568
1564 1577
1565 3859
1565 1668
1567 3424
1567 1908
1570 1677
1571 1572
1572 3061
1572 1755
1573 1595
1576 1578
1577 1582
1578 1579
1580 1581
1580 1582
1583 2808
1583 1719
1584 4403
1590 1591
1593 4170
1594 2199
1596 1597
1598 2173
1598 2895
1599 1756
1601 2019
1601 2571
1601 3182
1601 4315
1601 4316
1601 2237
1604 1605
1606 1744
1606 3423
1607 1608
1609 3428
1610 1611
1610 1612
1615 2819
1616 1866
1616 2188
1618 4172
1619 2317
1620 1640
1620 1621
1620 2735
1621 2027
1622 1640
1623 1640
1623 1641
1623 2731
1625 1863
1627 1628
1632 3437
1636 2283
1636 2547
1637 4399
1638 1643
1639 2690
1640 1641
1640 2027
1640 1660
1641 1659
1642 2689
1644 2224
1645 1646
1646 3440
1649 3279
1650 3253
1651 3243
1653 1826
1653 1814
1655 4394
1659 3175
1660 3174
1661 4431
1661 3107
1661 3108
1661 3174
1661 3175
1663 1666
1663 1707
1664 1670
1664 1671
1664 4424
1664 4423
1664 2714
1664 4510
1665 1682
1665 1943
1667 2458
1667 3755
1669 3616
1669 3757
1670 1682
1671 1682
1672 3620
1672 3624
1672 4489
1672 4370
1672 4371
1673 1681
1673 1675
1673 1964
1674 1675
1675 1681
1676 3005
1676 1678
1678 2021
1679 3352
1679 3347
1679 1895
1680 1871
1681 1682
1681 1683
1681 1685
1682 1943
1683 3467
1685 3468
1686 1687
1686 3335
1688 1691
1689 1692
1690 1691
1690 1693
1694 2778
1694 2522
1694 2943
1695 3722
1695 1942
1696 3722
1696 1954
1696 1942
1697 2176
1697 1700
1697 3373
1701 4203
1701 1925
1702 1703
1703 1704
1705 3486
1706 3403
1706 2172
1706 3399
1707 3656
1708 3398
1714 1715
1714 1716
1715 1718
1718 1720
1718 3124
1719 2801
1719 2804
1723 1977
1723 3493
1723 2823
1724 1977
1724 2713
1725 1868
1726 1967
1727 1731
1728 1730
1728 2819
1729 2468
1729 2071
1729 1753
1730 3421
1731 2577
1731 2578
1732 4165
1732 2070
1733 1737
1733 1781
1734 1735
1735 1825
1736 2408
1736 3729
1737 1738
1738 1739
1739 1740
1740 1746
1740 2069
1741 3702
1742 4547
1742 2857
1742 4483
1742 2854
1743 1753
1743 1746
1743 2462
1744 1780
1745 1821
1746 1753
1747 1748
1747 4652
1749 4652
1749 2046
1749 1919
1750 1919
1750 2047
1751 1752
1751 2047
1752 1754
1753 2016
1753 2075
1754 4652
1754 2407
1755 1756
1758 1760
1758 1795
1759 1760
1760 1761
1761 1763
1762 1763
1763 1764
1764 1765
1765 1766
1766 1767
1767 1768
1768 1769
1769 1770
1770 1771
1771 1772
1772 1773
1773 1774
1774 1775
1775 1776
1776 1777
1777 1778
1778 1781
1779 2906
1779 1823
1780 1801
1782 1784
1782 1788
1782 1783
1785 3642
1785 3635
1786 4194
1786 1788
1787 4195
1787 1788
1789 1797
1789 1790
1790 1791
1791 1792
1792 1793
1793 1794
1794 1795
1796 3027
1796 1797
1798 1800
1798 3027
1798 1805
1801 2907
1802 1803
1803 1804
1804 1805
1806 2039
1806 1807
1807 1814
1808 1809
1808 1847
1809 1810
1810 1833
1812 1833
1813 1820
1813 1829
1814 2905
1815 1816
1822 1826
1822 1828
1822 4310
1823 2712
1824 1829
1826 1896
1826 1828
1828 2902
1830 1846
1831 1832
1836 1842
1836 1844
1840 4200
1841 1842
1842 1843
1844 2693
1845 1918
1848 4388
1849 2712
1851 1854
1853 1855
1854 1855
1855 3152
1856 1857
1856 3151
1857 1864
1858 1859
1859 1860
1860 1861
1863 1910
1865 1866
1865 4397
1868 3345
1869 3406
1870 1874
1870 1894
1870 2023
1871 2910
1872 1873
1875 2024
1875 3328
1875 1892
1876 1878
1877 2120
1877 1878
1878 3140
1879 1880
1881 2120
1882 3165
1883 2231
1884 2116
1885 1888
1885 1894
1886 2136
1886 4424
1886 1963
1887 1960
1887 4424
1887 2135
1888 1890
1889 3739
1889 1966
1890 2204
1891 3348
1893 3328
1895 2201
1895 2206
1896 1993
1897 3550
1898 1899
1898 2916
1900 1955
1900 1901
1901 2924
1901 2921
1902 3355
1903 2953
1903 2917
1904 3152
1904 1905
1906 1907
1907 3151
1908 1913
1909 1915
1910 1917
1911 1912
1913 2321
1914 3041
1915 1993
1915 1916
1916 1993
1916 2422
1917 1918
1921 1922
1922 2185
1924 2185
1924 2148
1925 1927
1926 3425
1927 1928
1928 1929
1929 1930
1929 1931
1932 3428
1932 1933
1932 1934
1935 1936
1937 3600
1937 1965
1938 2817
1938 2933
1939 2912
1939 4637
1939 3127
1940 3468
1940 1941
1941 2911
1941 3467
1941 1942
1941 1951
1942 1957
1942 1956
1943 1962
1944 3653
1945 1946
1946 1947
1946 3860
1947 3863
1948 3860
1949 3872
1949 3724
1951 3737
1951 3715
1953 3863
1957 1958
1959 4219
1960 1970
1961 3600
1962 2007
1963 2007
1964 1970
1965 1966
1968 3599
1969 2711
1972 3651
1972 2084
1973 1976
1973 1974
1974 2978
1975 1976
1975 2089
1976 3651
1977 1978
1978 2802
1978 2789
1979 4353
1980 4352
1980 2230
1981 3355
1982 3131
1982 2025
1983 1984
1985 1986
1986 4355
1987 3525
1987 3535
1989 4237
1989 2197
1990 3524
1990 1991
1991 1992
1991 3380
1993 2905
1994 2008
1994 3380
1995 1996
1995 3381
1996 3445
1997 2000
1997 3380
1997 1998
1999 2000
2000 2001
2002 2004
2002 3565
2003 3519
2004 2020
2005 3520
2005 2018
2006 2018
2009 4330
2009 3358
2009 2919
2010 2011
2010 3358
2010 2919
2011 2901
2012 2451
2012 2452
2012 2013
2013 2507
2014 2568
2014 2567
2015 2611
2015 4653
2015 2103
2016 2017
2017 2611
2019 3183
2020 2035
2021 2995
2022 2995
2022 2028
2023 2995
2024 2026
2026 3003
2026 2030
2027 2522
2028 2029
2030 2031
2031 2032
2033 2036
2034 2039
2035 2228
2036 2037
2037 2897
2037 2038
2038 2040
2039 2469
2040 3423
2042 4106
2043 3716
2044 4174
2045 4016
2046 4513
2047 2178
2047 2179
2047 2182
2047 3025
2047 2137
2048 3022
2048 3030
2049 3033
2049 3021
2050 3034
2051 3035
2052 2053
2052 3031
2053 2054
2053 2055
2053 3032
2053 3034
2053 3035
2054 2056
2055 2056
2056 2057
2056 4654
2057 2064
2057 3018
2057 3020
2057 2062
2058 2745
2058 4483
2058 4547
2058 2737
2059 2065
2059 2060
2059 4231
2060 2065
2060 2074
2061 2065
2061 2067
2061 2063
2062 2063
2063 2065
2064 2065
2065 4232
2066 2072
2066 2610
2067 2074
2067 2068
2068 2574
2069 2070
2071 4233
2072 4518
2073 2077
2073 2574
2073 4653
2074 2076
2075 2076
2077 2078
2078 2079
2079 2098
2079 2087
2080 2260
2080 2959
2081 2810
2081 2101
2081 2095
2082 2097
2082 2083
2082 2101
2083 2085
2083 2102
2084 2125
2085 2097
2085 2111
2086 2097
2086 2098
2086 2087
2087 2088
2088 2105
2089 2123
2090 3648
2090 2096
2090 2131
2091 2108
2091 2099
2091 2092
2092 2779
2093 2096
2093 2128
2093 2119
2094 2099
2094 2101
2094 2095
2095 2109
2096 2126
2096 4463
2096 2128
2096 2131
2096 2132
2098 2100
2099 2100
2100 2779
2102 2103
2104 2106
2105 2106
2105 2110
2107 2113
2107 2108
2108 2109
2109 2812
2110 2112
2110 2111
2112 2813
2114 2132
2114 4463
2115 4463
2115 2129
2116 2120
2117 4640
2117 4636
2117 2135
2118 4640
2118 2136
2118 4636
2119 3648
2119 2972
2121 2134
2122 2123
2122 3019
2124 3020
2125 2126
2127 2128
2129 2130
2130 2131
2133 2134
2133 4175
2135 4636
2135 4534
2136 4636
2136 4534
2137 4652
2137 2573
2138 2572
2138 2178
2138 4652
2139 3928
2139 2150
2140 2572
2140 2141
2141 2970
2141 2967
2142 2971
2142 2965
2142 2143
2143 2573
2144 2226
2144 4643
2144 2227
2144 4567
2145 4643
2145 2226
2145 2227
2145 4567
2146 4433
2146 3103
2147 3104
2147 4433
2148 4645
2149 2969
2149 2151
2150 2968
2152 4646
2152 4645
2152 2238
2152 4439
2154 2164
2158 3704
2158 3703
2159 2160
2160 3324
2161 2913
2161 2162
2163 3325
2164 3322
2165 3323
2166 3323
2166 2167
2168 4311
2169 2170
2170 2177
2171 3387
2172 3408
2172 3374
2173 2232
2174 2177
2177 2181
2179 3024
2180 2181
2181 3372
2183 2809
2183 2811
2187 3444
2188 3427
2188 3444
2189 3419
2189 2811
2190 2784
2190 2780
2190 2772
2191 4500
2191 2236
2191 4501
2192 3376
2193 3568
2193 2233
2194 3154
2195 3153
2196 3154
2199 2787
2199 2902
2200 2235
2200 4227
2201 2916
2202 3344
2202 2953
2203 3185
2204 2205
2205 2207
2206 3342
2207 2217
2208 3343
2209 2210
2209 4213
2210 2213
2210 3138
2210 4211
2210 4214
2211 3140
2211 3138
2211 4215
2211 4216
2211 4217
2211 4218
2212 3426
2212 3669
2215 2216
2215 3279
2216 2218
2218 2219
2219 2220
2220 3714
2221 3706
2221 2222
2222 2323
2222 2223
2223 2224
2223 2326
2225 2226
2225 4643
2225 3548
2225 4574
2225 3534
2226 4643
2226 4533
2226 3512
2226 3518
2227 3104
2227 2228
2227 3103
2227 4511
2228 4643
2228 2518
2228 3156
2228 3158
2228 4376
2228 4377
2229 2496
2229 2233
2230 2231
2235 2417
2235 2905
2236 3763
2237 2943
2238 4326
2238 4327
2238 3195
2238 3196
2239 2999
2240 3004
2241 2250
2241 2245
2242 3167
2242 2244
2242 2247
2243 2258
2243 2244
2243 2245
2244 2247
2244 4530
2244 2257
2244 2258
2244 4440
2244 3166
2245 2246
2246 2262
2246 2247
2248 2253
2248 2261
2249 2251
2249 2260
2249 2259
2250 3004
2251 2252
2251 2253
2252 2999
2253 2254
2254 2260
2254 2255
2255 2256
2255 2260
2256 2257
2258 2260
2259 2260
2261 2263
2262 2264
2263 2271
2264 2274
2265 2266
2265 2267
2265 2282
2266 2273
2266 2277
2266 2284
2266 2267
2266 2269
2267 2268
2268 2272
2268 2270
2269 2270
2270 2272
2270 2276
2270 4241
2270 4242
2271 2272
2273 2944
2274 2275
2274 2279
2275 2276
2277 2278
2278 2280
2279 2280
2279 2281
2280 2281
2280 2282
2280 3171
2281 2285
2283 2545
2283 2459
2284 2925
2285 3170
2286 3169
2286 3171
2287 2301
2288 2299
2289 2961
2289 2956
2289 2959
2290 2307
2290 2960
2290 2291
2291 2305
2291 2309
2292 2308
2292 2300
2292 2294
2293 2299
2293 2302
2293 2294
2294 2295
2295 2298
2296 2944
2296 2961
2297 2944
2297 2961
2298 2961
2299 2302
2300 2302
2301 2302
2302 2306
2302 4648
2302 2303
2303 2304
2304 2305
2304 2307
2305 2307
2306 2307
2307 2310
2307 2311
2308 2319
2309 3439
2310 2312
2311 2963
2312 2313
2313 3523
2313 2569
2313 3566
2313 2959
2313 4328
2313 2963
2313 4329
2314 2570
2314 3044
2314 3045
2315 4246
2315 2316
2315 4245
2315 3142
2315 3141
2316 3161
2316 3162
2316 2358
2317 3041
2318 3040
2319 2320
2319 4448
2319 3439
2320 2321
2320 3039
2320 3038
2322 3040
2323 2329
2323 2612
2324 3052
2325 2342
2326 2327
2327 2328
2327 2612
2328 2336
2328 2612
2329 2331
2329 2612
2330 2336
2330 2612
2332 2336
2332 2340
2333 2336
2333 2334
2333 2335
2334 2336
2334 2337
2335 2609
2336 2609
2337 2341
2338 2609
2338 2341
2339 2340
2339 2341
2339 2685
2340 2341
2341 2688
2341 2609
2342 2612
2343 4148
2343 2351
2344 2352
2344 4149
2345 2352
2345 3169
2346 3168
2346 2353
2347 2354
2347 3116
2348 3115
2348 2355
2349 2356
2349 4247
2350 2457
2350 3749
2350 4485
2351 2352
2351 4561
2351 4435
2351 2357
2352 2353
2352 4438
2353 2354
2353 4438
2354 2355
2355 2356
2356 2357
2357 4435
2358 3046
2358 3465
2358 3466
2358 2710
2358 4444
2359 2362
2359 3054
2360 2362
2360 2365
2361 2362
2361 3055
2362 2367
2362 2380
2363 2369
2363 2373
2364 2368
2364 2369
2365 2368
2365 2367
2366 4249
2366 2372
2366 2367
2367 2368
2367 2372
2367 4250
2369 2371
2370 2371
2370 4251
2371 2372
2373 2378
2374 4252
2374 2375
2375 2376
2375 2379
2376 3410
2376 2380
2377 3410
2379 2380
2380 2381
2380 2382
2381 3084
2382 3082
2383 2384
2384 2385
2384 4257
2385 4258
2385 4454
2385 2390
2386 2403
2386 2387
2387 4259
2387 2389
2388 2415
2389 4260
2390 2391
2391 2392
2392 2394
2392 2404
2393 2395
2393 2404
2395 2397
2396 2397
2396 2398
2398 2400
2399 2401
2399 2757
2400 2401
2400 2405
2401 2402
2402 2403
2404 2755
2405 3476
2406 2755
2406 3485
2407 2408
2407 4513
2410 2411
2410 4295
2411 2716
2412 2980
2413 4296
2413 3493
2414 3484
2414 2788
2414 2439
2415 4476
2415 4477
2415 2791
2416 2497
2419 2817
2420 4228
2420 2422
2421 3781
2423 2424
2423 2962
2423 2435
2424 2553
2425 2433
2425 2476
2425 2429
2426 2427
2426 2470
2427 2471
2428 2473
2428 2481
2429 2788
2430 4264
2430 3287
2430 3316
2430 4263
2430 2431
2431 2448
2431 3319
2431 3284
2431 2447
2432 2433
2433 2434
2434 2440
2434 2436
2435 2561
2435 2542
2436 3480
2437 2441
2437 2482
2438 2440
2438 3478
2439 3280
2440 2446
2441 2490
2441 2443
2442 2443
2442 2444
2442 2445
2444 2480
2445 2483
2445 2478
2446 3595
2447 3285
2448 2450
2449 2450
2449 3319
2450 3318
2450 2454
2450 3067
2450 3070
2451 2499
2451 4484
2451 4485
2451 4486
2451 2506
2451 2452
2451 2455
2452 2501
2452 4486
2453 2454
2453 2455
2456 3744
2456 3750
2456 4265
2456 4490
2456 2458
2456 4266
2456 3743
2457 3745
2457 3746
2457 3747
2457 4485
2457 3752
2457 3810
2458 3618
2458 4366
2458 4367
2458 3843
2458 3742
2459 2466
2459 2551
2460 2461
2461 4234
2462 2516
2463 2464
2463 3616
2463 4484
2463 3144
2463 2507
2463 3567
2463 3615
2464 3461
2465 2500
2465 3286
2466 2549
2466 2531
2467 2476
2467 2526
2468 2516
2470 3484
2471 2472
2472 2473
2472 2482
2473 2474
2474 2475
2475 2502
2477 2562
2477 2479
2478 2487
2479 2498
2480 2481
2480 2493
2482 2493
2483 2539
2483 2486
2484 2525
2484 2494
2485 3290
2485 2487
2486 2489
2487 2492
2488 2568
2488 2508
2488 2509
2489 3411
2489 2492
2490 2536
2491 3300
2491 2510
2492 2537
2492 2493
2493 2538
2494 3289
2494 3290
2495 2523
2495 3299
2496 2518
2497 3289
2498 4504
2498 2530
2499 3317
2500 2503
2501 3310
2502 2510
2503 2504
2503 2505
2504 2506
2507 3144
2508 3098
2508 3099
2508 2509
2509 2566
2510 2523
2511 2512
2511 2523
2511 2535
2512 2513
2513 2514
2513 3291
2514 4273
2515 4274
2515 2517
2517 3292
2517 2519
2519 3312
2519 2521
2520 3296
2520 2521
2521 2524
2524 2525
2524 3293
2526 4504
2526 2558
2527 4518
2527 3223
2528 2529
2528 4275
2528 2566
2529 4276
2529 2567
2530 2559
2531 2558
2532 2533
2532 3567
2533 4141
2534 2945
2534 3491
2535 3308
2536 3491
2537 3636
2538 4141
2539 3635
2540 2541
2540 3639
2541 2542
2542 2543
2543 2553
2544 2545
2544 2553
2545 2546
2546 2547
2547 2603
2548 2602
2548 2549
2549 2551
2550 2552
2550 2551
2552 2554
2552 3042
2554 2555
2555 2955
2555 2556
2556 2557
2557 3641
2559 2955
2560 2962
2560 2955
2561 3097
2562 3281
2563 2564
2563 3606
2564 3281
2564 2565
2565 3280
2566 2567
2567 4500
2567 3305
2568 3305
2568 3759
2569 2570
2570 2944
2570 4324
2570 4325
2570 3566
2571 2943
2572 4464
2573 4464
2574 4542
2575 2576
2575 2581
2575 4278
2576 2577
2576 2580
2576 4277
2576 2581
2577 2578
2577 2579
2577 3766
2577 4158
2578 2589
2579 2586
2579 4158
2580 2584
2581 2585
2582 2584
2582 2718
2582 2583
2583 2585
2585 2591
2586 2587
2586 2590
2587 2589
2588 2589
2588 2719
2590 2601
2591 2595
2592 2593
2592 2604
2593 2594
2593 2947
2594 2595
2594 2596
2596 2597
2596 2598
2597 3412
2598 2600
2598 2599
2599 2603
2600 2601
2600 2947
2602 2604
2605 3096
2605 2947
2606 2608
2606 3091
2607 2608
2607 3092
2608 2609
2609 4456
2609 4457
2610 2709
2611 4542
2614 2615
2615 2616
2615 2620
2616 2619
2617 2618
2617 3266
2618 2619
2620 2621
2621 3267
2622 2954
2622 2628
2622 2629
2624 2625
2624 3418
2626 2633
2626 2627
2627 3264
2628 2952
2630 2632
2630 2631
2631 2634
2632 3262
2633 2634
2634 2635
2635 3223
2636 2954
2636 3894
2637 3109
2638 2644
2639 2640
2640 2644
2641 2642
2641 2644
2643 2701
2646 2675
2647 2648
2648 2650
2649 2650
2650 2651
2651 2652
2652 3432
2652 3431
2653 2655
2654 4173
2654 2655
2655 2657
2656 4408
2656 2657
2657 2658
2658 2985
2659 3774
2659 2663
2660 2661
2660 2662
2660 2663
2661 2665
2662 4407
2663 4409
2664 2665
2664 4406
2665 2666
2666 2667
2667 2668
2668 2669
2668 2671
2669 2921
2670 3652
2670 4389
2670 4390
2670 3117
2670 4374
2670 4375
2671 2673
2672 2673
2673 2674
2674 2675
2676 2677
2676 3433
2677 2678
2678 3876
2679 2680
2679 3881
2680 2682
2680 2683
2681 2682
2683 3880
2683 2684
2684 3877
2689 2692
2690 2692
2691 2692
2691 3877
2693 2694
2694 3876
2695 2701
2696 2954
2696 3043
2696 4319
2697 2699
2698 4282
2698 2703
2699 2700
2700 3417
2702 3488
2702 2946
2703 2705
2704 2705
2704 2946
2706 2707
2706 2708
2710 3047
2711 3118
2711 3119
2713 3492
2713 4138
2714 4424
2714 3106
2715 4412
2717 2785
2717 2941
2718 2727
2719 2723
2720 2722
2720 2751
2721 2725
2721 2750
2722 2729
2722 2724
2723 2724
2724 2730
2725 2739
2725 2726
2726 2738
2726 2727
2729 2732
2729 3645
2730 2732
2730 3646
2731 2734
2732 2733
2732 3646
2732 3645
2732 4286
2733 2740
2736 2740
2736 2739
2736 3644
2737 2740
2738 2740
2738 2853
2739 2740
2740 2853
2741 2746
2741 3212
2741 4287
2742 2744
2742 2743
2743 3208
2743 4288
2744 2745
2744 2747
2745 2746
2747 2748
2748 2767
2749 2766
2749 3214
2750 2852
2751 3204
2752 4356
2753 4544
2753 4658
2753 3221
2753 2782
2754 4544
2754 4658
2754 3219
2754 2782
2755 2756
2756 2757
2758 3682
2758 3771
2758 2780
2759 2760
2759 2761
2759 2767
2760 3218
2761 2771
2762 2780
2762 2772
2762 3681
2763 2771
2763 3220
2764 3216
2764 2769
2765 3216
2765 3220
2765 2766
2768 2769
2768 2770
2768 3222
2770 3217
2771 3012
2773 3673
2773 3442
2773 2781
2774 3697
2774 3699
2775 3450
2775 3011
2776 3683
2776 3685
2777 4658
2777 3698
2778 2912
2778 2943
2779 3419
2780 3415
2780 3770
2780 3771
2781 3681
2781 3442
2782 4658
2782 3413
2782 3415
2782 3772
2782 3230
2783 3001
2783 3522
2783 4341
2784 2793
2785 3587
2786 2787
2787 4581
2788 3069
2789 2801
2790 2800
2790 2802
2791 2849
2791 4476
2791 4477
2792 3007
2793 2798
2794 2795
2794 2796
2794 2798
2795 3767
2796 3186
2796 2798
2797 2803
2797 3188
2797 2798
2798 2799
2798 2803
2799 2804
2800 2804
2801 2804
2802 2822
2803 2804
2804 2805
2805 2808
2806 3497
2806 2820
2807 4480
2807 4289
2807 4290
2807 4291
2807 2808
2807 2809
2808 4480
2808 3462
2808 3036
2809 4292
2809 2811
2810 2811
2811 4480
2811 3462
2811 3036
2812 4293
2813 4294
2814 2821
2815 3500
2815 2821
2816 2825
2818 3658
2820 3189
2822 2896
2823 3490
2824 3664
2824 3492
2825 3490
2826 2828
2826 3695
2827 2841
2827 2829
2828 2829
2828 2838
2829 2846
2830 2845
2830 2831
2831 2832
2831 2834
2832 2833
2832 2835
2833 3692
2834 2836
2834 2837
2835 2840
2835 2837
2836 4298
2836 2837
2837 4297
2837 2839
2837 2840
2838 2842
2838 2839
2839 4299
2839 2841
2839 2842
2839 2844
2840 2843
2841 2844
2842 2843
2844 4300
2845 2861
2846 4159
2847 2848
2847 2998
2849 2948
2850 3200
2850 3199
2851 3199
2851 3471
2852 3203
2853 2856
2854 2856
2855 3204
2855 3205
2857 3210
2858 2860
2858 2862
2858 3198
2859 4137
2859 4155
2860 2861
2860 3207
2862 2863
2863 4301
2864 2865
2865 2866
2866 2867
2867 2868
2868 2890
2868 2869
2869 2889
2869 2870
2870 2883
2870 2871
2871 2881
2871 4303
2872 4304
2872 2873
2872 2884
2873 2874
2873 2882
2874 2888
2874 2878
2875 2876
2875 2878
2876 2877
2878 2887
2879 2891
2879 2893
2880 2881
2880 2891
2881 2883
2882 2883
2882 2884
2885 2886
2886 2887
2887 2888
2888 2889
2889 2890
2890 3434
2892 3357
2892 2901
2896 2980
2898 4391
2899 3102
2900 3522
2900 3158
2903 3499
2903 3349
2907 4398
2908 4210
2909 3350
2910 3349
2911 3715
2912 4467
2914 2915
2915 3326
2916 3136
2917 4611
2917 4553
2917 4550
2918 2986
2918 3522
2920 3507
2921 2924
2922 3358
2922 2982
2922 4333
2923 2924
2923 4314
2924 4313
2925 2944
2926 2928
2927 2928
2928 2929
2928 2930
2928 4472
2929 4038
2930 4040
2931 4103
2932 4065
2933 2934
2934 3731
2934 4566
2934 4655
2935 4136
2935 4637
2935 3126
2936 4639
2936 3588
2936 3590
2936 3127
2937 4537
2937 4639
2937 2940
2937 3782
2937 3783
2938 3656
2938 3657
2939 3852
2939 3654
2940 3587
2940 3590
2940 3533
2940 4538
2940 2941
2940 4639
2941 2942
2942 4317
2942 4318
2943 4122
2945 3144
2948 3068
2949 4320
2949 2954
2949 2950
2950 2954
2951 2954
2952 3039
2953 3741
2954 4522
2954 4455
2956 2959
2957 2961
2957 2958
2957 2959
2958 3523
2958 2959
2960 2961
2962 3042
2964 3359
2965 2968
2966 2968
2966 2975
2966 2967
2969 2970
2969 2971
2971 2976
2972 2979
2973 2978
2973 2974
2974 2975
2976 2977
2977 2979
2981 3505
2981 3358
2981 2982
2983 3584
2983 3569
2984 3562
2984 3586
2985 4417
2985 4618
2985 4620
2985 4418
2985 3228
2986 3156
2988 3321
2988 3134
2989 4625
2989 2994
2989 4628
2989 3574
2989 4631
2990 2993
2990 4625
2990 3570
2990 4628
2990 4631
2991 4548
2991 4628
2992 4628
2992 4548
2996 4512
2996 4584
2996 2997
2996 4629
2997 4629
2997 2998
2999 4647
3000 4334
3000 4336
3000 4337
3000 3508
3000 3509
3000 3515
3000 3516
3001 3101
3002 3003
3002 4420
3002 4558
3003 3361
3004 4647
3005 4420
3005 4558
3006 3224
3006 4543
3006 4479
3007 3184
3008 3696
3008 3698
3009 3696
3009 4658
3009 3014
3010 3681
3010 3686
3011 3687
3011 3694
3012 3015
3013 4658
3013 3699
3014 3222
3015 3697
3015 4658
3016 3649
3016 4569
3016 4481
3017 4569
3017 3452
3017 4481
3018 3019
3018 4557
3018 4465
3020 4557
3020 4465
3021 3023
3022 3026
3023 3024
3024 4652
3025 3026
3025 4652
3028 3029
3030 4654
3030 3031
3032 3033
3033 4654
3034 4654
3035 4654
3036 4564
3037 3294
3037 4271
3038 4522
3038 3894
3038 4455
3039 4522
3039 4455
3040 4455
3041 4455
3044 4649
3044 3141
3045 4649
3045 3142
3046 4449
3046 3050
3046 4451
3046 4508
3047 4449
3047 4451
3047 4508
3047 3049
3048 3049
3049 4448
3050 4448
3050 3051
3052 4452
3052 4451
3052 4453
3053 3424
3053 4451
3053 4452
3053 4453
3054 4505
3054 3463
3054 4502
3055 3464
3055 4502
3055 4505
3056 4450
3056 3464
3056 4556
3056 4466
3056 3059
3056 4446
3056 4447
3057 4450
3057 3463
3057 4556
3057 4466
3057 3058
3057 4446
3057 4447
3058 4445
3058 3465
3059 3060
3059 4445
3060 3466
3062 3421
3062 3351
3063 3441
3063 3607
3064 3282
3065 3601
3065 3066
3066 3613
3067 3474
3068 3416
3069 3475
3070 3473
3071 3072
3071 4254
3072 4496
3072 3147
3072 4495
3072 4493
3073 4496
3073 3074
3073 4493
3073 3150
3073 4495
3074 4255
3075 3081
3075 3076
3076 4253
3077 4256
3077 4506
3077 3078
3078 3079
3079 3083
3080 3081
3080 3082
3081 4506
3082 4506
3082 4502
3083 4506
3083 3084
3083 4502
3085 4638
3085 4555
3086 4555
3086 4638
3087 4144
3087 3276
3087 4638
3088 4145
3088 3275
3088 4638
3089 4651
3089 4517
3089 3879
3090 4651
3090 4517
3090 3878
3091 4458
3091 4461
3091 4143
3092 4458
3092 4461
3092 4142
3093 3412
3093 4462
3093 3094
3094 4142
3095 3096
3095 4143
3096 4462
3097 3098
3098 4500
3099 3100
3099 4500
3101 3102
3102 3522
3103 4643
3103 4532
3104 4643
3104 4532
3105 4428
3105 3108
3106 4424
3106 3107
3106 4428
3107 4428
3108 4428
3109 4562
3109 4430
3109 3110
3110 3112
3112 4642
3112 4431
3112 3191
3113 3193
3113 4434
3114 3194
3114 4434
3115 4644
3115 3194
3115 4435
3115 4531
3116 3193
3116 4435
3116 4644
3116 4531
3117 3118
3118 4641
3119 3120
3119 4641
3121 3123
3123 3124
3124 3125
3126 3127
3127 4321
3127 4322
3128 3330
3128 3331
3131 4146
3132 4416
3132 4146
3132 3133
3133 3135
3134 4332
3134 3358
3135 3334
3135 4415
3136 4611
3136 4550
3136 4553
3141 4545
3141 4649
3142 4545
3142 4649
3143 3306
3143 3626
3145 3615
3146 3304
3146 3625
3147 3148
3148 3473
3148 4492
3149 3474
3149 4492
3149 3150
3151 4624
3152 4624
3153 4611
3153 4549
3154 4611
3154 4549
3155 4581
3156 4633
3158 4633
3159 3161
3159 4148
3159 4437
3160 3162
3160 4149
3160 4437
3161 4437
3162 4437
3163 4647
3163 4529
3163 4530
3163 4440
3163 3195
3163 3167
3164 4647
3164 4529
3164 4530
3164 4440
3164 3196
3164 3166
3166 4440
3166 4530
3167 4440
3167 4530
3168 4441
3168 4244
3169 4441
3170 4441
3170 4442
3170 4243
3171 4441
3171 4442
3172 4468
3172 3182
3173 4468
3173 3183
3174 4469
3175 4469
3176 4469
3176 4470
3176 4431
3177 4469
3177 4470
3177 4431
3178 4473
3178 4119
3179 4473
3179 4087
3180 4474
3180 4164
3181 4474
3182 4468
3182 4469
3183 4468
3183 4469
3184 3187
3185 3343
3186 3187
3187 3189
3188 3189
3190 3192
3190 3497
3191 4642
3191 3901
3193 4644
3194 4644
3195 4646
3196 4646
3198 3202
3199 4137
3200 3201
3201 3202
3202 3203
3205 3472
3205 3206
3206 3207
3208 3209
3209 3210
3209 3211
3211 3212
3211 3213
3213 3215
3214 3215
3217 3218
3218 3219
3220 3221
3224 3269
3225 3226
3226 3256
3226 3227
3228 3780
3229 3235
3229 3773
3230 3233
3231 3233
3232 3237
3233 3237
3234 3235
3234 3254
3235 3236
3236 3240
3236 3255
3237 3239
3238 3239
3239 3243
3240 3241
3241 3242
3242 3489
3243 3244
3244 3246
3245 4284
3245 3246
3245 3247
3247 3248
3248 3249
3248 3251
3250 3488
3250 3252
3251 3489
3251 3252
3253 3417
3256 3270
3257 3258
3257 3261
3257 3278
3258 3259
3259 3260
3260 3269
3261 3262
3262 3263
3263 3264
3263 3265
3265 3266
3265 3268
3267 3268
3268 3269
3270 3272
3271 3272
3272 3273
3273 3274
3274 3275
3276 3277
3277 3278
3281 3482
3282 3617
3282 3303
3283 3612
3283 3284
3283 3286
3285 3286
3287 3288
3288 3441
3288 3310
3289 3411
3291 3307
3292 3314
3293 3295
3294 3297
3294 3295
3296 3297
3297 3298
3298 3299
3298 3301
3300 3301
3301 3302
3302 3487
3303 3622
3304 3619
3306 3307
3306 3309
3308 3309
3309 3311
3310 3316
3311 3312
3311 3313
3313 3314
3313 3315
3315 4272
3317 3318
3318 3319
3321 3501
3321 3358
3322 3323
3324 3325
3326 3332
3327 3334
3329 4147
3330 4416
3330 4147
3331 3333
3331 4415
3332 3333
3335 3336
3336 3339
3336 3341
3337 4178
3337 3339
3337 3341
3338 4177
3338 3339
3340 3341
3342 3343
3344 3345
3344 4196
3345 3346
3346 4236
3347 3348
3350 3356
3350 3357
3352 3353
3352 3354
3353 3660
3355 3356
3358 3507
3362 3363
3362 3486
3363 3367
3364 3371
3364 3365
3365 3366
3366 4527
3367 3368
3368 3369
3370 3371
3372 3373
3376 3377
3378 3395
3378 3379
3382 3386
3382 3407
3382 3383
3383 3395
3384 3386
3385 3388
3386 3387
3389 3391
3390 3391
3391 4323
3393 3400
3393 3394
3393 3397
3395 3396
3396 3397
3396 3398
3399 3400
3400 3404
3401 3402
3401 3404
3402 3403
3404 3405
3405 3406
3407 3408
3407 3409
3413 3771
3414 3780
3414 4551
3414 4552
3414 4617
3414 4616
3416 3469
3420 3729
3426 3675
3442 3680
3442 3674
3442 3686
3443 3674
3443 3675
3443 3671
3444 4515
3446 3677
3446 3662
3447 3448
3447 3648
3448 3449
3449 3452
3450 3662
3451 3720
3453 3456
3454 3455
3455 3456
3456 4565
3457 3458
3458 3459
3458 4565
3460 3762
3460 3758
3461 4521
3461 3847
3462 4564
3463 4525
3464 4525
3465 4524
3466 4524
3467 4534
3468 4534
3469 3494
3470 4302
3470 3471
3471 3472
3473 4494
3473 4496
3473 4498
3473 4507
3474 4507
3474 4494
3474 4496
3474 4498
3475 3476
3477 3485
3477 3479
3478 3479
3479 3481
3480 3481
3480 3482
3482 3483
3483 3484
3486 4527
3487 3621
3490 3676
3491 4486
3494 3495
3495 3496
3496 3498
3498 3926
3499 3501
3500 3503
3502 3503
3504 3515
3505 3510
3506 4157
3506 3511
3507 4331
3508 3511
3509 3510
3512 3514
3513 3662
3513 3671
3515 3516
3516 4335
3517 3518
3517 3519
3519 3520
3521 3522
3522 4342
3522 4343
3522 4340
3524 3525
3525 3526
3526 3528
3526 3538
3527 3528
3527 3547
3528 3531
3529 3530
3530 3531
3530 3549
3532 3592
3532 3961
3533 3589
3534 3536
3534 3535
3536 3537
3537 3538
3538 3539
3539 3870
3540 3869
3540 3870
3541 3868
3541 3871
3542 3544
3543 3864
3543 3865
3544 3546
3545 3865
3545 3866
3546 3652
3547 3866
3547 3549
3548 3549
3550 3551
3551 3552
3551 3553
3553 3554
3554 3555
3554 3556
3556 3557
3557 3558
3557 3559
3559 3560
3560 3561
3562 3563
3563 3564
3564 3565
3568 3569
3570 3571
3570 3572
3571 3575
3572 4344
3573 4345
3573 3574
3574 3581
3575 3579
3576 3577
3576 3586
3576 3578
3578 3579
3579 4351
3580 3581
3580 3583
3581 3584
3582 4348
3582 3583
3584 3585
3588 3589
3591 3592
3591 4360
3591 4358
3592 4359
3592 4361
3593 3596
3595 3601
3595 3602
3596 3597
3599 3600
3602 4221
3603 3610
3603 3605
3604 4364
3604 3605
3605 3606
3607 3608
3608 3609
3609 3610
3609 3611
3611 4222
3612 3613
3613 3614
3614 4365
3618 3619
3619 3620
3621 3623
3621 3622
3624 3625
3625 3626
3627 4373
3627 3630
3627 3631
3628 4372
3628 3630
3629 3640
3629 3630
3630 3632
3631 3633
3631 3637
3632 3633
3632 3643
3633 3634
3634 3635
3636 3637
3638 3640
3638 3639
3641 3642
3642 3643
3644 3645
3646 4285
3647 3714
3649 3650
3650 3651
3653 3851
3654 3713
3655 3848
3655 3851
3658 3659
3660 3661
3663 3664
3663 3667
3664 3665
3665 3666
3665 3691
3666 3669
3667 3668
3668 3669
3668 3670
3669 4384
3669 4385
3669 3670
3670 3675
3672 3675
3672 3677
3673 3675
3674 3675
3676 3677
3678 3680
3678 3685
3678 3679
3679 3680
3679 4383
3680 3684
3680 4382
3682 3683
3682 3684
3687 3688
3688 3689
3688 3700
3688 3694
3689 3690
3689 4379
3689 3693
3689 4378
3690 3691
3690 3693
3692 3693
3694 3695
3696 3701
3697 3700
3698 3701
3699 3700
3700 3701
3701 4380
3701 4381
3702 3716
3704 3714
3705 3706
3705 3707
3707 3710
3709 3710
3710 3711
3712 3713
3715 3718
3717 3728
3718 3719
3720 3721
3721 3723
3722 3723
3724 3727
3725 3864
3725 3861
3727 3848
3728 4197
3730 3732
3730 4039
3731 3733
3732 3734
3733 3734
3736 3908
3737 3738
3740 4185
3742 3743
3744 3754
3745 3787
3746 4269
3747 4270
3748 4160
3749 3750
3751 3752
3751 3753
3753 3754
3755 3836
3756 3757
3756 3837
3757 4521
3758 4158
3759 3761
3760 3761
3760 3762
3761 4500
3761 4501
3763 3764
3764 3765
3765 3766
3767 3769
3768 3780
3768 3775
3769 3770
3772 3773
3774 4417
3774 4418
3774 4618
3774 4620
3774 3775
3776 3780
3776 4551
3776 4552
3776 4617
3776 4616
3777 4608
3777 4609
3777 3778
3778 3779
3778 3780
3779 4608
3779 4609
3780 4615
3780 4616
3782 4160
3783 3784
3784 3785
3786 3809
3786 4268
3787 3788
3788 3789
3789 3790
3790 3791
3791 3792
3792 3793
3793 3794
3794 3795
3795 3796
3796 3797
3797 3798
3798 3799
3799 3800
3799 4485
3800 3801
3801 3802
3802 3803
3803 3804
3804 3805
3805 3806
3806 3807
3807 3808
3808 3809
3810 3835
3811 4267
3811 3812
3812 3813
3813 3814
3814 3815
3815 3816
3816 3817
3817 3818
3818 3819
3819 3820
3820 3821
3821 3822
3822 4485
3822 3823
3823 3824
3824 3825
3825 3826
3826 3827
3827 3828
3828 3829
3829 3830
3830 3831
3831 3832
3832 3833
3833 3834
3834 3835
3836 3840
3837 3838
3838 3839
3838 4659
3838 4484
3838 4485
3839 3840
3839 4659
3839 4484
3839 4485
3841 3842
3841 3843
3842 3844
3844 4659
3844 4484
3844 4485
3844 3845
3845 4484
3845 4659
3845 4485
3845 3846
3846 3847
3849 3853
3849 3854
3850 3855
3852 3858
3854 3856
3855 3856
3858 3859
3861 3862
3862 3863
3867 3868
3867 3870
3872 3875
3873 3874
3874 3875
3878 3889
3879 3891
3882 3883
3883 3884
3884 3885
3885 4516
3885 3899
3885 4622
3887 3888
3887 3899
3888 3889
3890 3897
3891 3892
3892 3893
3893 3898
3895 3896
3895 3898
3895 4516
3895 4622
3896 3897
3898 4516
3898 4622
3899 4516
3899 4622
3900 3927
3901 4536
3901 4642
3901 4535
3901 3902
3902 3903
3903 3904
3904 3905
3904 4641
3905 4640
3905 3906
3906 3907
3907 3908
3908 4640
3909 4640
3909 3910
3910 3911
3911 3912
3912 4640
3912 3913
3913 4641
3913 3914
3914 3915
3915 3916
3916 4536
3916 4642
3916 3917
3916 4535
3917 4642
3917 3918
3918 4642
3918 4431
3918 3919
3919 3920
3920 3921
3920 4562
3920 4430
3922 3923
3923 3924
3924 3925
3926 3930
3930 3931
3931 3932
3932 3933
3933 3934
3934 3935
3935 3936
3936 3937
3937 3938
3938 3939
3938 4475
3938 4478
3938 4657
3939 4657
3939 4475
3939 3940
3939 4478
3940 3941
3942 3943
3942 3959
3943 3960
3944 3945
3945 3946
3946 3947
3947 3948
3948 3949
3949 3950
3950 3951
3951 3952
3951 4657
3951 4475
3951 4478
3952 3953
3952 4475
3952 4657
3952 4478
3953 3954
3954 3955
3955 3956
3956 3957
3957 3958
3958 3959
3961 3968
3962 3963
3963 3964
3964 3965
3965 3966
3966 3967
3966 4476
3966 4477
3967 3968
3967 4476
3967 4477
3969 3992
3969 4473
3969 4656
3970 3971
3971 3972
3972 3973
3973 3974
3974 3975
3975 3976
3976 3977
3977 3978
3978 3979
3979 3980
3980 3981
3981 3982
3982 3983
3983 3984
3984 3985
3985 3986
3986 3987
3987 3988
3988 3989
3989 3990
3990 3991
3991 3992
3992 4473
3992 4656
3993 4656
3993 4473
3993 3994
3993 4156
3994 3995
3995 3996
3996 3997
3997 3998
3998 3999
3999 4000
4000 4001
4001 4002
4002 4003
4003 4004
4004 4005
4005 4006
4006 4007
4007 4008
4008 4009
4009 4010
4010 4011
4011 4012
4012 4013
4013 4014
4014 4015
4016 4017
4017 4018
4018 4019
4019 4020
4019 4566
4020 4021
4021 4022
4022 4023
4023 4024
4023 4655
4024 4025
4025 4026
4026 4027
4027 4028
4028 4029
4029 4030
4030 4031
4031 4032
4032 4033
4033 4034
4034 4035
4035 4036
4036 4037
4037 4038
4039 4063
4040 4041
4041 4042
4042 4043
4043 4044
4044 4045
4045 4046
4046 4047
4047 4048
4048 4049
4049 4050
4050 4051
4051 4052
4052 4053
4053 4054
4054 4055
4055 4056
4056 4057
4057 4161
4057 4655
4058 4161
4058 4059
4059 4060
4060 4061
4060 4566
4061 4062
4062 4063
4064 4086
4065 4066
4066 4067
4067 4068
4068 4069
4069 4070
4070 4071
4071 4072
4072 4073
4073 4074
4074 4075
4075 4076
4076 4077
4077 4078
4078 4079
4079 4080
4080 4081
4081 4082
4082 4083
4083 4084
4084 4085
4085 4086
4086 4566
4086 4655
4087 4088
4088 4089
4089 4090
4090 4091
4091 4092
4092 4093
4093 4094
4094 4095
4095 4096
4096 4097
4097 4098
4098 4099
4098 4655
4099 4100
4100 4101
4101 4102
4102 4103
4104 4105
4104 4109
4105 4110
4105 4655
4106 4107
4107 4108
4108 4109
4110 4111
4111 4112
4112 4113
4113 4114
4114 4115
4115 4116
4116 4117
4117 4118
4118 4119
4120 4121
4120 4122
4121 4123
4122 4467
4123 4124
4124 4125
4125 4126
4126 4127
4127 4128
4128 4129
4129 4130
4130 4131
4131 4132
4132 4133
4133 4134
4134 4135
4135 4136
4138 4139
4141 4486
4142 4462
4143 4462
4146 4416
4147 4416
4148 4436
4149 4436
4150 4159
4150 4151
4151 4152
4152 4153
4153 4154
4154 4155
4156 4473
4156 4656
4162 4572
4163 4572
4164 4601
4165 4600
4166 4600
4167 4656
4167 4596
4167 4541
4168 4656
4168 4596
4168 4541
4169 4575
4170 4575
4171 4625
4171 4419
4172 4515
4173 4417
4173 4418
4173 4620
4173 4618
4174 4616
4174 4617
4174 4615
4174 4559
4175 4611
4176 4515
4177 4616
4177 4609
4178 4616
4178 4609
4179 4634
4180 4634
4181 4620
4181 4514
4182 4417
4182 4418
4182 4620
4182 4514
4183 4417
4183 4418
4183 4620
4183 4514
4184 4609
4184 4418
4185 4609
4185 4418
4186 4550
4187 4611
4187 4550
4188 4635
4188 4582
4189 4571
4190 4571
4191 4601
4192 4602
4193 4602
4194 4586
4195 4586
4196 4609
4197 4616
4197 4615
4197 4617
4197 4559
4198 4587
4199 4587
4200 4594
4201 4619
4202 4619
4203 4624
4204 4624
4205 4515
4206 4610
4207 4610
4208 4611
4209 4611
4210 4616
4210 4615
4211 4610
4212 4627
4213 4627
4214 4610
4215 4610
4216 4610
4217 4627
4218 4627
4219 4432
4220 4432
4221 4497
4222 4497
4223 4425
4223 4510
4223 4422
4223 4423
4224 4425
4224 4510
4224 4422
4224 4423
4225 4598
4226 4598
4227 4613
4228 4613
4229 4588
4230 4588
4231 4653
4231 4595
4232 4595
4232 4653
4233 4592
4233 4653
4234 4592
4234 4653
4235 4609
4236 4609
4237 4421
4238 4421
4239 4645
4240 4645
4241 4649
4242 4649
4245 4443
4245 4650
4246 4443
4246 4650
4247 4436
4247 4597
4248 4436
4248 4597
4249 4466
4249 4526
4250 4466
4250 4526
4251 4573
4252 4573
4253 4493
4254 4493
4255 4493
4256 4493
4257 4505
4257 4568
4257 4461
4257 4503
4258 4454
4258 4461
4258 4503
4258 4568
4258 4505
4259 4454
4259 4461
4259 4503
4259 4568
4259 4505
4260 4454
4260 4461
4260 4503
4260 4568
4260 4505
4261 4498
4261 4507
4262 4498
4262 4507
4263 4486
4264 4486
4265 4579
4265 4487
4266 4579
4266 4487
4267 4580
4268 4580
4269 4603
4270 4603
4271 4488
4271 4489
4271 4606
4272 4488
4272 4489
4272 4606
4273 4570
4274 4570
4275 4499
4275 4604
4276 4499
4276 4604
4277 4520
4277 4462
4278 4520
4278 4462
4279 4621
4280 4621
4281 4460
4282 4460
4283 4479
4284 4479
4285 4482
4285 4554
4286 4482
4286 4554
4287 4658
4288 4658
4289 4591
4290 4591
4291 4593
4292 4593
4293 4599
4294 4599
4295 4589
4296 4589
4297 4590
4298 4590
4299 4483
4300 4483
4301 4605
4302 4605
4303 4481
4303 4634
4304 4481
4304 4634
4305 4634
4306 4634
4307 4634
4308 4632
4309 4632
4310 4583
4311 4617
4311 4615
4311 4551
4312 4617
4312 4615
4312 4551
4313 4417
4314 4417
4315 4578
4315 4467
4315 4539
4316 4578
4316 4467
4316 4539
4317 4425
4317 4426
4317 4427
4317 4428
4318 4425
4318 4426
4318 4427
4318 4428
4319 4560
4319 4623
4320 4560
4320 4623
4321 4585
4322 4585
4323 4634
4324 4649
4325 4649
4326 4644
4326 4528
4326 4563
4326 4438
4326 4439
4327 4644
4327 4528
4327 4563
4327 4438
4327 4439
4328 4649
4329 4649
4330 4630
4331 4630
4332 4628
4333 4628
4334 4512
4334 4629
4334 4630
4335 4512
4335 4629
4335 4630
4336 4512
4336 4629
4336 4630
4337 4512
4337 4629
4337 4630
4338 4612
4339 4612
4340 4633
4340 4509
4340 4510
4340 4423
4341 4633
4341 4423
4341 4509
4341 4510
4342 4633
4342 4509
4343 4633
4343 4509
4344 4625
4344 4628
4344 4631
4345 4625
4345 4628
4345 4631
4346 4631
4347 4631
4348 4625
4349 4626
4350 4626
4351 4625
4351 4628
4351 4631
4352 4626
4353 4626
4354 4612
4354 4607
4355 4612
4355 4607
4356 4613
4356 4607
4357 4613
4357 4607
4358 4657
4358 4546
4359 4657
4359 4546
4360 4657
4360 4546
4361 4657
4361 4546
4362 4432
4363 4432
4364 4497
4365 4497
4366 4659
4366 4484
4367 4659
4367 4484
4368 4491
4369 4491
4370 4490
4370 4491
4370 4487
4371 4490
4371 4491
4371 4487
4372 4488
4372 4499
4373 4488
4373 4499
4374 4429
4375 4429
4376 4532
4376 4511
4377 4532
4377 4511
4378 4590
4379 4590
4380 4658
4381 4658
4382 4658
4383 4658
4384 4590
4385 4590
4386 4453
4387 4453
4388 4594
4389 4576
4390 4576
4391 4583
4392 4613
4392 4615
4393 4613
4393 4615
4394 4624
4394 4619
4395 4624
4395 4619
4396 4515
4397 4419
4397 4625
4398 4616
4398 4615
4399 4560
4399 4623
4400 4577
4401 4624
4402 4609
4403 4618
4404 4619
4404 4624
4405 4624
4405 4619
4406 4417
4406 4418
4406 4620
4407 4417
4408 4417
4408 4618
4409 4418
4410 4634
4411 4634
4412 4635
4412 4582
4413 4560
4413 4623
4414 4577
