0 73
0 60
0 55
1 73
1 78
1 33
2 64
2 107
2 5
2 8
2 106
2 75
2 16
2 20
2 86
2 93
3 36
4 121
4 90
4 51
4 86
4 14
5 96
5 97
5 75
5 37
5 9
5 106
5 43
5 14
5 16
5 107
5 21
5 86
5 93
6 69
6 106
6 14
6 17
6 83
6 91
6 63
7 64
7 97
7 106
7 107
7 109
7 17
7 86
7 91
7 30
8 20
8 46
9 74
9 61
10 32
10 66
10 101
10 107
10 14
10 48
10 17
10 20
10 86
10 119
10 60
10 30
10 37
11 38
11 71
11 16
11 86
11 58
11 93
12 96
12 66
12 37
12 71
12 108
12 18
12 86
13 97
13 86
14 64
14 96
14 66
14 67
14 97
14 107
14 48
14 17
14 51
14 20
14 53
14 86
14 21
14 106
14 62
14 101
15 90
15 55
16 96
16 43
16 106
16 76
16 82
16 20
16 86
16 119
16 88
16 75
16 37
17 21
17 32
17 37
17 45
17 48
17 51
17 64
17 65
17 66
17 74
17 76
17 86
17 96
17 97
17 102
17 109
17 120
17 125
18 66
18 101
18 79
18 83
18 86
18 89
19 66
19 101
19 106
19 86
19 91
19 93
20 96
20 48
20 107
20 73
20 46
20 110
20 93
20 30
20 106
20 86
20 23
20 60
20 61
20 126
21 32
21 66
21 102
21 82
21 51
21 86
21 121
21 58
21 123
21 101
22 71
23 86
24 96
24 66
24 86
25 117
26 36
26 100
26 93
26 46
27 30
27 54
28 112
28 93
29 91
29 93
30 97
30 123
30 37
30 104
30 107
30 110
30 48
30 50
30 53
30 86
30 60
30 93
30 85
31 57
31 93
32 96
32 66
32 37
32 112
32 86
32 119
32 88
33 93
34 65
34 98
34 116
34 86
34 88
34 124
35 53
35 110
35 93
36 96
36 37
36 74
36 127
36 46
36 50
36 83
36 86
36 88
36 59
36 93
36 101
37 96
37 102
37 97
37 75
37 93
37 50
37 86
37 57
37 54
37 42
38 97
38 58
38 86
39 107
40 66
40 51
41 72
42 60
42 93
43 93
44 106
44 75
44 93
45 96
45 86
45 119
46 96
46 99
46 71
46 86
46 91
46 60
46 93
47 68
48 96
48 64
48 86
48 104
48 107
48 94
48 93
48 74
48 54
48 119
48 121
48 60
48 106
48 62
49 127
51 96
51 65
51 66
51 64
51 106
51 107
51 109
51 124
51 83
51 84
51 86
51 119
51 57
51 60
51 93
52 93
53 86
54 66
54 86
54 121
54 60
56 126
56 110
57 106
57 107
57 86
58 98
58 75
58 106
58 116
58 86
58 119
58 88
58 91
58 93
59 96
59 97
59 66
59 67
59 86
59 60
60 64
60 66
60 74
60 71
60 96
60 107
60 94
60 93
60 62
60 87
60 86
61 66
61 83
61 93
62 96
62 65
62 64
62 76
62 111
62 86
62 119
64 96
64 65
64 97
64 101
64 107
64 76
64 77
64 86
64 119
64 122
64 93
65 74
65 66
65 86
65 121
65 91
66 67
66 79
66 86
66 91
66 93
66 96
66 101
66 107
66 119
66 120
66 121
66 124
68 106
69 86
69 101
69 93
69 103
70 88
70 73
70 71
71 72
71 93
73 78
74 106
74 75
74 117
74 86
74 119
74 121
75 97
75 76
75 93
75 114
75 86
75 88
75 127
75 106
76 106
76 110
76 86
77 122
77 86
77 110
78 96
78 114
78 101
79 83
80 86
81 127
82 114
83 96
83 93
83 86
83 91
84 115
86 88
86 91
86 93
86 94
86 96
86 97
86 101
86 104
86 106
86 107
86 109
86 110
86 111
86 113
86 118
86 119
86 120
86 121
88 97
88 101
88 93
90 91
91 101
91 106
91 107
91 93
91 113
92 126
93 97
93 105
93 108
93 110
93 111
93 120
93 121
94 107
95 107
96 97
96 101
96 102
96 106
96 107
96 118
96 119
97 106
97 107
97 119
97 121
97 101
98 116
98 119
100 102
101 119
101 117
106 107
106 117
107 117
107 121
107 125
110 119
111 122
111 118
116 117
