0 2
0 3
0 85
1 42
1 3
2 3
2 5
2 6
2 9
2 12
2 13
2 15
2 17
2 18
2 21
2 24
2 37
2 39
2 43
2 48
2 54
2 57
2 58
2 59
2 64
2 65
2 70
2 71
2 75
2 77
2 79
2 83
2 85
2 88
3 4
3 5
3 6
3 7
3 8
3 9
3 10
3 11
3 12
3 13
3 14
3 15
3 16
3 17
3 18
3 19
3 20
3 21
3 22
3 23
3 24
3 25
3 26
3 27
3 28
3 30
3 31
3 32
3 33
3 35
3 36
3 37
3 39
3 40
3 41
3 42
3 43
3 44
3 45
3 46
3 47
3 48
3 49
3 50
3 51
3 52
3 54
3 55
3 58
3 59
3 60
3 61
3 62
3 64
3 65
3 66
3 70
3 71
3 73
3 74
3 75
3 76
3 77
3 79
3 80
3 81
3 82
3 83
3 85
3 86
3 87
3 88
3 89
3 90
3 91
7 9
9 72
9 66
10 63
13 64
13 43
13 58
13 28
25 68
28 67
29 57
34 57
38 57
39 78
43 58
46 81
48 58
48 85
53 57
56 67
57 67
57 69
57 84
58 64
64 79
68 72
