0 35
0 18
0 43
0 54
0 79
1 67
1 70
1 86
2 17
2 86
3 64
3 10
3 81
3 83
3 84
3 86
4 68
4 79
5 8
6 9
7 70
7 77
7 79
7 83
7 86
7 91
7 31
8 64
8 39
8 72
8 9
8 83
8 85
8 88
9 24
9 13
9 89
10 11
10 12
10 17
10 18
10 20
10 22
10 23
10 24
10 29
10 37
10 38
10 41
10 44
10 50
10 55
10 62
10 63
10 65
10 66
10 67
10 73
10 74
10 86
10 89
11 33
11 70
11 86
12 70
12 77
12 86
12 87
12 28
12 31
13 67
13 81
13 45
13 17
13 86
13 24
13 89
13 59
14 33
15 86
16 86
17 86
17 24
17 89
17 62
18 33
18 68
18 70
18 47
18 81
18 50
18 86
18 23
19 86
20 86
21 33
21 38
22 24
22 68
22 86
22 23
23 70
23 86
23 89
24 45
24 86
24 81
24 43
24 79
24 50
24 53
24 56
24 59
24 60
24 62
25 33
25 61
26 81
26 86
27 89
27 68
27 86
28 86
28 71
29 86
30 33
30 38
31 77
32 40
32 33
33 38
33 71
33 40
33 42
33 49
33 84
33 55
33 58
34 86
35 68
35 70
36 86
37 86
38 70
38 40
38 81
38 84
38 86
38 57
38 42
41 90
41 86
42 54
43 68
43 86
43 79
43 54
44 86
45 86
45 53
46 64
47 86
48 86
49 84
50 66
50 81
50 86
51 86
52 59
53 70
53 79
53 81
53 86
54 68
54 86
55 86
55 71
56 62
56 86
57 86
58 86
59 72
59 86
59 60
62 86
63 86
64 71
64 80
64 82
65 86
66 86
67 70
67 86
69 86
70 81
71 86
72 92
72 86
73 86
74 86
75 86
76 86
77 86
78 86
79 81
79 83
79 86
79 85
81 83
81 86
81 85
83 85
83 86
84 86
86 89
86 90
86 91
87 91
