0 11
0 8
0 19
0 21
1 2
1 6
1 8
1 10
1 11
1 12
1 15
1 19
1 21
1 23
1 24
2 4
2 6
2 10
2 12
2 14
2 19
2 20
2 21
2 23
3 11
3 12
3 14
3 15
3 19
3 21
3 23
4 8
4 19
4 12
4 14
5 19
5 12
6 8
6 12
6 15
6 23
7 14
8 9
8 11
8 12
8 13
8 14
8 15
8 17
8 19
8 20
8 21
8 22
8 23
8 24
8 26
8 27
9 19
9 12
9 14
9 23
10 11
10 21
10 23
11 12
11 14
11 19
11 21
11 23
11 27
12 13
12 14
12 15
12 16
12 19
12 21
12 23
12 24
12 26
13 19
13 14
14 16
14 17
14 18
14 19
14 20
14 21
14 23
14 25
14 27
15 19
15 21
15 23
15 24
17 19
19 21
19 23
19 24
19 26
19 27
20 21
21 22
21 23
21 27
22 23
23 24
24 26
