0 32
1 49
1 100
1 70
2 100
2 69
3 28
3 70
4 88
4 32
4 43
4 7
5 67
5 100
5 69
5 41
5 42
5 46
5 48
5 91
6 73
7 70
7 9
7 107
7 81
7 52
7 88
8 49
8 69
9 32
9 41
9 46
9 83
9 55
10 41
11 50
11 93
12 32
12 66
12 104
12 18
12 116
12 87
12 84
12 62
13 14
13 15
14 15
15 32
16 48
16 41
16 28
16 69
17 100
18 56
18 54
18 70
19 107
20 66
21 58
22 41
23 32
23 49
23 28
24 32
24 41
24 52
24 72
25 100
26 67
26 100
26 69
27 67
28 67
28 69
28 43
28 44
28 83
29 69
29 70
30 32
30 52
30 55
31 69
32 34
32 37
32 45
32 46
32 52
32 67
32 69
32 73
32 78
32 79
32 83
32 85
32 88
32 89
32 112
33 41
33 69
34 67
34 38
35 41
36 67
36 100
36 69
37 81
37 83
37 100
38 69
39 62
39 54
40 69
41 46
41 48
41 49
41 52
41 55
41 57
41 61
41 63
41 64
41 65
41 74
41 76
41 84
41 87
41 91
41 94
41 96
41 97
41 98
41 103
41 105
41 113
41 116
42 67
42 55
42 100
42 69
43 88
46 87
46 55
46 94
46 69
47 106
47 93
48 69
49 67
49 100
49 107
49 60
49 92
49 62
51 69
52 100
53 81
54 56
54 73
55 67
55 69
55 80
56 70
56 76
56 93
58 100
59 100
62 67
62 100
62 86
63 69
64 69
65 70
67 69
67 73
67 82
67 84
67 85
67 93
67 95
67 99
67 100
67 108
67 113
67 115
68 100
69 71
69 72
69 74
69 77
69 80
69 83
69 84
69 87
69 89
69 93
69 98
69 102
69 104
69 109
69 110
69 112
69 114
69 115
70 100
70 78
70 93
71 80
73 100
73 101
73 91
73 102
75 100
81 100
87 100
90 93
93 100
95 100
100 102
100 107
100 108
100 111
100 112
100 113
100 114
100 115
