0 32
0 67
0 9
0 10
0 43
0 77
0 61
0 80
0 20
0 87
0 79
0 74
1 19
1 61
2 18
2 74
2 34
2 61
2 87
3 79
4 61
5 24
5 35
6 18
6 74
6 34
6 29
7 76
7 47
7 19
7 55
7 24
7 26
7 28
7 61
8 40
9 24
10 82
10 18
10 34
11 87
12 61
12 79
13 34
14 64
14 34
14 74
14 79
14 80
14 17
14 60
14 61
15 34
15 61
16 34
18 75
18 79
18 87
18 58
19 66
19 68
19 33
19 38
19 54
19 55
19 24
19 28
19 63
21 34
21 38
21 74
21 82
21 60
21 61
22 52
23 24
24 33
24 41
24 27
25 38
26 79
26 45
26 77
26 47
26 87
26 57
26 27
26 61
26 30
27 79
28 35
28 79
28 55
29 79
31 61
33 79
33 61
33 87
34 64
34 43
34 70
34 77
34 61
34 48
34 81
34 83
34 84
34 38
34 74
34 51
35 61
36 60
37 61
38 61
39 61
40 61
41 61
42 61
42 78
42 87
43 82
43 79
44 79
45 74
45 79
46 61
47 87
47 79
47 61
49 61
50 82
52 61
53 87
53 61
53 78
53 79
56 87
57 61
59 61
60 68
61 62
61 73
61 74
61 75
61 77
61 78
61 79
61 80
61 82
61 84
61 85
61 87
64 82
64 74
65 79
69 79
71 82
72 79
73 75
74 84
74 87
75 79
79 80
79 87
82 86
