0 39
0 38
0 6
0 23
1 40
1 49
1 36
2 36
2 37
2 21
3 22
4 9
4 20
5 43
5 38
6 34
6 36
6 38
6 8
6 9
6 10
6 43
6 19
6 20
6 23
7 20
9 20
9 30
9 17
10 49
10 36
10 37
11 49
11 43
11 37
11 45
12 31
13 15
14 43
15 20
16 17
16 46
16 39
17 48
17 36
17 38
17 43
17 44
17 46
17 49
17 18
17 21
17 24
17 27
17 29
19 38
20 38
20 36
21 36
21 41
22 31
22 43
22 50
22 47
23 38
23 43
23 46
23 28
23 29
24 43
24 46
24 38
24 39
25 41
25 37
26 43
26 38
27 34
27 38
29 48
30 32
30 43
30 38
30 49
33 48
33 37
35 36
36 49
36 41
37 43
37 38
37 41
37 45
37 46
37 48
37 49
37 42
38 51
38 49
38 40
38 41
38 43
38 45
38 46
38 48
41 43
43 49
43 45
43 48
43 46
49 51
49 52
