0 84
1 2
1 132
1 7
1 9
1 10
1 45
1 84
1 119
1 120
3 120
3 99
3 63
4 84
5 56
5 28
5 124
6 80
6 8
6 67
6 124
7 114
7 11
7 44
8 27
8 84
8 71
9 28
10 104
10 20
10 46
10 78
11 31
11 111
11 47
11 99
12 114
13 34
14 114
14 85
14 45
15 34
15 67
15 39
16 120
16 84
17 132
17 45
17 18
17 84
17 85
17 120
17 28
18 132
18 101
18 71
18 108
18 78
18 50
18 84
18 27
18 31
19 132
19 101
19 117
19 120
19 68
19 63
20 68
20 44
20 77
20 82
20 120
20 132
21 43
22 111
23 107
23 67
24 68
24 83
24 84
24 78
24 79
25 28
26 97
27 34
27 37
27 105
27 107
27 84
28 78
28 63
29 51
29 94
30 132
30 84
31 67
31 132
31 101
31 104
31 76
31 108
31 46
31 107
31 84
31 118
31 89
31 57
31 124
32 35
32 84
33 132
34 65
34 132
34 69
34 75
34 114
34 84
35 132
35 38
35 70
35 74
35 43
35 84
35 55
35 120
35 124
35 94
36 67
36 101
36 78
37 120
39 65
39 99
39 97
39 75
39 108
39 111
39 84
40 132
40 106
40 108
40 120
40 115
40 88
41 107
42 84
42 45
43 128
43 89
43 85
45 132
45 72
45 114
45 84
45 78
45 120
46 70
46 120
46 83
46 84
46 88
47 67
48 107
49 124
50 128
50 124
52 107
53 78
54 120
54 78
55 120
55 128
55 68
55 101
56 84
57 64
57 81
57 111
58 120
58 72
58 84
59 132
60 107
61 132
62 124
63 68
63 84
63 132
63 93
65 107
65 67
66 84
67 123
67 121
67 129
67 127
67 78
67 84
67 88
67 111
67 90
67 92
68 101
68 72
68 108
68 120
70 104
70 124
70 84
71 124
72 84
72 101
73 84
74 84
75 107
78 101
78 124
78 110
78 109
78 120
78 132
79 104
79 84
80 106
80 101
84 131
84 132
84 86
84 88
84 91
84 98
84 101
84 102
84 104
84 107
84 108
84 110
84 113
84 118
84 120
85 128
85 116
87 104
88 132
88 107
89 132
89 118
91 120
92 107
92 108
93 120
95 107
96 132
98 132
98 118
99 107
99 118
100 120
100 132
101 102
101 120
101 124
102 120
102 132
103 120
106 115
107 108
107 111
107 115
108 124
108 111
110 132
111 120
112 120
114 128
114 132
120 132
120 124
120 125
120 126
122 132
125 132
126 132
128 130
128 132
