0 65
0 66
1 97
1 113
1 37
1 39
1 13
1 141
1 142
1 79
1 16
1 49
1 83
1 87
2 80
2 65
2 139
2 79
3 80
4 80
4 127
4 79
5 66
5 79
6 65
6 83
6 37
6 80
6 79
6 16
6 51
6 52
6 87
7 32
7 129
7 37
7 167
7 137
7 79
7 16
7 22
7 165
8 160
8 80
9 80
9 51
9 83
9 79
10 65
10 39
10 80
10 142
10 79
10 16
10 49
10 83
10 87
10 60
11 80
11 65
11 50
11 66
11 79
12 82
12 66
12 87
13 139
14 51
14 79
15 65
15 79
15 80
15 47
15 60
15 62
16 129
16 139
16 147
16 153
16 158
16 160
16 33
16 37
16 49
16 52
16 54
16 60
16 65
16 73
16 79
16 80
16 83
16 96
16 110
16 118
17 80
17 65
17 51
17 79
18 65
19 79
20 80
21 65
21 79
22 65
22 79
22 80
22 87
22 62
23 66
24 66
24 79
25 65
26 139
27 79
28 60
29 80
29 65
29 66
29 82
29 87
30 51
31 80
31 50
32 80
33 65
33 66
33 80
33 79
33 51
34 80
35 139
36 66
37 83
37 80
37 47
37 51
37 87
37 79
37 60
37 158
37 65
38 65
38 82
39 96
39 79
39 52
39 87
39 62
40 65
40 60
40 79
41 51
41 139
41 79
42 80
42 65
42 66
42 62
42 79
43 65
44 80
44 51
44 142
45 82
46 65
46 83
46 79
47 65
47 131
47 136
47 73
47 80
47 69
48 80
48 139
48 79
49 96
49 100
49 65
49 80
49 79
49 82
49 51
49 52
49 87
49 62
50 96
50 160
50 142
50 79
51 133
51 136
51 153
51 154
51 155
51 160
51 162
51 52
51 62
51 63
51 161
51 72
51 79
51 80
51 83
51 142
51 87
51 90
51 97
51 102
51 108
51 109
51 124
51 126
52 96
52 65
52 80
52 129
52 160
52 78
52 79
52 142
52 153
52 136
52 125
52 158
53 80
54 80
55 66
56 65
57 80
58 153
59 65
59 139
59 79
59 80
59 83
59 87
59 60
59 62
60 99
60 131
60 142
60 83
60 153
61 80
61 79
62 65
62 136
62 167
62 108
62 142
62 87
62 157
62 94
63 82
64 65
64 66
64 87
65 133
65 103
65 141
65 142
65 147
65 148
65 151
65 154
65 155
65 158
65 162
65 163
65 167
65 66
65 67
65 68
65 70
65 161
65 72
65 73
65 74
65 76
65 77
65 78
65 109
65 80
65 81
65 82
65 83
65 85
65 90
65 143
65 92
65 93
65 94
65 95
65 96
65 97
65 166
65 145
65 105
65 144
65 107
65 146
65 110
65 111
65 112
65 168
65 114
65 115
65 117
65 119
65 153
65 122
65 125
65 126
65 149
66 142
66 144
66 152
66 149
66 153
66 155
66 157
66 151
66 68
66 71
66 73
66 75
66 80
66 164
66 94
66 95
66 106
66 110
66 112
66 117
66 125
67 80
67 79
68 80
69 80
69 79
72 82
73 80
76 87
77 80
77 87
78 80
78 82
78 79
79 136
79 130
79 132
79 157
79 158
79 163
79 134
79 138
79 137
79 129
79 141
79 80
79 82
79 83
79 142
79 87
79 88
79 95
79 97
79 100
79 104
79 167
79 108
79 109
79 113
79 116
79 125
79 126
80 150
80 141
80 142
80 147
80 152
80 153
80 156
80 158
80 163
80 167
80 137
80 81
80 82
80 87
80 96
80 98
80 101
80 109
80 110
80 113
80 114
80 115
80 116
80 123
80 124
80 126
80 127
82 110
82 167
82 142
83 129
83 136
83 139
83 140
83 141
83 158
83 159
83 160
83 84
83 87
86 160
87 128
87 130
87 129
87 141
87 142
87 144
87 147
87 153
87 160
87 96
87 108
87 121
89 139
91 134
96 97
96 129
96 142
96 118
108 139
109 139
113 139
120 139
125 139
126 148
128 139
133 139
135 139
139 142
139 150
139 157
139 160
140 153
153 164
153 166
153 158
