0 1
0 2
0 3
0 4
0 1395
0 1498
0 1499
1 3
1 5
1 518
1 1391
1 1497
1 1498
2 4
2 5
2 654
2 788
2 398
2 986
2 1499
2 1498
3 4
3 5
3 6
3 7
3 1499
3 1182
4 5
4 6
4 7
4 8
5 6
5 7
5 8
5 427
5 1294
6 7
6 8
6 10
6 661
7 1474
7 8
7 10
7 280
8 9
8 10
8 12
8 726
8 253
9 1282
9 677
9 10
9 11
9 1465
9 508
10 11
10 12
10 13
10 14
11 1061
11 12
11 13
11 14
11 15
12 13
12 14
12 15
12 16
12 1294
13 1187
13 14
13 15
13 16
13 17
14 15
14 16
14 529
14 95
15 16
15 17
15 18
15 19
16 1447
16 17
16 19
16 1454
17 18
17 19
17 20
17 21
17 373
18 19
18 20
18 22
18 955
19 1267
19 20
19 21
19 22
19 23
20 560
20 21
20 22
20 23
21 288
21 22
21 23
21 24
21 25
22 704
22 857
22 23
22 24
22 25
23 24
23 25
23 26
23 666
24 316
24 1482
24 299
24 26
24 28
25 642
25 972
25 26
25 27
25 28
26 258
26 816
26 981
26 27
26 28
27 864
27 28
27 29
27 30
27 31
28 32
28 29
28 30
28 31
29 32
29 33
29 1414
29 1164
29 30
30 32
30 33
30 34
30 31
31 32
31 33
31 34
31 35
31 880
31 245
32 33
32 34
32 35
32 36
32 1018
33 35
33 36
33 37
33 461
33 90
34 35
34 36
34 37
34 38
34 626
34 1176
34 475
35 36
35 37
35 38
35 39
36 481
36 39
36 759
36 608
36 763
37 38
37 39
37 40
37 41
37 502
38 39
38 40
38 41
38 1292
38 766
39 40
39 41
39 42
39 43
39 1054
40 41
40 42
40 43
40 44
41 42
41 43
41 44
41 45
41 975
42 43
42 44
42 45
42 1167
42 1096
42 630
43 742
43 45
43 46
43 47
44 45
44 46
44 47
44 174
45 46
45 47
45 48
45 49
46 1488
46 47
46 48
46 49
46 50
46 1305
47 497
47 49
47 50
47 51
48 49
48 50
48 51
48 217
49 50
49 51
49 52
49 726
49 287
50 872
50 51
50 52
50 53
50 980
51 650
51 52
51 53
51 54
51 55
52 196
52 332
52 53
52 54
52 55
53 611
53 857
53 54
53 55
53 56
53 57
54 1154
54 55
54 56
54 255
55 224
55 304
55 141
55 911
55 1072
55 1202
55 56
55 656
55 59
56 1280
56 964
56 57
56 58
56 59
56 60
56 510
57 998
57 242
57 1269
57 59
57 60
57 61
58 817
58 747
58 60
58 61
59 358
59 81
59 60
59 61
59 62
59 63
60 64
60 704
60 537
60 61
60 63
61 64
61 65
61 1446
61 1409
61 568
61 62
62 66
62 1023
62 197
62 743
62 1016
62 63
63 64
63 65
63 66
63 67
63 1438
64 65
64 67
64 68
64 490
64 170
65 66
65 67
65 68
65 69
65 230
65 1488
65 1010
66 67
66 68
66 69
66 70
67 68
67 69
67 70
67 71
67 1375
68 69
68 70
68 71
68 72
69 70
69 71
69 72
69 967
69 399
69 216
69 761
70 72
70 73
70 74
70 760
71 72
71 74
71 936
71 343
71 1337
72 745
72 74
72 75
72 76
72 851
72 382
73 74
73 75
73 76
73 77
74 75
74 76
74 77
74 145
75 76
75 77
75 78
75 79
76 77
76 78
76 79
76 80
77 352
77 79
77 80
77 81
77 1298
77 778
78 1488
78 79
78 80
78 81
79 80
79 81
79 82
79 83
79 1277
80 422
80 81
80 82
80 84
81 82
81 83
81 84
82 83
82 84
82 85
82 86
83 513
83 84
83 86
83 87
83 1145
83 350
84 1347
84 85
84 86
84 87
84 88
85 1376
85 867
85 87
85 88
85 89
86 1031
86 113
86 87
86 90
87 88
87 89
87 90
87 91
88 864
88 807
88 89
88 91
88 92
89 90
89 91
89 92
89 93
90 254
90 91
90 92
90 93
90 94
91 258
91 92
91 94
91 95
92 96
92 161
92 93
92 95
93 96
93 97
93 394
93 401
93 658
93 1304
93 94
93 95
94 96
94 97
94 98
94 95
95 96
95 97
95 98
95 99
95 266
96 97
96 99
96 100
96 468
97 99
97 100
97 711
97 362
97 462
97 1326
98 99
98 100
98 101
98 102
99 100
99 101
99 102
99 103
100 101
100 102
100 103
100 104
101 102
101 103
101 104
101 105
101 457
102 103
102 104
102 105
102 106
102 613
103 105
103 106
103 107
103 1138
104 106
104 107
104 332
104 644
105 106
105 107
105 108
105 109
105 682
106 107
106 108
106 109
106 757
107 108
107 109
107 110
107 111
107 553
108 928
108 1136
108 109
108 111
108 112
108 659
109 110
109 111
109 112
109 921
109 287
110 577
110 111
110 112
110 113
110 114
111 899
111 112
111 113
111 114
111 115
112 163
112 113
112 114
112 115
112 116
112 124
113 865
113 114
113 115
113 116
113 117
113 665
114 1155
114 115
114 116
114 117
114 118
115 1008
115 706
115 117
115 118
115 119
115 600
116 807
116 117
116 119
116 120
117 118
117 119
117 120
117 121
118 119
118 120
118 121
118 122
119 1014
119 1494
119 120
119 121
119 122
119 123
120 543
120 121
120 122
120 123
120 154
120 383
121 122
121 123
121 125
121 638
122 201
122 123
122 124
122 125
122 126
123 999
123 697
123 299
123 1070
123 987
123 124
123 127
124 128
124 1221
124 562
124 125
124 1054
125 128
125 129
125 276
125 544
125 126
125 127
126 128
126 129
126 1260
126 127
127 128
127 129
127 131
127 754
128 129
128 130
128 132
128 220
128 213
129 482
129 131
129 132
129 133
130 569
130 738
130 132
130 214
131 132
131 133
131 135
131 1413
131 1356
131 978
132 133
132 134
132 135
132 136
132 1329
133 134
133 135
133 136
133 137
134 136
134 138
134 974
134 1364
134 1020
135 138
135 139
135 940
135 421
136 137
136 138
136 139
136 140
136 406
137 139
137 140
137 141
137 308
137 1148
138 1125
138 139
138 140
138 141
138 1200
139 931
139 140
139 142
139 143
139 1336
140 141
140 142
140 143
140 144
140 887
141 142
141 143
141 144
141 145
142 143
142 144
142 145
142 146
143 144
143 145
143 146
143 147
144 145
144 146
144 147
144 148
145 147
145 148
145 149
145 408
145 559
146 1447
146 147
146 149
146 150
147 769
147 148
147 149
147 151
147 696
147 1455
148 845
148 149
148 150
148 151
148 1340
149 150
149 151
149 152
149 153
150 151
150 152
150 153
150 154
151 691
151 1457
151 153
151 154
151 155
151 1466
152 164
152 153
152 154
152 155
152 156
153 154
153 155
153 156
153 157
154 384
154 194
154 519
154 155
155 540
155 156
155 157
155 158
156 1171
156 157
156 158
156 159
157 160
157 161
157 158
157 159
158 160
158 162
158 549
158 1095
158 721
158 661
158 159
159 160
159 161
159 162
159 353
159 880
160 161
160 162
160 163
160 164
160 619
160 304
161 162
161 163
161 164
161 165
162 163
162 165
162 166
162 1006
162 436
162 378
163 164
163 165
163 167
163 1197
164 166
164 167
164 168
165 167
165 169
165 332
165 1395
165 1241
166 1313
166 167
166 168
166 170
166 879
166 884
166 1047
167 168
167 169
167 170
167 317
168 169
168 170
168 171
168 1348
169 170
169 171
169 172
169 173
170 171
170 173
170 174
171 172
171 173
171 174
171 175
172 1221
172 173
172 174
172 176
172 285
173 174
173 175
173 369
173 1398
173 347
173 1181
174 177
174 178
174 1260
174 1461
175 1280
175 177
175 178
175 179
176 964
176 177
176 178
176 180
176 1306
177 178
177 179
177 180
177 181
178 845
178 179
178 180
178 182
179 364
179 180
179 182
179 183
180 181
180 182
180 183
180 184
181 960
181 1170
181 307
181 183
181 185
181 1466
182 183
182 184
182 185
182 186
183 184
183 185
183 186
183 187
184 185
184 186
184 187
184 188
185 1123
185 187
185 188
185 189
186 212
186 187
186 188
186 189
187 872
187 188
187 189
187 191
188 192
188 1022
188 189
188 190
188 191
189 192
189 193
189 1253
189 330
189 190
189 191
190 192
190 193
190 194
190 1066
190 191
191 192
191 193
191 194
191 195
191 876
191 882
192 193
192 194
192 195
192 196
193 195
193 196
193 1324
193 675
193 1110
194 195
194 197
194 1042
195 196
195 198
195 199
195 1184
195 948
195 572
196 199
196 200
196 910
196 1014
197 198
197 201
197 925
197 349
198 1126
198 199
198 200
198 201
198 455
198 1099
199 200
199 202
199 203
199 216
200 201
200 202
200 203
200 204
200 301
200 393
201 1100
201 202
201 204
202 1156
202 204
202 206
202 1457
203 1285
203 204
203 205
203 206
203 207
203 1437
204 206
204 207
204 208
204 649
205 545
205 206
205 208
205 209
205 1374
206 512
206 208
206 209
206 210
207 1127
207 208
207 209
207 211
208 209
208 210
208 211
208 212
209 210
209 211
209 212
209 213
210 214
210 211
210 1110
210 1240
211 1351
211 212
211 213
211 214
211 215
212 213
212 214
212 215
212 216
213 431
213 214
213 215
213 217
214 644
214 215
214 216
214 217
214 218
215 216
215 217
215 218
215 219
215 892
216 452
216 1065
216 218
216 1018
217 1091
217 218
217 219
217 220
217 221
218 756
218 858
218 220
218 285
218 222
219 898
219 759
219 220
219 221
220 224
220 423
220 1449
220 223
221 224
221 225
221 1154
221 328
221 222
221 223
222 224
222 225
222 226
222 223
223 224
223 225
223 226
223 227
224 225
224 226
224 228
224 313
225 226
225 227
225 228
225 229
225 876
225 323
226 546
226 228
226 229
226 1054
226 1376
226 830
227 228
227 229
227 230
227 231
227 1448
228 229
228 230
228 232
228 1413
229 230
229 231
229 232
229 233
230 231
230 232
230 233
230 1107
230 1431
231 1383
231 232
231 233
231 234
231 235
232 233
232 234
232 235
232 236
233 234
233 235
233 236
233 237
234 1220
234 235
234 237
234 238
235 236
235 238
235 239
235 415
236 1259
236 237
236 238
236 240
236 562
236 502
236 1084
237 238
237 239
237 240
237 241
238 239
238 240
238 241
238 1362
239 1035
239 240
239 241
239 243
239 410
240 673
240 1192
240 241
240 243
240 244
241 242
241 243
241 244
241 245
241 283
242 243
242 244
242 246
243 998
243 359
243 244
243 245
243 246
243 1279
244 1331
244 654
244 1012
244 245
244 248
245 866
245 247
245 248
246 430
246 1398
246 247
246 249
246 250
247 248
247 249
247 250
247 251
247 917
248 646
248 249
248 250
248 251
249 450
249 250
249 251
249 252
249 253
250 975
250 251
250 252
250 254
250 1401
251 695
251 507
251 252
251 253
251 255
252 256
252 253
252 254
252 255
253 257
253 1409
253 1497
253 472
254 257
254 258
254 255
255 256
255 257
255 258
255 259
255 597
256 257
256 258
256 259
256 260
256 609
256 769
257 258
257 259
257 260
257 261
258 260
258 261
258 1173
258 901
259 260
259 261
259 263
259 1209
260 261
260 262
260 263
260 264
261 262
261 263
261 265
261 580
262 263
262 264
262 265
262 266
262 1017
262 505
263 264
263 265
263 267
263 760
263 890
263 1373
264 265
264 266
264 267
264 268
265 266
265 267
265 268
265 725
266 267
266 269
266 488
267 268
267 269
267 270
267 271
268 269
268 270
268 271
268 272
269 270
269 271
269 272
269 273
270 1376
270 897
270 653
270 272
270 273
270 405
271 1072
271 272
271 273
271 274
271 275
272 273
272 274
272 275
272 276
273 963
273 274
273 275
273 276
273 277
274 1320
274 1033
274 275
274 276
274 277
275 276
275 277
275 278
275 279
276 1195
276 277
276 278
277 1057
277 278
277 279
277 281
278 779
278 461
278 280
278 282
279 280
279 281
279 282
279 283
280 282
280 283
280 284
280 349
281 1303
281 282
281 283
281 284
281 285
282 1356
282 283
282 284
282 286
283 443
283 284
283 285
283 286
284 288
284 328
284 684
284 588
284 1044
284 285
284 286
285 288
285 289
285 951
285 858
285 287
286 289
286 290
286 1211
286 521
286 287
287 288
287 1217
287 1280
288 289
288 291
288 1277
288 607
289 290
289 291
289 292
289 293
289 341
290 291
290 292
290 293
290 294
291 292
291 293
291 294
291 295
292 293
292 294
292 296
292 1331
293 294
293 296
293 962
293 982
294 295
294 296
294 297
294 501
295 296
295 297
295 298
295 299
296 297
296 298
296 300
296 1399
297 994
297 1188
297 298
297 299
297 300
298 486
298 300
298 301
298 982
298 446
299 300
299 302
299 303
300 1443
300 301
300 303
300 304
300 508
301 491
301 302
301 304
301 380
302 303
302 304
302 305
302 306
303 304
303 305
303 307
303 504
304 981
304 1199
305 306
305 307
305 308
305 309
306 307
306 309
306 310
306 1461
307 883
307 308
307 309
307 311
308 1163
308 309
308 310
308 312
308 1373
309 974
309 311
309 312
309 313
310 939
310 530
310 591
310 311
310 313
311 361
311 312
311 313
311 314
311 315
312 313
312 314
312 316
312 922
312 725
313 906
313 314
313 315
313 317
314 349
314 949
314 505
314 317
314 318
315 316
315 317
315 318
315 319
316 807
316 317
316 318
316 319
317 320
317 321
317 318
317 319
318 320
318 321
318 322
318 960
318 1142
318 952
318 319
319 320
319 321
319 322
319 323
319 1314
320 321
320 322
320 518
320 786
321 322
321 323
321 324
321 325
322 323
322 324
322 326
322 1118
323 324
323 326
323 327
324 325
324 326
324 327
324 328
325 326
325 1158
325 327
325 328
326 329
326 546
326 366
326 943
326 772
327 328
327 329
327 330
327 331
327 794
328 330
328 332
329 332
329 330
329 1228
329 333
330 331
330 332
330 333
330 1016
331 332
331 333
331 335
331 1365
331 1115
332 1058
332 909
332 334
332 335
332 336
333 334
333 335
333 336
333 337
334 335
334 336
334 337
334 338
334 692
334 765
335 336
335 337
335 338
335 339
335 1337
336 816
336 337
336 338
336 339
336 340
336 475
337 338
337 339
337 340
337 341
338 339
338 340
338 341
338 342
338 858
339 340
339 341
339 342
339 343
340 482
340 341
340 342
340 343
340 1400
340 1051
341 1207
341 342
341 343
341 344
342 375
342 343
342 344
342 345
343 1240
343 344
343 345
343 347
344 587
344 345
344 347
344 348
345 406
345 346
345 347
345 349
346 688
346 1138
346 347
346 348
346 350
347 1431
347 348
347 861
347 350
347 351
348 352
348 349
348 350
348 351
349 352
349 1476
349 436
349 1268
350 354
350 483
350 391
350 669
350 351
351 352
351 353
351 354
351 355
351 418
351 1073
352 640
352 353
352 354
352 355
353 357
353 905
353 1464
353 986
353 1086
354 355
354 356
354 357
354 358
354 885
355 356
355 357
355 358
355 359
355 1113
356 677
356 359
356 360
356 357
357 360
357 361
357 1393
357 996
358 359
358 361
358 362
359 360
359 361
359 362
359 363
360 1090
360 361
360 362
360 364
361 362
361 363
361 364
362 363
362 364
362 365
362 366
362 1364
363 967
363 364
363 365
363 366
363 527
363 687
363 990
364 556
364 365
364 366
364 367
364 368
365 1281
365 930
365 366
365 367
365 368
365 1179
366 1058
366 368
366 369
366 370
367 368
367 369
367 370
367 371
368 672
368 369
368 370
368 371
369 496
369 1286
369 370
369 371
369 373
370 371
370 372
370 373
370 831
371 997
371 429
371 372
371 373
371 374
371 375
372 963
372 375
372 373
372 1335
373 1269
373 375
373 376
373 377
374 599
374 377
374 378
374 375
375 739
375 662
375 376
375 377
375 378
376 1377
376 1379
376 377
376 379
376 380
377 1329
377 378
377 379
377 381
378 379
378 380
378 381
379 962
379 1403
379 380
379 382
379 383
380 384
380 919
380 381
380 382
380 383
381 384
381 403
381 382
381 383
382 384
382 385
382 386
382 755
382 383
383 384
383 385
383 386
383 387
383 1124
384 385
384 386
384 388
384 1232
385 386
385 387
385 388
385 389
386 387
386 388
386 389
386 390
387 388
387 389
387 390
387 391
388 389
388 390
388 392
388 808
388 712
389 390
389 391
389 392
389 393
389 1434
390 1382
390 391
390 392
390 393
390 394
390 514
391 394
391 395
391 1298
391 574
391 888
392 393
392 394
392 395
392 396
392 717
392 780
393 395
393 397
394 395
394 397
394 398
394 1181
394 500
395 396
395 397
395 398
395 399
395 1180
396 397
396 398
396 399
396 400
397 398
397 399
397 400
397 401
398 814
398 399
398 400
398 402
398 1237
399 400
399 402
399 910
400 402
400 403
400 404
400 1174
401 405
401 652
401 404
402 1072
402 403
402 404
402 405
403 404
403 405
403 406
403 407
404 523
404 405
404 406
404 407
404 408
404 922
405 1386
405 408
405 409
406 407
406 408
406 410
407 902
407 409
407 410
407 411
408 409
408 410
408 411
408 412
409 1122
409 456
409 1273
409 1146
409 411
409 412
410 1495
410 411
410 413
410 414
411 1296
411 1339
411 412
411 413
411 414
411 415
412 416
412 695
412 413
412 414
412 415
413 416
413 494
413 414
413 415
414 417
414 418
414 586
414 671
414 633
414 415
415 416
415 417
415 418
415 1352
416 417
416 419
416 420
416 498
416 1304
417 418
417 419
417 420
417 421
417 1272
418 420
418 421
418 422
418 808
419 421
419 422
419 423
419 1425
420 421
420 422
420 423
420 424
421 422
421 424
421 425
421 423
422 423
422 424
422 425
422 426
422 563
423 424
423 425
423 426
423 427
424 425
424 426
424 427
424 428
425 426
425 427
425 428
425 429
425 1393
426 427
426 428
426 429
426 430
427 1131
427 429
427 430
427 788
428 781
428 430
428 431
428 432
429 430
429 431
429 1177
430 431
430 432
430 433
430 434
431 963
431 433
431 435
432 1225
432 907
432 433
432 434
433 435
433 436
433 437
433 1342
433 1151
434 772
434 817
434 435
434 438
435 436
435 437
435 438
435 439
435 1179
436 452
436 1254
436 437
436 438
436 439
437 438
437 439
437 441
437 764
438 548
438 645
438 971
438 439
438 442
438 479
439 440
439 441
439 1467
439 1052
440 441
440 442
440 443
440 1310
441 442
441 443
441 444
441 445
442 1354
442 1496
442 443
442 444
442 445
442 446
443 444
443 445
443 1215
444 448
444 891
444 445
444 446
445 448
445 449
445 1289
445 446
445 447
446 448
446 449
446 450
446 598
446 633
447 1128
447 449
447 450
447 1036
448 449
448 450
448 451
448 1185
448 607
449 450
449 451
449 452
449 453
449 1242
450 451
450 453
450 454
451 452
451 453
451 1447
451 946
451 565
452 1094
452 454
452 456
453 454
453 455
453 456
453 457
454 455
454 456
454 458
454 1483
454 1416
455 457
455 458
455 459
456 458
456 459
456 460
457 578
457 458
457 459
457 461
458 459
458 460
458 461
458 462
458 1329
459 1347
459 461
459 462
459 1170
460 461
460 462
460 463
460 464
460 506
460 829
461 770
461 462
461 463
461 464
462 463
462 464
462 465
462 466
463 464
463 465
463 466
463 467
463 1460
463 691
464 717
464 779
464 465
464 466
464 467
465 966
465 683
465 466
465 467
465 469
466 1107
466 557
466 467
466 468
467 468
467 469
467 470
467 471
467 637
468 1475
468 503
468 472
468 1337
468 989
469 1034
469 471
469 472
469 473
470 1345
470 937
470 471
470 663
470 472
470 473
470 474
471 472
471 473
471 474
471 475
472 778
472 473
472 474
472 475
472 476
473 474
473 475
473 476
473 477
474 1429
474 475
474 476
474 477
475 476
475 479
476 480
476 904
476 477
476 478
476 479
477 480
477 481
477 478
477 479
478 481
478 482
478 1414
478 479
479 480
479 481
479 483
479 1031
480 481
480 483
480 869
480 1217
480 1388
481 482
481 483
481 485
481 1194
481 484
482 483
482 485
482 486
482 1451
483 484
483 486
483 487
484 485
484 486
484 487
484 488
485 486
485 488
485 489
485 1258
485 1046
485 1246
486 487
486 488
486 489
486 1355
486 490
487 488
487 489
487 490
487 491
487 1214
488 489
488 491
488 492
488 984
488 490
489 490
489 491
489 492
489 493
490 812
490 491
490 492
490 493
490 494
491 493
491 494
491 495
492 1253
492 876
492 493
492 494
492 495
493 1000
493 495
493 496
493 1083
494 495
494 496
494 497
494 498
495 775
495 497
495 498
495 499
496 497
496 498
496 499
496 500
497 1347
497 498
497 499
497 501
498 1416
498 500
498 501
498 502
499 1329
499 941
499 501
499 502
499 503
500 1126
500 717
500 501
500 502
500 503
500 606
501 801
501 1351
501 1008
501 502
501 504
502 503
502 505
503 559
503 529
503 505
503 506
503 1083
504 1099
504 505
504 506
504 507
504 508
505 509
505 1009
505 506
505 508
506 1175
506 507
506 508
506 510
507 562
507 508
507 509
507 511
508 512
508 1459
508 510
508 511
509 512
509 513
509 1311
509 1331
509 696
509 511
510 513
510 514
510 1332
511 512
511 513
511 514
511 515
512 513
512 515
512 516
512 1003
512 1402
513 515
513 517
513 1372
514 1275
514 517
514 518
514 1329
515 516
515 517
515 518
515 519
516 517
516 518
516 519
516 520
517 518
517 519
517 520
517 521
518 520
518 521
518 522
518 721
518 563
519 520
519 521
519 522
519 523
519 1458
520 521
520 522
520 523
520 524
521 1089
521 522
521 523
521 524
521 525
521 851
521 966
522 740
522 523
522 524
522 526
522 1117
523 524
523 525
523 527
524 834
524 527
524 528
524 1400
525 551
525 527
525 528
525 529
525 1179
526 528
526 529
526 530
526 527
527 528
527 530
527 531
528 529
528 530
528 531
528 532
529 1456
529 530
529 531
529 532
529 533
530 534
530 1224
530 533
530 1311
531 1160
531 532
531 533
531 534
531 535
531 783
532 534
532 535
532 536
532 1085
533 1350
533 591
533 629
533 534
533 535
533 536
534 626
534 535
534 536
534 628
534 1471
535 536
535 537
535 538
535 539
536 537
536 538
536 539
536 540
537 930
537 538
537 539
538 539
538 540
538 541
538 542
539 1496
539 540
539 542
539 543
540 544
540 685
540 858
540 542
540 543
541 544
541 607
541 542
541 543
542 544
542 545
542 546
542 543
543 544
543 545
543 546
544 545
544 546
544 548
545 546
545 547
545 548
545 662
546 547
546 548
546 549
546 550
546 1284
547 548
547 551
547 882
547 852
547 793
548 549
548 550
548 552
548 1104
549 551
549 552
549 553
550 551
550 552
550 553
550 1493
551 552
551 553
551 554
551 555
551 1271
552 553
552 1290
552 555
552 556
553 554
553 556
553 557
553 1403
554 556
554 557
554 558
554 873
555 556
555 557
555 558
555 559
555 1363
556 557
556 559
556 560
557 1165
557 559
557 561
557 795
558 717
558 559
558 560
558 561
558 562
558 1370
559 561
559 560
559 562
560 614
560 561
560 562
560 563
560 564
561 1299
561 1099
561 562
561 563
561 564
561 565
562 563
562 566
563 865
563 565
563 566
563 567
564 565
564 566
564 567
564 568
565 865
565 566
565 567
565 568
566 1281
566 752
566 567
566 890
567 1260
567 568
567 569
567 571
567 1277
568 569
568 571
568 572
569 570
569 571
569 572
569 573
570 1130
570 571
570 572
570 573
570 574
571 1190
571 1160
571 1183
571 573
571 574
571 575
572 576
572 934
572 574
572 575
573 576
573 989
573 574
573 575
574 576
574 577
574 1186
574 803
574 575
575 576
575 577
575 579
575 1356
575 1139
576 577
576 578
576 579
576 580
577 578
577 579
577 581
578 580
578 581
578 582
579 580
579 581
579 583
579 622
580 582
580 583
580 584
580 998
581 896
581 583
581 584
581 1255
581 635
582 583
582 584
582 585
582 586
582 846
583 584
583 585
583 586
583 587
584 835
584 585
584 586
584 587
584 588
585 587
585 588
585 589
585 885
586 587
586 588
586 589
586 590
587 588
587 589
587 590
587 591
588 589
588 590
588 591
588 592
589 590
589 591
589 592
589 593
590 591
590 592
590 593
590 594
591 592
591 594
591 595
592 593
592 594
592 595
592 1083
593 781
593 594
593 595
593 597
594 595
594 596
594 597
594 598
595 596
595 597
595 598
595 599
596 714
596 597
596 598
596 599
596 600
597 1198
597 598
597 600
597 601
598 599
598 600
598 601
599 1262
599 600
599 601
599 1308
600 602
600 1276
600 826
601 602
601 603
601 604
601 605
602 1211
602 603
602 604
602 605
602 606
603 1017
603 604
603 606
603 607
604 608
604 1472
604 605
604 607
605 608
605 609
605 1100
605 606
606 608
606 610
606 1243
606 1009
606 984
606 607
607 610
607 611
608 609
608 610
608 611
608 612
609 610
609 611
609 612
610 611
610 612
610 613
610 614
610 857
611 612
611 613
611 614
611 722
612 613
612 614
612 615
612 616
613 614
613 616
613 681
613 1213
614 615
614 617
614 761
615 616
615 617
615 618
615 619
616 1440
616 617
616 619
616 1150
616 1087
617 618
617 619
617 620
617 621
618 619
618 620
618 621
618 622
618 753
619 620
619 621
619 623
619 1461
620 621
620 622
620 623
620 624
620 786
620 1147
621 998
621 622
621 623
621 625
621 1449
621 1182
622 623
622 624
622 625
622 626
623 624
623 625
623 626
623 723
623 1390
623 1495
624 1062
624 625
624 626
624 627
624 628
624 1433
625 626
625 627
625 628
625 629
626 630
626 627
626 629
627 1138
627 628
627 630
627 631
628 629
628 630
628 631
628 632
629 630
629 631
629 632
629 633
630 631
630 633
630 634
631 1216
631 632
631 633
631 634
631 635
631 1438
632 914
632 633
632 634
632 636
633 1214
633 634
634 1489
634 635
634 636
634 637
634 638
635 636
635 637
635 638
635 639
636 640
636 928
636 775
636 637
636 639
637 641
637 870
637 639
638 640
638 641
638 642
638 639
639 640
639 641
639 770
639 643
639 956
640 641
640 642
640 643
640 644
640 1485
641 642
641 643
641 644
641 645
642 643
642 644
642 645
642 938
643 644
643 646
643 848
643 759
644 645
644 646
644 648
645 646
645 647
645 648
645 649
646 647
646 648
646 649
646 650
647 648
647 650
647 651
647 1168
648 649
648 650
648 651
648 652
648 1330
649 1097
649 650
649 651
649 653
650 651
650 653
650 654
651 652
651 653
651 654
651 655
652 836
652 653
652 654
652 655
652 656
653 654
653 655
653 656
653 657
654 1355
654 656
654 657
654 658
655 656
655 657
655 658
655 659
656 657
656 658
656 659
657 1190
657 659
657 660
657 661
657 1295
658 1028
658 659
658 662
659 925
659 1266
659 661
659 1263
659 797
660 1378
660 661
660 662
660 663
661 663
661 664
661 665
662 1163
662 1384
662 813
662 663
662 664
662 665
662 666
663 742
663 666
663 667
664 667
664 666
664 1499
664 668
665 1320
665 1011
665 668
665 895
666 667
666 668
666 669
666 670
667 668
667 669
667 670
667 671
668 672
668 1318
668 670
668 671
669 673
669 1149
669 670
669 671
670 673
670 674
670 1033
670 671
671 673
671 674
671 675
672 1345
672 674
672 676
672 1255
672 1314
673 674
673 677
673 785
674 675
674 676
674 677
674 1161
674 1169
675 676
675 677
675 678
675 679
676 1220
676 677
676 679
676 680
676 1098
677 678
677 679
677 680
677 681
678 679
678 680
678 681
678 682
679 1026
679 681
679 682
679 683
679 1290
680 681
680 682
680 683
680 684
681 682
681 684
681 685
682 683
682 684
682 686
683 1449
683 685
683 687
684 1442
684 685
684 686
684 953
685 686
685 687
685 688
686 901
686 688
686 689
686 690
687 689
687 690
687 691
688 689
688 691
688 692
689 690
689 691
689 692
689 693
689 1012
689 1372
690 691
690 692
690 693
690 694
690 1022
691 1227
691 693
692 694
692 695
692 696
693 729
693 694
693 695
693 696
693 697
694 743
694 695
694 696
694 697
695 699
695 696
695 698
696 698
696 700
697 1026
697 1481
697 699
697 700
698 1417
698 777
698 700
698 701
698 702
699 700
699 1174
699 1212
699 702
700 704
700 701
700 702
700 703
701 704
701 1189
701 702
701 703
702 704
702 706
702 1404
702 1227
702 791
702 703
703 704
703 705
703 706
703 707
704 705
704 707
704 708
704 853
705 706
705 707
705 708
705 709
706 707
706 708
706 709
707 708
707 709
707 710
707 711
707 935
708 709
708 710
708 711
708 712
709 1126
709 710
709 711
709 712
709 713
710 712
710 713
710 714
710 949
711 712
711 714
711 1004
711 765
712 1384
712 713
712 715
712 915
713 1254
713 1252
713 715
713 716
713 717
714 715
714 716
714 718
715 716
715 717
715 718
715 719
716 717
716 718
716 719
716 720
718 719
718 720
718 721
718 722
719 1195
719 720
719 721
719 722
719 723
720 721
720 722
720 723
720 724
721 944
721 725
722 1320
722 723
722 726
723 725
723 726
723 727
724 728
724 725
724 726
724 727
725 728
725 726
725 727
726 1027
726 1392
726 727
726 728
726 729
726 730
727 728
727 729
727 730
727 731
728 729
728 730
728 731
728 732
729 730
729 731
729 732
730 731
730 732
730 733
730 734
731 1483
731 732
731 734
731 735
732 736
732 1185
732 1108
732 733
733 736
733 737
733 734
733 735
734 736
734 737
734 738
734 735
735 736
735 737
735 739
735 1462
735 1244
736 737
736 738
736 739
736 740
736 1455
737 738
737 739
737 740
737 741
737 1128
738 739
738 740
738 741
738 742
738 1152
738 1237
739 741
739 742
739 743
739 1107
740 743
740 744
740 751
741 742
741 743
741 744
741 1354
742 743
742 744
742 745
742 746
742 1228
743 744
743 745
743 746
743 747
744 745
744 746
744 747
744 748
745 747
745 748
745 749
746 747
746 748
746 749
746 750
747 748
747 749
747 750
747 751
748 749
748 750
748 751
748 752
748 824
748 792
748 1115
749 1099
749 1009
749 752
749 753
750 1159
750 751
750 752
750 753
750 754
751 1010
751 753
751 754
751 1237
751 1247
752 962
752 1068
752 754
752 755
753 1424
753 754
753 755
753 757
754 1348
754 757
754 758
754 1400
755 756
755 757
755 759
756 760
756 757
756 758
757 758
757 759
757 760
757 761
758 759
758 760
758 1273
758 762
759 1410
759 1171
759 761
759 762
760 761
760 762
760 763
761 762
761 763
761 1493
762 1086
762 764
762 765
762 766
763 1293
763 766
763 767
764 768
764 1019
764 766
764 767
765 768
765 769
765 766
766 768
766 769
766 1018
767 768
767 769
767 770
767 771
768 769
768 770
768 771
768 772
769 770
769 772
769 773
770 771
770 772
770 774
771 773
771 774
771 775
771 817
772 773
772 775
772 776
772 950
772 774
772 1087
773 774
773 775
773 776
773 777
773 1202
774 775
774 776
774 1154
774 1168
775 776
775 777
775 778
775 779
775 1027
776 777
776 778
776 779
776 780
777 778
777 779
777 780
778 779
778 782
779 1445
779 1131
779 910
779 783
779 1299
779 1402
780 783
780 784
780 1300
780 890
781 785
781 782
781 783
781 1371
782 784
782 785
782 786
782 947
783 784
783 786
783 787
784 786
784 787
784 788
784 1213
785 1185
785 786
785 787
785 788
785 789
786 788
786 1486
786 790
787 1217
787 823
787 788
787 789
787 790
787 791
788 789
788 790
788 791
789 1323
789 790
789 792
789 793
789 1341
790 791
790 792
790 793
790 794
791 821
791 792
791 794
791 795
792 793
792 794
792 796
793 794
793 795
793 796
793 797
794 835
794 1324
794 796
794 797
795 937
795 1499
795 796
795 797
795 798
795 799
796 800
796 1437
796 798
796 799
797 800
797 801
797 1401
797 798
797 799
798 800
798 801
798 802
798 799
799 800
799 801
799 802
799 803
800 801
800 802
800 803
800 804
800 1470
801 803
801 804
801 805
801 842
802 803
802 804
802 805
802 806
803 804
803 805
803 806
803 807
804 805
804 806
804 807
804 808
805 806
805 807
805 808
805 809
806 807
806 808
806 809
806 810
807 808
807 810
807 811
808 810
808 812
809 810
809 811
809 812
809 813
810 811
810 812
810 814
810 862
811 812
811 813
811 815
811 1366
811 954
812 1091
812 814
812 816
813 814
813 816
813 1010
814 978
814 816
814 818
815 816
815 817
815 818
815 819
816 818
816 819
816 820
817 818
817 820
817 821
817 1301
818 1360
818 1133
818 819
818 820
818 821
819 820
819 821
819 822
819 823
820 1056
820 1285
820 821
820 823
820 828
821 823
821 822
821 824
821 825
822 913
822 823
822 824
822 825
822 826
823 825
823 826
823 827
824 825
824 826
824 827
825 954
825 1330
825 826
825 829
826 1452
826 827
826 828
826 829
826 830
827 828
827 829
827 830
827 831
828 832
828 1257
828 829
828 830
829 832
829 833
829 1299
829 831
830 832
830 834
830 1074
831 832
831 833
831 1425
831 945
832 833
832 834
832 836
832 973
833 834
833 835
833 836
833 837
834 835
834 836
834 837
834 838
834 943
835 836
835 839
835 919
836 837
836 838
836 839
836 1338
837 838
837 839
837 840
837 841
838 839
838 840
838 841
838 842
839 840
839 841
839 842
839 843
840 841
840 843
840 844
840 1400
840 860
841 842
841 843
841 844
841 845
842 843
842 844
842 845
842 846
842 1118
843 844
843 845
843 846
843 847
843 1352
844 845
844 846
844 847
844 848
845 846
845 847
845 848
845 849
846 847
846 848
846 849
847 848
847 849
847 850
847 851
848 849
848 850
848 851
848 852
849 1040
849 850
849 851
849 852
849 853
850 851
850 852
850 853
850 890
850 1071
851 1319
851 853
852 853
852 854
852 856
853 1235
853 854
853 855
853 856
854 855
854 1303
854 856
854 857
855 945
855 1393
855 856
855 857
855 859
856 1366
856 857
856 858
856 859
856 860
857 858
858 860
858 861
859 860
859 861
859 862
859 863
860 864
860 861
860 862
860 863
861 864
861 865
861 916
861 862
862 864
862 865
862 866
862 863
863 864
863 865
863 866
863 867
864 865
864 867
865 1192
865 1135
865 919
866 868
866 869
866 870
866 1003
866 1103
867 869
867 870
867 871
867 1267
867 1212
868 872
868 869
868 870
868 871
869 872
869 873
869 1323
869 1470
870 871
870 873
870 874
870 1433
871 872
871 873
871 874
871 975
872 874
872 875
872 876
873 875
873 876
873 877
873 874
874 1376
874 875
874 876
874 877
874 878
875 876
875 877
875 878
875 879
876 878
876 880
877 878
877 879
877 880
877 881
878 879
878 880
878 881
878 1359
879 1163
879 1156
879 880
879 883
880 1472
880 882
880 884
880 1326
881 882
881 883
881 884
881 885
882 1288
882 884
882 885
882 886
883 884
883 885
883 886
884 1421
884 885
884 886
884 888
885 1490
885 887
885 888
885 889
886 1074
886 887
886 888
886 889
886 890
887 1427
887 889
887 890
887 891
888 1180
888 1193
888 889
888 891
888 892
889 890
889 891
889 892
889 893
890 892
890 893
890 894
891 892
891 1234
891 893
891 894
892 896
892 893
892 895
893 896
893 897
893 1443
893 1237
893 1082
893 895
894 897
894 898
894 1159
894 1198
895 897
895 898
895 899
895 1112
896 897
896 899
896 900
896 993
896 946
897 898
897 900
897 901
897 1186
898 899
898 900
898 901
898 902
899 900
899 902
899 1352
900 901
900 902
900 903
900 904
901 902
901 903
901 904
902 903
902 904
902 905
902 906
903 904
903 905
903 906
903 907
903 1407
904 905
904 906
904 907
904 1205
904 959
905 906
905 907
905 908
905 909
905 1367
906 907
906 908
906 909
907 908
907 909
907 910
907 911
908 1190
908 911
908 912
908 1080
909 1344
909 1188
909 910
909 911
909 912
910 911
910 912
910 913
911 912
911 913
911 914
912 913
912 914
912 915
912 916
913 914
913 915
913 916
914 963
914 915
914 916
914 918
915 1447
915 916
915 917
915 918
915 919
916 996
916 1381
916 917
916 918
916 920
917 918
917 919
917 921
917 1341
918 919
918 920
918 921
918 922
919 1287
919 920
919 921
920 1101
920 921
920 922
920 923
920 924
921 922
921 923
921 925
922 923
922 924
922 926
923 924
923 925
923 926
923 927
924 928
924 925
924 926
924 927
925 928
925 929
925 926
925 927
926 928
926 929
926 930
926 998
926 927
927 928
927 929
927 930
927 931
928 930
928 931
929 930
929 931
929 932
929 933
930 932
930 1190
930 934
931 932
931 933
931 934
931 935
932 933
932 934
932 935
932 936
933 934
933 935
933 936
933 937
934 936
934 938
934 1288
935 936
935 937
935 938
936 937
936 938
936 940
936 1145
937 939
937 1429
937 1174
938 939
938 940
938 942
938 1055
939 940
939 941
939 942
939 943
940 941
940 942
940 943
940 944
941 1254
941 943
941 944
941 945
942 943
942 944
942 945
942 946
943 1457
943 946
943 947
943 988
944 1253
944 946
944 947
944 948
945 946
945 947
945 949
946 950
946 1402
946 1023
947 948
947 949
947 950
947 951
948 949
948 951
948 952
949 1187
949 950
949 951
949 952
949 953
950 951
950 953
950 954
951 953
951 954
951 955
952 953
952 954
952 955
953 954
953 955
953 956
954 955
954 956
954 958
955 956
955 957
955 958
955 959
956 960
956 1284
956 957
956 959
957 960
957 961
957 958
957 959
958 960
958 961
958 962
958 1378
958 959
959 960
959 961
959 962
960 962
960 963
960 1113
960 987
961 963
961 965
961 1032
961 972
961 1128
962 963
962 964
962 965
963 965
963 966
963 967
964 992
964 1344
964 966
964 968
965 966
965 967
965 968
965 969
966 967
966 968
966 969
967 968
967 969
967 971
968 969
968 970
968 971
968 972
969 971
969 972
969 973
969 1453
969 1276
969 1310
970 1025
970 971
970 973
970 1465
971 972
971 974
971 975
971 1196
972 973
972 974
972 1416
972 1307
973 1024
973 974
973 975
973 976
973 977
974 1091
974 975
974 977
974 978
975 977
975 978
976 977
976 978
976 979
976 980
977 978
977 979
977 980
977 981
978 1395
978 979
978 982
978 1399
979 980
979 981
979 982
979 983
980 1357
980 981
980 982
980 983
980 984
981 1392
981 982
981 983
981 984
981 985
982 1165
982 983
982 984
982 985
982 986
983 984
983 985
983 986
983 987
984 986
984 988
985 1031
985 986
985 1243
985 988
985 989
986 987
986 989
986 990
987 988
987 989
987 990
987 991
988 989
988 990
988 991
989 992
989 993
989 990
990 992
990 993
990 994
990 1114
990 991
991 992
991 993
991 994
991 995
992 994
992 995
992 996
993 994
993 995
993 996
993 997
994 995
994 996
994 1451
995 996
995 997
995 998
995 999
995 1455
996 998
996 999
996 1000
996 997
997 998
997 1000
997 1001
999 1000
999 1001
999 1002
999 1003
1000 1441
1000 1002
1000 1003
1000 1004
1001 1344
1001 1002
1001 1003
1001 1004
1001 1005
1002 1003
1002 1004
1002 1005
1002 1006
1003 1004
1003 1007
1004 1005
1004 1007
1004 1008
1005 1006
1005 1007
1005 1008
1005 1009
1005 1332
1005 1151
1006 1007
1006 1008
1006 1010
1007 1444
1007 1363
1007 1008
1007 1010
1007 1011
1008 1232
1008 1010
1008 1011
1009 1011
1009 1012
1010 1248
1010 1012
1010 1013
1011 1012
1011 1013
1011 1014
1012 1014
1012 1015
1012 1016
1012 1342
1013 1014
1013 1015
1013 1016
1013 1017
1014 1015
1014 1016
1014 1017
1015 1016
1015 1017
1015 1018
1015 1019
1016 1018
1016 1019
1016 1020
1017 1019
1017 1018
1017 1020
1018 1019
1018 1020
1019 1020
1019 1021
1019 1022
1019 1023
1020 1024
1020 1435
1020 1021
1020 1023
1021 1024
1021 1025
1021 1022
1021 1023
1022 1024
1022 1026
1023 1025
1023 1026
1023 1027
1023 1227
1024 1025
1024 1026
1024 1028
1025 1026
1025 1027
1025 1028
1025 1029
1026 1027
1026 1029
1026 1030
1026 1051
1027 1028
1027 1029
1028 1029
1028 1030
1028 1031
1028 1032
1029 1030
1029 1031
1029 1032
1029 1033
1029 1188
1030 1059
1030 1031
1030 1032
1030 1034
1031 1410
1031 1033
1031 1271
1032 1033
1032 1034
1032 1035
1032 1036
1033 1034
1033 1035
1033 1036
1034 1035
1034 1036
1034 1037
1034 1038
1035 1036
1035 1037
1035 1038
1035 1039
1035 1404
1036 1037
1036 1038
1036 1039
1036 1040
1036 1116
1037 1417
1037 1038
1037 1039
1037 1040
1037 1041
1038 1040
1038 1041
1038 1042
1038 1077
1039 1228
1039 1040
1039 1041
1039 1042
1039 1043
1040 1043
1040 1044
1040 1438
1041 1042
1041 1043
1041 1044
1041 1045
1042 1043
1042 1044
1042 1045
1042 1046
1043 1044
1043 1045
1043 1046
1043 1047
1044 1045
1044 1046
1044 1048
1045 1046
1045 1047
1045 1048
1045 1049
1046 1264
1046 1048
1046 1049
1046 1050
1047 1048
1047 1049
1047 1050
1047 1051
1048 1283
1048 1049
1048 1050
1048 1051
1048 1052
1049 1050
1049 1051
1049 1052
1049 1053
1050 1051
1050 1052
1050 1053
1050 1054
1051 1052
1051 1053
1051 1055
1052 1056
1052 1053
1052 1054
1052 1055
1053 1056
1053 1057
1053 1054
1053 1055
1054 1056
1054 1308
1055 1056
1055 1057
1055 1059
1055 1380
1055 1372
1056 1057
1056 1058
1056 1059
1056 1060
1057 1058
1057 1059
1057 1060
1057 1061
1058 1060
1058 1061
1058 1062
1059 1060
1059 1061
1059 1356
1059 1299
1060 1061
1060 1062
1060 1063
1060 1064
1061 1062
1061 1063
1061 1064
1062 1063
1062 1065
1062 1066
1063 1064
1063 1065
1063 1066
1063 1067
1064 1065
1064 1066
1064 1067
1064 1068
1065 1067
1065 1068
1065 1069
1066 1068
1066 1069
1066 1070
1067 1068
1067 1069
1067 1070
1067 1071
1068 1072
1068 1476
1068 1070
1068 1071
1069 1070
1069 1071
1069 1072
1069 1073
1070 1071
1070 1072
1070 1073
1070 1338
1071 1074
1071 1072
1071 1073
1071 1091
1072 1073
1072 1075
1072 1076
1073 1329
1073 1074
1073 1076
1073 1077
1074 1078
1074 1075
1074 1076
1074 1404
1075 1481
1075 1076
1075 1077
1075 1078
1076 1250
1076 1077
1076 1078
1076 1079
1076 1080
1077 1078
1077 1079
1077 1080
1077 1081
1078 1489
1078 1079
1078 1080
1078 1081
1078 1082
1079 1080
1079 1081
1079 1082
1079 1083
1080 1081
1080 1082
1080 1083
1080 1084
1081 1131
1081 1082
1081 1083
1081 1085
1082 1085
1082 1084
1082 1086
1083 1084
1083 1086
1083 1087
1084 1088
1084 1086
1084 1087
1085 1088
1085 1089
1085 1086
1085 1087
1086 1088
1086 1090
1086 1089
1086 1087
1087 1089
1087 1090
1087 1091
1088 1089
1088 1090
1088 1091
1088 1092
1088 1353
1089 1090
1089 1091
1089 1092
1090 1091
1090 1092
1090 1093
1090 1094
1090 1273
1091 1093
1091 1094
1092 1093
1092 1094
1092 1095
1092 1096
1093 1094
1093 1095
1093 1096
1093 1097
1094 1284
1094 1095
1094 1096
1094 1320
1095 1096
1095 1097
1095 1098
1095 1099
1096 1153
1096 1100
1096 1098
1097 1098
1097 1099
1097 1100
1097 1101
1098 1099
1098 1100
1098 1101
1098 1102
1099 1101
1100 1101
1100 1102
1100 1103
1100 1104
1101 1102
1101 1103
1101 1105
1102 1415
1102 1103
1102 1104
1102 1105
1102 1106
1103 1104
1103 1105
1103 1106
1103 1107
1104 1105
1104 1106
1104 1107
1105 1441
1105 1106
1105 1107
1105 1109
1106 1107
1106 1108
1106 1109
1106 1110
1107 1108
1107 1109
1108 1109
1108 1110
1108 1111
1108 1112
1109 1110
1109 1111
1109 1112
1109 1113
1109 1469
1110 1111
1110 1112
1110 1113
1110 1114
1111 1112
1111 1113
1111 1114
1111 1115
1112 1113
1112 1114
1112 1115
1112 1116
1113 1114
1113 1116
1114 1118
1114 1115
1114 1116
1115 1116
1115 1118
1116 1120
1116 1118
1116 1119
1117 1120
1117 1121
1117 1118
1117 1119
1118 1121
1118 1122
1118 1119
1119 1120
1119 1121
1119 1122
1119 1123
1119 1470
1120 1121
1120 1122
1120 1123
1120 1124
1121 1441
1121 1122
1121 1123
1121 1124
1121 1125
1122 1123
1122 1124
1122 1125
1122 1126
1123 1124
1123 1125
1123 1126
1123 1127
1124 1126
1124 1127
1124 1128
1124 1200
1125 1126
1125 1127
1125 1128
1125 1129
1126 1129
1126 1130
1127 1128
1127 1130
1127 1131
1127 1240
1128 1129
1128 1132
1129 1130
1129 1131
1129 1133
1129 1464
1130 1132
1130 1133
1130 1134
1131 1132
1131 1133
1131 1135
1132 1133
1132 1134
1132 1135
1132 1136
1133 1134
1133 1136
1133 1137
1134 1135
1134 1136
1134 1137
1134 1138
1135 1136
1135 1138
1135 1139
1136 1138
1136 1139
1136 1140
1137 1138
1137 1139
1137 1140
1137 1141
1138 1139
1138 1140
1138 1141
1138 1142
1139 1141
1139 1142
1139 1143
1140 1141
1140 1142
1140 1143
1140 1144
1140 1365
1141 1142
1141 1143
1141 1144
1141 1145
1142 1143
1142 1144
1142 1146
1143 1400
1143 1144
1143 1146
1143 1147
1144 1145
1144 1146
1144 1147
1144 1148
1145 1146
1145 1147
1145 1149
1146 1147
1146 1148
1146 1149
1147 1326
1147 1149
1147 1150
1148 1152
1148 1410
1148 1149
1148 1150
1148 1151
1149 1152
1149 1153
1149 1323
1149 1150
1150 1153
1150 1154
1150 1151
1151 1153
1151 1155
1151 1270
1152 1153
1152 1156
1152 1154
1153 1154
1153 1155
1153 1156
1153 1157
1154 1155
1154 1157
1154 1354
1154 1492
1154 1158
1155 1156
1155 1158
1155 1159
1156 1158
1156 1159
1156 1160
1157 1158
1157 1159
1157 1160
1157 1161
1158 1159
1158 1160
1158 1161
1158 1162
1159 1160
1159 1162
1159 1163
1160 1162
1160 1163
1161 1163
1161 1165
1161 1304
1162 1163
1162 1164
1162 1165
1162 1166
1163 1165
1163 1357
1164 1165
1164 1166
1164 1167
1164 1168
1165 1166
1165 1167
1165 1169
1165 1453
1166 1167
1166 1168
1166 1169
1166 1170
1167 1168
1167 1170
1167 1171
1167 1365
1168 1169
1168 1170
1168 1171
1168 1172
1169 1170
1169 1171
1169 1172
1169 1173
1169 1239
1170 1171
1170 1172
1170 1174
1170 1173
1171 1175
1171 1172
1171 1173
1171 1174
1172 1330
1172 1173
1172 1174
1172 1176
1173 1174
1173 1175
1173 1176
1173 1177
1174 1175
1174 1176
1174 1177
1174 1178
1175 1309
1175 1177
1175 1178
1176 1177
1176 1178
1176 1179
1177 1178
1177 1179
1177 1180
1177 1181
1178 1194
1178 1179
1178 1180
1178 1182
1179 1181
1180 1181
1180 1182
1181 1182
1181 1183
1182 1185
1182 1186
1182 1243
1182 1183
1183 1184
1183 1185
1183 1186
1183 1187
1184 1185
1184 1186
1184 1188
1184 1187
1185 1186
1185 1187
1185 1189
1186 1189
1186 1190
1186 1246
1187 1191
1187 1405
1188 1190
1188 1191
1188 1274
1189 1190
1189 1191
1189 1192
1189 1193
1189 1415
1190 1192
1190 1193
1190 1194
1191 1192
1191 1193
1191 1194
1191 1195
1191 1397
1192 1193
1192 1194
1192 1195
1192 1196
1192 1393
1193 1195
1193 1196
1193 1197
1194 1196
1194 1197
1194 1198
1195 1196
1195 1197
1195 1198
1196 1197
1196 1198
1196 1200
1196 1434
1197 1198
1197 1200
1197 1201
1197 1301
1198 1199
1198 1201
1198 1202
1199 1200
1199 1201
1199 1202
1199 1203
1200 1203
1200 1204
1200 1269
1201 1202
1201 1203
1201 1204
1201 1205
1202 1204
1202 1206
1203 1204
1203 1205
1203 1206
1203 1207
1204 1205
1204 1206
1204 1207
1204 1208
1205 1206
1205 1208
1205 1209
1206 1207
1206 1208
1206 1209
1206 1210
1207 1357
1207 1389
1207 1209
1207 1210
1207 1211
1208 1209
1208 1210
1208 1211
1208 1212
1209 1210
1209 1211
1209 1212
1209 1213
1210 1211
1210 1212
1210 1213
1210 1214
1211 1213
1211 1212
1212 1216
1212 1213
1212 1215
1213 1216
1213 1217
1213 1214
1213 1215
1214 1216
1214 1217
1214 1215
1215 1216
1215 1217
1215 1218
1215 1219
1216 1217
1216 1218
1216 1219
1217 1218
1217 1219
1217 1220
1218 1219
1218 1220
1218 1221
1218 1222
1219 1220
1219 1221
1219 1222
1219 1223
1220 1222
1220 1223
1220 1224
1221 1222
1221 1223
1221 1224
1221 1225
1222 1223
1222 1224
1222 1225
1222 1226
1223 1224
1223 1225
1223 1226
1223 1227
1224 1225
1224 1226
1224 1228
1225 1226
1225 1227
1225 1228
1225 1229
1226 1227
1226 1228
1226 1229
1226 1230
1227 1228
1227 1230
1228 1229
1228 1230
1229 1230
1229 1231
1229 1232
1229 1233
1230 1231
1230 1232
1230 1233
1230 1234
1231 1421
1231 1232
1231 1233
1231 1235
1232 1381
1232 1234
1232 1235
1232 1236
1233 1412
1233 1234
1233 1235
1233 1236
1233 1237
1234 1235
1234 1236
1234 1237
1234 1238
1235 1236
1235 1238
1235 1239
1235 1237
1236 1237
1236 1238
1236 1239
1236 1432
1237 1240
1238 1239
1238 1240
1238 1241
1238 1242
1239 1241
1239 1242
1239 1243
1240 1372
1240 1241
1240 1242
1240 1244
1241 1242
1241 1243
1241 1244
1242 1244
1242 1245
1242 1246
1243 1464
1244 1248
1244 1246
1244 1247
1245 1248
1245 1282
1245 1272
1245 1246
1245 1247
1246 1472
1246 1249
1246 1250
1246 1247
1247 1248
1247 1249
1247 1251
1248 1249
1248 1250
1248 1251
1248 1252
1248 1375
1249 1250
1249 1251
1249 1252
1249 1253
1250 1251
1250 1252
1250 1254
1251 1252
1251 1253
1251 1254
1251 1255
1252 1253
1252 1255
1252 1445
1253 1255
1253 1257
1254 1255
1254 1256
1254 1258
1254 1257
1255 1257
1255 1258
1255 1259
1256 1257
1256 1258
1256 1259
1256 1260
1257 1258
1257 1259
1257 1260
1257 1261
1258 1259
1258 1261
1258 1262
1259 1261
1259 1263
1259 1260
1260 1261
1260 1263
1260 1262
1261 1262
1261 1263
1261 1264
1261 1265
1262 1263
1262 1264
1262 1265
1262 1266
1263 1267
1263 1264
1263 1265
1263 1266
1264 1265
1264 1266
1264 1268
1265 1266
1265 1267
1265 1268
1265 1269
1266 1267
1266 1268
1266 1270
1267 1354
1267 1268
1267 1269
1268 1323
1268 1269
1268 1270
1268 1271
1269 1417
1269 1271
1270 1271
1270 1272
1270 1273
1270 1274
1271 1272
1271 1273
1271 1274
1272 1275
1272 1276
1273 1275
1273 1276
1273 1277
1274 1275
1274 1276
1274 1278
1275 1276
1275 1277
1275 1278
1276 1370
1276 1277
1276 1278
1276 1279
1277 1280
1277 1281
1277 1279
1278 1280
1278 1281
1278 1282
1278 1279
1279 1280
1279 1281
1279 1283
1279 1347
1280 1282
1280 1283
1280 1284
1280 1319
1280 1306
1281 1282
1281 1283
1281 1284
1281 1285
1282 1283
1282 1284
1282 1285
1282 1349
1283 1285
1283 1287
1283 1313
1284 1286
1284 1288
1285 1286
1285 1289
1286 1287
1286 1289
1286 1290
1287 1288
1287 1290
1287 1291
1288 1289
1288 1291
1288 1292
1289 1291
1289 1292
1289 1293
1290 1292
1290 1293
1290 1294
1291 1292
1291 1293
1291 1294
1291 1295
1292 1293
1292 1294
1292 1295
1292 1296
1293 1294
1293 1295
1293 1296
1293 1297
1294 1296
1294 1297
1295 1297
1295 1296
1295 1298
1296 1297
1296 1299
1296 1300
1297 1298
1297 1299
1297 1301
1297 1429
1298 1299
1298 1300
1298 1302
1299 1301
1299 1302
1300 1301
1300 1302
1300 1303
1300 1304
1301 1303
1301 1304
1301 1305
1302 1303
1302 1304
1302 1305
1302 1306
1303 1305
1303 1304
1303 1306
1304 1305
1304 1308
1305 1306
1305 1307
1305 1309
1306 1307
1306 1308
1306 1309
1307 1308
1307 1309
1307 1310
1307 1311
1308 1312
1308 1310
1308 1311
1309 1312
1309 1313
1309 1310
1309 1311
1310 1313
1310 1314
1310 1311
1311 1312
1311 1314
1311 1315
1312 1313
1312 1314
1312 1315
1312 1316
1313 1314
1313 1316
1313 1315
1314 1316
1314 1318
1314 1338
1315 1317
1315 1318
1315 1319
1315 1440
1316 1317
1316 1318
1316 1319
1316 1320
1317 1477
1317 1319
1317 1320
1317 1321
1318 1319
1318 1320
1318 1321
1318 1322
1319 1321
1319 1322
1319 1323
1320 1321
1320 1322
1320 1323
1320 1324
1321 1323
1321 1324
1321 1325
1321 1393
1322 1323
1322 1324
1322 1325
1322 1326
1323 1324
1323 1326
1323 1327
1324 1326
1324 1327
1324 1328
1325 1326
1325 1327
1325 1328
1325 1329
1326 1327
1326 1329
1327 1328
1327 1329
1327 1330
1327 1331
1328 1329
1328 1330
1328 1331
1328 1332
1330 1332
1330 1333
1330 1334
1331 1332
1331 1333
1331 1334
1331 1487
1332 1333
1332 1334
1332 1335
1333 1399
1333 1334
1333 1335
1333 1336
1333 1337
1334 1335
1334 1336
1334 1337
1334 1338
1335 1337
1335 1336
1335 1338
1335 1339
1336 1338
1336 1339
1336 1340
1337 1494
1337 1338
1337 1339
1337 1340
1338 1341
1338 1342
1339 1340
1339 1341
1339 1342
1340 1341
1340 1342
1340 1343
1341 1344
1341 1345
1342 1345
1342 1346
1343 1344
1343 1345
1343 1346
1343 1347
1344 1347
1344 1348
1345 1347
1345 1349
1346 1347
1346 1348
1346 1349
1346 1350
1347 1348
1347 1349
1348 1349
1348 1350
1348 1351
1348 1352
1349 1350
1349 1351
1349 1353
1350 1351
1350 1352
1350 1354
1351 1353
1351 1354
1351 1355
1352 1353
1352 1356
1352 1355
1353 1354
1353 1355
1353 1356
1354 1355
1354 1356
1355 1356
1355 1358
1356 1382
1356 1358
1356 1360
1357 1359
1357 1358
1358 1359
1358 1360
1358 1361
1358 1362
1359 1360
1359 1361
1359 1362
1359 1363
1360 1362
1360 1361
1360 1363
1360 1364
1361 1362
1361 1363
1361 1364
1361 1365
1362 1363
1362 1364
1362 1366
1362 1365
1363 1364
1363 1365
1363 1367
1364 1365
1364 1366
1364 1368
1365 1367
1365 1368
1365 1369
1366 1368
1366 1367
1366 1370
1367 1369
1367 1370
1367 1371
1368 1369
1368 1370
1368 1371
1368 1372
1369 1370
1369 1371
1369 1372
1369 1373
1370 1371
1370 1373
1371 1372
1371 1373
1371 1374
1371 1375
1372 1373
1373 1377
1373 1374
1374 1377
1374 1378
1374 1375
1375 1376
1375 1378
1376 1377
1377 1378
1377 1379
1377 1380
1377 1381
1378 1379
1378 1381
1378 1382
1379 1380
1379 1381
1379 1382
1380 1381
1380 1382
1380 1383
1380 1384
1380 1447
1381 1382
1381 1384
1381 1385
1382 1383
1382 1384
1382 1386
1382 1406
1383 1384
1383 1385
1383 1387
1384 1385
1384 1387
1384 1388
1385 1386
1385 1387
1385 1388
1385 1389
1386 1387
1386 1388
1386 1389
1386 1390
1387 1388
1387 1390
1387 1391
1387 1424
1388 1389
1388 1390
1388 1391
1388 1392
1389 1390
1389 1392
1389 1393
1390 1391
1390 1392
1390 1393
1390 1394
1391 1392
1391 1393
1391 1394
1391 1395
1392 1394
1392 1395
1393 1394
1393 1395
1394 1395
1394 1396
1394 1397
1394 1398
1395 1397
1395 1398
1395 1399
1396 1455
1396 1397
1396 1398
1396 1399
1396 1400
1397 1399
1397 1400
1397 1401
1398 1476
1398 1402
1399 1401
1399 1402
1399 1403
1400 1489
1400 1403
1400 1401
1401 1403
1401 1404
1401 1402
1402 1477
1402 1403
1402 1404
1402 1406
1403 1404
1403 1406
1403 1407
1404 1407
1405 1408
1405 1409
1405 1406
1405 1407
1406 1409
1406 1410
1406 1407
1407 1409
1407 1410
1407 1411
1408 1409
1408 1410
1408 1411
1408 1412
1409 1410
1409 1411
1409 1413
1410 1411
1410 1412
1410 1413
1411 1412
1411 1413
1411 1414
1411 1415
1412 1413
1412 1414
1412 1416
1413 1415
1413 1416
1413 1417
1414 1416
1414 1417
1414 1418
1415 1416
1415 1418
1416 1417
1416 1419
1417 1418
1417 1419
1417 1420
1418 1419
1418 1420
1418 1421
1418 1422
1419 1420
1419 1421
1419 1422
1419 1423
1420 1421
1420 1422
1420 1423
1420 1424
1421 1422
1421 1424
1421 1425
1422 1423
1422 1424
1422 1425
1422 1426
1423 1424
1423 1425
1423 1426
1423 1427
1424 1425
1424 1426
1424 1428
1425 1426
1425 1427
1425 1428
1425 1429
1426 1427
1426 1428
1426 1429
1426 1430
1427 1431
1427 1428
1427 1430
1428 1429
1428 1430
1428 1431
1428 1432
1429 1430
1429 1431
1429 1432
1430 1431
1430 1432
1430 1433
1430 1434
1431 1435
1431 1432
1432 1433
1432 1434
1432 1435
1432 1436
1433 1434
1433 1435
1433 1436
1434 1435
1434 1436
1434 1437
1434 1438
1435 1436
1435 1437
1435 1438
1436 1440
1436 1437
1436 1438
1436 1439
1437 1441
1437 1438
1437 1439
1438 1441
1438 1442
1439 1440
1439 1441
1439 1442
1439 1443
1440 1441
1440 1442
1440 1444
1440 1443
1441 1442
1441 1443
1441 1444
1442 1443
1442 1444
1442 1445
1442 1446
1443 1444
1443 1446
1443 1447
1444 1446
1444 1447
1444 1448
1445 1446
1445 1447
1445 1448
1445 1449
1446 1447
1446 1448
1446 1449
1446 1450
1447 1449
1448 1449
1448 1450
1448 1463
1449 1451
1449 1452
1449 1453
1450 1451
1450 1452
1450 1453
1450 1454
1451 1452
1451 1454
1451 1455
1452 1453
1452 1454
1452 1456
1453 1454
1453 1455
1453 1457
1454 1456
1454 1455
1454 1457
1454 1458
1456 1457
1456 1458
1456 1459
1457 1458
1457 1459
1457 1460
1458 1460
1458 1461
1458 1462
1459 1460
1459 1461
1459 1462
1460 1462
1460 1463
1460 1464
1461 1462
1461 1464
1461 1465
1462 1463
1462 1464
1462 1465
1462 1466
1463 1464
1463 1465
1463 1466
1463 1467
1464 1467
1464 1465
1464 1466
1464 1468
1465 1466
1465 1467
1465 1468
1465 1469
1466 1468
1466 1470
1467 1468
1467 1469
1467 1470
1467 1471
1468 1472
1468 1469
1468 1470
1468 1471
1469 1473
1469 1470
1469 1471
1470 1471
1471 1472
1471 1473
1471 1474
1472 1473
1472 1474
1472 1476
1473 1474
1473 1475
1473 1476
1473 1477
1474 1475
1474 1476
1474 1477
1474 1478
1475 1476
1475 1477
1475 1478
1475 1479
1476 1478
1476 1479
1476 1480
1477 1478
1477 1479
1477 1480
1477 1481
1478 1479
1478 1480
1478 1481
1478 1482
1479 1480
1479 1481
1479 1482
1479 1483
1480 1481
1480 1482
1480 1483
1480 1484
1481 1482
1481 1484
1481 1485
1482 1483
1482 1484
1482 1485
1482 1486
1483 1484
1483 1485
1483 1486
1483 1487
1484 1485
1484 1486
1484 1487
1484 1488
1485 1487
1485 1488
1485 1489
1486 1490
1486 1487
1486 1488
1486 1489
1487 1491
1487 1488
1487 1489
1487 1490
1488 1490
1488 1492
1489 1490
1489 1493
1490 1491
1490 1492
1490 1494
1491 1492
1491 1493
1491 1494
1491 1495
1492 1493
1492 1494
1492 1496
1493 1497
1493 1494
1493 1495
1493 1496
1494 1496
1494 1498
1495 1498
1495 1499
1496 1499
1496 1497
1496 1498
1497 1498
1497 1499
1498 1499
