0 1
0 2
0 3
0 4
0 997
0 998
0 999
0 984
0 996
1 2
1 3
1 4
1 997
1 998
1 999
1 210
2 3
2 4
2 5
2 6
2 999
2 841
3 4
3 5
3 999
3 650
3 792
4 5
4 6
4 7
4 8
5 806
5 6
5 518
5 995
5 57
5 346
6 7
6 8
6 9
6 10
6 642
7 9
7 10
7 338
7 442
8 9
8 10
8 11
8 439
8 472
9 11
9 12
9 238
9 881
10 674
10 12
10 14
10 335
10 392
11 12
11 13
11 14
11 15
12 13
12 14
12 15
12 16
13 14
13 15
13 16
13 17
14 845
14 77
14 15
14 16
14 18
15 337
15 16
15 17
15 18
15 285
16 941
16 17
16 19
16 20
17 42
17 18
17 19
17 21
17 567
17 847
18 107
18 19
18 20
18 436
19 20
19 117
19 22
19 23
20 166
20 818
20 21
20 156
20 991
21 22
21 23
21 24
21 827
22 513
22 23
22 24
22 25
22 26
22 926
23 687
23 24
23 27
23 95
24 25
24 26
24 955
24 28
25 897
25 26
25 27
25 28
26 779
26 587
26 876
26 306
26 28
26 29
27 941
27 28
27 29
27 30
27 31
28 32
28 535
28 30
28 31
29 32
29 33
29 888
29 30
29 31
30 32
30 33
30 34
30 873
30 31
31 33
31 34
31 35
31 970
31 243
32 33
32 34
32 35
32 36
32 936
33 34
33 35
33 36
33 37
33 837
34 35
34 36
34 37
34 137
35 36
35 37
35 38
35 39
36 37
36 39
36 40
36 611
36 769
36 773
37 288
37 934
37 39
37 40
37 840
38 40
38 41
38 42
38 39
39 196
39 904
39 41
39 435
39 755
40 41
40 42
40 43
40 44
40 400
41 192
41 710
41 42
41 44
41 45
41 409
42 43
42 45
42 46
43 512
43 44
43 45
43 47
43 181
43 158
44 45
44 46
44 47
44 48
45 283
45 47
45 48
45 312
45 911
45 746
45 394
46 580
46 47
46 49
46 50
46 125
47 169
47 527
47 48
47 305
47 50
47 51
48 197
48 49
48 50
48 51
48 52
48 694
48 62
49 64
49 50
49 52
49 53
50 51
50 52
50 53
50 54
51 97
51 748
51 52
51 54
51 55
52 672
52 454
52 53
52 54
52 56
53 776
53 54
53 55
53 56
53 57
54 225
54 55
54 56
54 57
54 58
55 138
55 56
55 57
55 58
56 443
56 57
56 58
56 59
57 132
57 58
57 59
57 61
57 421
58 59
58 60
58 61
58 62
59 218
59 61
59 62
59 63
60 64
60 546
60 78
60 240
60 887
61 64
61 379
61 390
61 777
61 63
62 64
62 65
62 66
62 761
63 65
63 66
63 67
63 152
64 65
64 66
64 67
64 68
65 66
65 67
65 68
65 429
65 846
65 803
66 67
66 69
66 70
66 590
66 434
66 572
67 69
67 71
67 212
67 575
68 715
68 69
68 70
68 71
68 72
68 711
68 176
69 70
69 71
69 72
69 73
70 71
70 72
70 73
70 74
71 480
71 73
71 74
71 75
72 73
72 874
72 75
72 76
72 719
73 258
73 772
73 74
73 75
73 76
73 77
74 75
74 76
74 77
74 78
74 607
75 76
75 77
75 78
75 79
75 686
76 459
76 679
76 77
76 78
76 79
76 80
77 78
77 80
77 81
78 79
78 80
78 81
78 82
78 533
78 394
79 80
79 81
79 82
79 83
80 610
80 81
80 82
80 84
81 146
81 82
81 467
81 85
82 83
82 84
82 85
82 86
83 163
83 84
83 85
83 86
84 848
84 359
84 85
84 86
84 87
84 443
85 86
85 87
85 88
85 89
86 453
86 102
86 209
86 87
86 89
87 408
87 88
87 91
87 189
88 119
88 89
88 90
88 91
88 92
88 895
89 90
89 91
89 92
89 93
90 91
90 92
90 93
90 94
91 725
91 92
91 93
91 94
91 95
92 96
92 93
92 94
92 95
93 96
93 97
93 967
93 95
94 96
94 97
94 98
94 298
95 96
95 97
95 98
95 99
95 628
96 97
96 98
96 99
96 573
96 946
97 99
97 100
97 230
98 99
98 100
98 101
98 102
99 100
99 102
99 103
99 719
100 101
100 102
100 103
100 104
101 102
101 104
101 285
101 157
102 896
102 103
102 104
102 105
103 673
103 105
103 107
103 951
103 164
104 105
104 106
104 107
104 108
105 106
105 107
105 108
105 109
105 883
106 485
106 108
106 109
106 110
107 108
107 109
107 110
107 111
108 556
108 109
108 112
108 959
109 110
109 111
109 112
109 113
109 797
110 425
110 111
110 113
110 114
111 113
111 114
111 315
111 350
112 393
112 113
112 114
112 115
113 849
113 114
113 115
113 116
113 117
113 572
114 243
114 115
114 116
114 117
114 118
114 727
115 484
115 116
115 118
115 119
116 117
116 118
116 119
116 120
117 118
117 119
117 120
117 121
118 717
118 120
118 121
118 122
119 121
119 666
119 819
120 339
120 123
120 476
120 638
121 174
121 409
121 122
121 124
121 125
122 325
122 123
122 124
122 125
122 126
123 780
123 527
123 124
123 125
124 128
124 125
124 126
124 127
125 129
125 300
125 126
125 127
126 128
126 129
126 130
126 127
127 128
127 129
127 130
127 131
127 297
128 129
128 130
128 131
128 494
128 817
129 130
129 132
129 133
129 652
130 131
130 132
130 133
130 134
131 132
131 134
131 135
131 648
131 149
131 602
131 923
132 133
132 134
132 135
132 136
133 134
133 135
133 136
133 137
134 135
134 136
134 137
134 138
135 136
135 137
135 138
135 139
135 376
136 137
136 138
136 139
136 140
136 479
137 992
137 138
137 139
137 140
137 141
138 833
138 521
138 139
138 140
138 142
138 254
139 140
139 141
139 142
139 460
140 864
140 710
140 141
140 143
140 144
141 142
141 143
141 144
141 145
141 722
142 143
142 145
142 146
142 953
143 144
143 145
143 146
143 147
144 146
144 147
144 148
144 315
145 806
145 202
145 146
145 147
145 148
145 664
146 714
146 147
146 149
146 150
147 148
147 149
147 150
147 151
148 149
148 150
148 151
148 152
149 420
149 150
149 151
149 153
150 530
150 151
150 152
150 153
151 454
151 152
151 153
151 154
151 155
152 153
152 154
152 155
152 156
153 746
153 496
153 274
153 155
153 156
154 155
154 156
154 157
154 158
155 744
155 437
155 245
155 156
155 157
155 158
155 159
156 157
156 158
156 159
157 160
157 161
157 158
157 159
158 160
158 161
158 166
158 956
158 159
159 160
159 161
159 162
159 163
160 161
160 163
160 164
160 453
160 931
160 949
160 901
161 162
161 165
161 431
161 913
162 163
162 164
162 165
162 166
163 483
163 166
163 167
163 304
163 954
164 166
164 167
164 663
165 166
165 167
165 168
165 169
165 726
166 169
166 170
166 787
166 698
166 957
167 552
167 170
167 171
167 785
167 788
167 729
168 169
168 171
168 172
168 333
168 794
169 512
169 170
169 171
169 173
170 737
170 171
170 172
170 173
170 174
171 172
171 173
171 174
171 175
172 173
172 175
172 176
172 429
173 174
173 175
173 176
173 177
173 220
174 175
174 176
174 177
174 178
175 932
175 176
175 177
175 178
176 179
176 180
176 526
177 178
177 179
177 180
177 181
178 229
178 652
178 179
178 180
178 181
179 388
179 180
179 181
179 182
179 183
179 318
180 440
180 181
180 182
180 183
180 184
181 182
181 183
181 184
182 184
182 185
182 186
182 764
183 184
183 185
183 186
183 187
184 855
184 185
184 186
184 187
184 188
185 338
185 187
185 188
185 189
186 281
186 187
186 189
186 190
187 519
187 189
187 190
187 191
188 192
188 251
188 189
188 190
188 191
189 192
189 898
189 190
189 191
190 192
190 193
190 194
190 191
191 193
191 194
191 195
191 621
191 754
192 194
192 195
192 196
192 838
193 194
193 195
193 197
193 890
194 195
194 196
194 197
194 198
195 196
195 197
195 198
195 199
195 348
196 197
196 199
196 200
196 330
196 756
197 199
197 200
197 201
197 282
198 199
198 200
198 337
198 345
199 200
199 201
199 202
199 203
200 201
200 203
200 204
200 231
201 674
201 844
201 203
201 204
201 893
202 203
202 204
202 205
203 800
203 971
203 716
203 205
203 206
204 205
204 206
204 207
204 208
204 734
205 206
205 207
205 208
205 209
206 654
206 207
206 208
206 209
206 210
207 291
207 208
207 209
207 210
207 283
208 209
208 210
208 211
208 212
209 868
209 211
209 212
209 213
209 725
210 775
210 211
210 212
210 214
210 313
211 212
211 213
211 214
211 215
212 846
212 213
212 215
212 216
213 353
213 214
213 216
213 217
214 301
214 215
214 216
214 217
214 218
215 386
215 216
215 217
215 219
215 862
216 809
216 681
216 496
216 497
216 217
216 474
217 864
217 970
217 218
217 219
217 221
218 219
218 220
218 221
218 222
219 291
219 220
219 222
219 223
220 224
220 424
220 433
220 222
220 223
221 224
221 225
221 320
221 444
221 222
221 223
222 224
222 225
222 226
222 825
223 224
223 227
223 613
223 466
223 282
224 225
224 226
224 227
224 228
225 227
225 228
225 229
226 834
226 227
226 229
226 230
226 803
227 228
227 229
227 230
227 231
228 229
228 230
228 231
228 232
229 230
229 231
229 233
229 652
230 231
230 232
230 233
230 234
230 477
231 233
231 234
231 232
231 809
232 233
232 234
232 235
232 236
233 234
233 236
233 237
233 381
234 235
234 236
234 237
234 238
235 237
235 238
235 239
235 828
236 460
236 237
236 238
236 239
236 240
237 238
237 239
237 240
237 270
238 240
238 242
238 758
238 696
238 639
239 240
239 241
239 242
239 243
240 241
240 242
240 243
240 244
241 553
241 243
241 244
241 245
241 857
242 243
242 244
242 245
242 757
243 552
243 244
244 245
244 246
244 247
244 248
244 924
244 381
245 247
245 248
245 249
246 982
246 247
246 248
246 249
246 250
247 248
247 249
247 250
247 251
248 249
248 250
248 251
248 252
249 567
249 563
249 250
249 253
250 251
250 252
250 253
250 254
251 449
251 324
251 722
251 253
252 256
252 291
252 327
252 253
252 254
253 256
253 257
253 419
253 254
253 255
254 256
254 257
254 822
254 255
255 256
255 257
255 258
255 259
255 767
256 257
256 258
256 259
256 565
257 960
257 258
257 259
257 260
257 355
257 602
258 259
258 261
258 262
259 260
259 261
259 262
259 263
260 261
260 262
260 264
260 294
261 262
261 263
261 264
261 265
261 845
261 410
262 264
262 265
262 946
262 852
262 521
263 866
263 264
263 265
263 266
263 267
264 265
264 266
264 267
264 268
264 915
265 266
265 267
265 269
265 273
266 267
266 268
266 269
266 270
267 268
267 271
267 936
267 631
267 858
268 325
268 269
268 271
268 272
268 527
269 612
269 270
269 271
269 272
269 273
270 271
270 273
270 274
270 692
271 272
271 273
271 274
271 275
272 868
272 401
272 274
272 275
272 276
272 559
272 604
273 711
273 274
273 275
273 276
273 567
274 276
274 277
274 278
275 334
275 277
275 278
275 279
276 277
276 278
276 279
276 280
277 278
277 279
277 280
277 281
278 491
278 528
278 279
278 280
278 282
279 280
279 281
279 282
279 283
280 920
280 281
280 282
280 283
280 284
281 285
281 504
281 283
281 284
281 282
282 283
282 284
282 286
283 753
283 287
284 288
284 285
284 286
284 287
285 288
285 289
285 713
285 286
285 287
286 288
286 289
286 290
286 851
286 287
287 288
287 289
287 290
287 291
287 981
288 289
288 290
288 291
288 302
289 290
289 292
289 293
289 475
290 291
290 292
290 293
290 294
290 947
291 292
291 293
291 294
291 295
292 293
292 294
292 295
292 560
292 958
292 927
293 294
293 295
293 297
293 767
294 295
294 296
294 297
294 298
295 297
295 298
295 299
295 628
296 297
296 298
296 299
296 300
296 906
297 298
297 301
297 313
298 299
298 300
298 302
298 571
298 764
299 300
299 301
299 303
299 531
300 301
300 302
300 303
300 304
301 302
301 304
301 893
302 303
302 304
302 305
302 306
303 938
303 304
303 305
303 306
303 307
304 305
304 306
304 308
305 371
305 306
305 307
305 309
306 308
306 309
306 310
307 772
307 618
307 308
307 309
307 311
308 453
308 846
308 463
308 310
308 312
308 798
309 311
309 312
309 313
309 378
310 408
310 311
310 312
310 313
310 314
311 312
311 313
311 314
311 315
311 925
312 743
312 716
312 314
312 315
313 468
313 314
313 987
313 316
313 317
314 315
314 316
314 317
314 318
315 316
315 317
315 318
315 319
316 320
316 847
316 370
316 405
316 318
317 320
317 321
317 318
317 319
318 321
318 322
318 319
319 321
319 322
319 323
319 505
320 448
320 321
320 546
320 323
320 324
321 322
321 323
321 324
321 325
321 382
322 768
322 323
322 324
322 325
323 324
323 325
323 326
323 327
324 326
324 327
324 328
324 611
325 326
325 327
325 949
326 327
326 328
326 329
326 330
327 328
327 330
327 875
327 953
328 928
328 329
328 330
328 331
329 330
329 331
329 332
329 333
330 331
330 332
330 333
330 334
331 332
331 334
331 335
331 981
332 618
332 333
332 335
332 336
332 989
333 334
333 335
333 336
333 337
334 335
334 336
334 338
334 732
335 336
335 337
335 338
335 345
336 339
336 340
336 794
336 447
337 717
337 338
337 339
337 341
338 400
338 340
338 341
338 342
338 380
339 340
339 341
339 342
339 343
339 476
340 833
340 453
340 341
340 342
340 343
341 641
341 741
341 687
341 344
341 732
342 612
342 601
342 471
342 343
342 345
342 346
342 443
343 967
343 816
343 344
343 345
343 346
343 347
344 667
344 345
344 346
344 347
344 348
345 347
345 348
345 349
346 914
346 347
346 348
346 349
346 350
347 872
347 348
347 349
347 350
347 351
348 352
348 439
348 349
348 350
349 352
349 353
349 551
349 888
349 350
350 352
350 353
350 354
350 581
350 718
351 448
351 353
351 354
351 355
351 401
352 353
352 354
352 355
352 756
353 354
353 355
353 356
353 357
354 355
354 356
354 357
354 358
355 356
355 358
355 359
356 357
356 359
356 360
356 555
357 736
357 359
357 361
357 689
357 532
357 856
357 666
358 836
358 359
358 808
358 361
358 362
359 360
359 362
359 363
360 361
360 362
360 363
360 857
361 674
361 363
361 364
361 365
362 363
362 364
362 365
362 366
363 364
363 365
363 366
363 367
363 976
364 365
364 366
364 368
364 924
365 835
365 366
365 367
365 368
365 369
366 367
366 368
366 369
366 370
366 468
367 384
367 385
367 679
367 745
367 369
367 827
368 369
368 370
368 371
368 372
369 370
369 371
369 372
369 373
369 590
370 380
370 372
370 373
370 374
371 372
371 373
371 374
371 375
372 373
372 374
372 375
372 376
373 374
373 375
373 376
373 377
374 586
374 375
374 376
374 377
374 378
375 505
375 376
375 377
375 378
375 379
376 404
376 378
376 379
376 380
377 675
377 378
377 379
377 798
378 897
378 929
378 953
378 379
378 380
378 381
378 382
379 836
379 983
379 381
379 380
379 382
379 383
380 670
380 381
380 382
381 384
381 385
381 382
382 384
382 454
382 385
382 768
382 383
383 384
383 385
383 386
383 387
384 385
384 386
384 387
384 388
384 775
385 386
385 387
385 388
385 389
385 549
386 387
386 388
386 389
386 390
387 388
387 389
387 390
387 391
388 389
388 390
388 392
389 390
389 391
389 392
389 393
389 739
390 391
390 392
390 393
390 394
390 990
391 392
391 393
391 394
391 395
391 941
392 393
392 395
392 396
392 569
393 515
393 395
393 396
393 397
394 396
394 397
395 396
395 397
395 398
395 399
396 397
396 398
396 399
396 400
397 399
397 400
397 401
397 724
398 891
398 401
398 402
398 507
398 445
399 400
399 402
399 403
399 474
400 515
400 402
400 403
400 632
401 403
401 404
402 802
402 403
402 404
402 405
402 406
403 404
403 406
403 692
403 860
404 408
404 805
404 405
405 641
405 407
405 408
405 863
406 407
406 408
406 409
406 410
407 409
407 410
407 411
407 413
408 818
408 409
408 412
409 412
409 413
410 455
410 884
410 411
410 412
411 458
411 412
411 413
411 414
411 415
412 416
412 830
412 413
412 414
412 415
413 416
413 417
413 933
413 807
413 493
413 414
414 416
414 417
414 418
414 415
415 416
415 417
415 419
415 698
416 417
416 418
416 419
416 420
417 418
417 419
417 420
417 421
418 419
418 420
418 422
418 731
419 420
419 421
419 423
420 421
420 422
420 423
420 424
420 651
421 422
421 423
421 973
421 932
421 540
422 423
422 424
422 426
422 749
422 562
423 424
423 425
423 426
423 427
424 677
424 425
424 428
425 427
425 428
425 429
425 686
426 428
426 429
426 430
426 860
427 428
427 429
427 430
427 431
427 789
428 481
428 429
428 430
428 781
428 432
428 686
429 430
429 432
429 671
430 653
430 431
430 432
430 433
431 432
431 433
431 434
431 435
432 745
432 434
432 435
432 436
433 435
433 436
433 437
434 435
434 436
434 438
435 867
435 437
435 438
435 827
436 480
436 963
436 437
436 438
436 439
436 440
437 438
437 440
437 441
438 498
438 440
438 442
438 764
438 479
439 440
439 441
439 442
439 891
440 441
440 442
440 444
441 442
441 443
441 444
441 445
442 443
442 444
442 445
442 446
443 682
443 445
443 446
443 447
444 445
444 692
444 446
444 447
445 448
445 449
445 965
445 801
445 749
445 446
446 448
446 449
446 450
446 447
447 448
447 449
447 450
447 451
448 449
448 450
448 451
449 451
449 452
449 453
450 992
450 451
450 453
450 454
450 948
451 452
451 453
451 454
451 455
452 453
452 454
452 455
452 456
453 455
453 993
454 457
454 458
454 656
455 456
455 458
455 459
455 623
456 457
456 458
456 459
456 460
457 835
457 582
457 458
457 460
457 461
457 821
457 567
458 459
458 460
458 461
458 559
459 966
459 461
459 462
459 463
460 461
460 462
460 463
460 904
460 860
460 671
461 462
461 463
461 464
461 465
462 814
462 463
462 464
462 466
462 511
463 464
463 465
463 467
464 465
464 466
464 467
464 468
465 520
465 466
465 467
465 469
466 644
466 467
466 468
466 469
466 470
467 468
467 469
467 470
467 471
467 508
468 708
468 552
468 877
468 783
468 804
468 471
468 472
469 742
469 470
469 471
469 472
469 473
470 471
470 472
470 473
470 474
471 472
471 473
471 475
472 746
472 474
472 475
472 476
473 848
473 475
473 476
473 477
474 475
474 476
474 477
474 478
475 578
475 802
475 477
475 478
476 480
476 478
476 479
477 480
477 481
477 656
478 480
478 481
478 482
478 544
479 480
479 483
479 933
479 752
479 504
480 481
480 482
480 483
481 483
481 484
481 485
481 844
482 483
482 484
482 485
482 486
483 484
483 485
483 486
483 487
484 485
484 486
484 487
484 807
485 486
485 487
485 488
485 489
486 487
486 488
486 489
486 490
487 488
487 489
487 490
487 491
488 489
488 491
488 492
488 571
488 972
488 638
489 490
489 491
489 492
489 493
489 678
489 837
490 491
490 492
490 493
490 494
490 498
491 492
491 493
491 494
492 493
492 494
492 495
492 657
493 494
493 495
493 497
494 588
494 495
494 497
494 916
495 496
495 497
495 498
495 499
496 497
496 498
496 499
496 500
497 965
497 678
497 500
497 501
497 895
498 502
498 500
498 501
499 500
499 501
499 502
499 503
500 501
500 502
500 503
500 504
501 708
501 649
501 502
501 504
501 826
502 503
502 505
502 506
502 924
503 920
503 504
503 505
503 506
503 507
504 507
504 508
505 683
505 507
505 509
506 640
506 507
506 508
506 510
507 567
507 508
507 509
507 510
507 511
508 512
508 509
508 510
509 512
509 513
509 744
509 510
510 512
510 513
510 514
510 973
510 511
511 512
511 513
511 514
511 515
512 515
512 516
513 515
513 516
513 517
514 515
514 516
514 517
514 518
515 516
515 518
515 519
516 517
516 518
516 519
516 531
516 792
517 518
517 519
517 520
517 521
517 628
518 520
518 521
518 668
519 520
519 521
519 522
519 523
519 593
520 521
520 522
520 524
520 557
521 636
521 522
522 672
522 523
522 524
522 525
522 526
523 524
523 525
523 526
523 527
524 526
524 527
524 528
524 542
525 526
525 527
525 528
525 529
526 528
526 934
526 527
526 529
526 530
527 936
527 529
528 529
528 530
528 531
528 532
529 608
529 532
529 533
529 791
530 534
530 531
530 532
530 533
531 973
531 532
531 535
532 534
532 535
532 536
532 542
533 534
533 535
533 536
534 914
534 535
534 536
534 537
534 538
535 536
535 537
535 538
535 539
536 854
536 842
536 537
536 539
537 839
537 538
537 539
537 540
538 539
538 540
538 541
538 542
539 540
539 541
539 542
539 543
540 544
540 541
540 542
540 543
541 544
541 790
541 542
541 543
542 546
542 563
542 543
543 544
543 545
543 546
543 547
544 546
544 547
544 548
544 754
545 546
545 547
545 548
545 549
546 547
546 549
546 550
547 548
547 549
547 550
547 551
547 949
548 549
548 550
548 551
548 552
549 550
549 553
549 551
550 551
550 552
550 553
550 691
550 883
551 552
551 553
551 554
551 555
551 971
552 555
552 553
552 908
552 556
552 839
553 977
553 554
553 555
553 556
554 555
554 556
554 557
554 558
555 556
555 557
555 558
555 559
556 557
556 558
556 559
556 560
557 558
557 559
557 560
557 561
558 905
558 559
558 560
558 562
559 560
559 562
560 657
560 562
560 563
560 564
561 562
561 563
561 564
561 565
562 564
562 565
562 566
563 564
563 565
563 567
563 634
564 565
564 566
564 567
564 568
565 677
565 941
565 566
565 567
565 568
565 569
566 567
566 568
566 569
566 570
567 969
567 569
568 569
568 570
568 571
568 572
569 570
569 571
569 572
569 573
570 990
570 572
570 573
570 574
571 572
571 574
572 627
572 573
572 575
573 576
573 577
573 848
573 574
573 575
574 576
574 577
574 578
574 774
574 915
575 576
575 577
575 578
575 579
576 577
576 578
576 579
576 580
577 578
577 579
577 580
577 581
578 579
578 580
578 581
578 582
579 580
579 581
579 582
579 583
580 581
580 582
580 583
580 808
580 895
581 583
581 584
581 804
582 583
582 584
582 585
583 584
583 585
583 587
583 648
584 585
584 586
584 588
584 922
584 703
585 586
585 587
585 588
585 589
586 674
586 931
586 587
587 813
587 588
587 589
587 590
587 591
588 589
588 591
588 592
588 983
588 639
589 590
589 591
589 592
589 593
590 593
590 594
590 791
591 592
591 593
591 594
591 595
591 701
592 593
592 594
592 595
592 596
593 718
593 594
593 597
594 595
594 596
594 597
594 598
595 596
595 597
595 598
595 599
596 597
596 598
596 599
596 600
597 598
597 599
597 600
597 601
598 808
598 599
598 600
598 601
598 602
599 930
599 600
599 601
599 602
599 603
600 601
600 602
600 603
600 604
601 731
601 602
601 603
601 604
602 731
602 603
602 606
603 604
603 605
603 606
603 607
604 608
604 605
604 606
604 607
605 882
605 627
605 728
605 606
605 607
606 608
606 609
606 610
606 607
607 609
607 610
607 885
608 609
608 610
608 611
608 612
609 610
609 611
609 613
609 643
610 611
610 612
610 613
610 614
611 613
611 615
611 923
612 613
612 614
612 615
613 614
613 616
613 617
614 992
614 616
614 617
614 618
615 616
615 617
615 619
615 693
616 617
616 618
616 619
616 620
617 618
617 619
617 620
617 621
618 619
618 622
618 920
619 621
619 622
619 623
619 765
620 960
620 994
620 622
620 623
620 624
621 622
621 623
621 624
621 625
622 623
622 624
622 625
622 695
622 703
623 624
623 625
623 626
623 627
623 796
624 625
624 626
624 627
624 628
625 626
625 627
625 628
625 629
626 627
626 628
626 629
626 630
627 881
627 936
627 628
627 630
627 631
628 630
628 632
629 630
629 631
629 632
629 633
630 912
630 631
630 632
630 634
630 766
631 632
631 633
631 634
631 635
632 633
632 635
632 636
633 903
633 882
633 634
633 635
633 636
633 637
634 712
634 635
634 636
634 637
635 828
635 636
635 637
635 638
635 639
636 640
636 705
636 928
636 906
636 809
636 639
637 641
637 712
637 824
637 638
638 640
638 641
638 642
638 639
639 641
639 642
639 643
640 641
640 642
640 643
640 644
641 642
641 643
641 644
641 645
642 644
642 645
642 646
643 644
643 645
643 647
643 823
644 646
644 647
644 648
644 735
645 646
645 647
645 648
645 649
646 647
646 648
646 649
646 650
647 648
647 650
647 651
647 872
648 650
648 652
648 651
649 650
649 652
649 653
650 651
650 652
650 653
650 654
651 652
651 653
651 654
651 655
652 653
652 654
652 655
653 849
653 654
653 655
653 657
654 655
654 656
654 658
655 656
655 657
655 658
655 659
656 901
656 657
656 659
656 926
657 658
657 659
657 661
658 817
658 659
658 660
658 661
658 662
659 660
659 661
659 662
659 663
660 855
660 661
660 662
660 663
660 664
660 703
661 662
661 663
661 664
661 665
662 663
662 664
662 665
662 666
663 707
663 664
663 665
663 666
663 667
664 665
664 666
664 667
664 668
665 666
665 667
665 668
665 669
666 899
666 978
666 668
666 669
667 669
667 670
667 671
668 672
668 669
668 670
668 671
669 672
669 879
669 888
669 670
670 672
670 673
670 674
670 671
671 673
671 674
671 675
671 688
671 823
672 674
672 676
673 674
673 675
673 676
673 677
674 676
674 677
674 678
674 991
675 676
675 677
675 678
675 679
676 677
676 678
676 679
676 680
677 678
677 679
677 680
678 679
678 680
678 682
679 681
679 814
680 832
680 681
680 682
680 683
680 684
680 730
681 682
681 683
681 685
682 705
682 932
682 824
682 826
683 684
683 685
683 686
683 687
684 685
684 686
684 687
684 688
685 686
685 687
685 688
685 689
686 688
686 690
687 688
687 689
687 690
687 691
687 763
688 689
688 690
688 692
689 691
689 692
689 693
690 691
690 692
690 693
690 694
691 944
691 692
691 693
691 694
691 695
692 694
692 696
692 693
693 694
693 695
693 696
693 697
694 695
694 696
694 697
695 697
695 698
695 699
696 697
696 698
696 700
697 698
697 699
697 700
697 701
698 800
698 868
698 701
698 702
699 700
699 701
699 702
699 703
700 704
700 701
700 702
700 703
701 704
701 702
701 703
702 705
702 706
702 873
702 978
702 703
703 704
703 706
703 707
704 705
704 706
704 707
704 708
704 765
705 867
705 708
705 709
706 707
706 708
706 709
706 710
707 709
707 711
707 918
708 710
708 711
708 712
709 710
709 711
709 712
709 803
710 711
710 712
711 712
711 715
712 713
712 714
712 715
712 945
713 714
713 716
713 717
714 715
714 716
714 717
714 718
715 716
715 717
715 718
716 717
716 718
716 719
716 720
717 721
717 719
717 720
718 721
718 719
718 720
718 729
718 911
719 720
719 721
719 723
720 721
720 722
720 723
720 724
720 886
721 994
721 723
721 724
721 725
722 810
722 723
722 724
722 725
722 735
723 972
723 724
723 725
723 726
723 727
724 725
724 726
724 727
724 922
725 726
725 729
726 727
726 729
726 730
727 728
727 729
727 730
728 729
728 731
728 732
729 730
729 731
729 732
729 733
730 731
730 732
730 734
731 733
731 732
731 734
732 736
732 733
732 735
733 736
733 737
733 762
733 734
734 737
734 738
734 867
734 755
734 735
735 736
735 737
735 741
736 738
736 739
736 740
736 982
737 738
737 739
737 741
738 739
738 740
738 741
738 742
739 740
739 743
739 741
740 741
740 742
740 822
740 956
740 767
741 743
741 744
741 745
742 743
742 745
742 746
742 884
742 956
743 744
743 746
743 747
744 745
744 746
744 748
744 922
745 929
745 871
745 746
745 748
745 749
746 748
746 750
746 749
747 748
747 812
747 749
747 750
747 751
748 749
748 750
748 751
748 752
749 751
749 752
750 751
750 752
750 753
750 754
751 752
751 753
751 754
751 755
752 848
752 754
752 755
753 754
753 755
753 756
753 757
754 755
754 756
754 758
755 756
755 757
755 758
756 757
756 758
756 759
757 758
757 759
757 760
757 761
758 759
758 760
758 761
758 762
759 998
759 975
759 760
759 761
759 763
759 958
760 761
760 762
760 763
760 764
761 762
761 763
761 765
762 765
762 763
762 764
762 766
763 857
763 764
763 766
764 768
764 765
764 766
764 767
765 768
765 766
765 767
766 769
766 770
766 985
766 767
767 769
767 771
767 867
768 769
768 771
768 772
769 770
769 771
769 773
770 771
770 772
770 773
770 774
771 772
771 773
771 774
771 775
772 773
772 774
772 776
773 774
773 776
773 777
773 841
774 775
774 776
774 777
774 778
775 778
775 779
776 777
776 778
776 779
777 779
777 780
777 781
778 779
778 780
778 781
778 782
779 781
779 782
779 783
780 781
780 782
780 783
780 784
780 887
781 782
781 783
781 784
781 785
782 783
782 784
782 785
782 786
783 784
783 785
783 786
784 785
784 787
784 788
784 921
785 786
785 787
785 789
785 858
786 787
786 788
786 789
786 790
787 788
787 789
787 790
787 791
788 790
788 791
788 792
789 791
789 792
789 793
790 791
790 792
790 793
790 794
791 792
791 793
791 795
792 857
792 793
792 794
792 795
792 796
793 794
793 795
793 796
793 797
794 795
794 796
794 798
795 985
795 797
795 798
795 799
796 800
796 947
796 797
796 798
797 896
797 801
797 798
797 799
798 800
798 801
798 802
799 800
799 801
799 802
799 803
800 802
800 930
800 820
801 802
801 803
801 804
801 805
802 804
802 805
802 806
803 804
803 807
804 806
804 807
804 843
805 806
805 808
805 809
805 930
806 807
806 808
806 809
807 808
807 809
807 811
808 809
808 812
808 854
809 811
809 810
809 812
809 813
810 811
810 812
810 813
811 812
811 813
811 814
811 815
811 917
812 836
812 814
812 816
813 814
813 816
813 817
814 816
814 817
814 818
815 816
815 817
815 818
815 819
816 817
816 818
816 820
817 819
817 820
817 818
818 819
818 821
818 822
818 884
819 823
819 820
819 821
819 822
819 830
820 855
820 821
820 822
820 823
820 824
821 822
821 824
821 825
822 823
822 824
822 825
822 826
823 824
823 825
823 826
824 825
824 826
824 827
824 828
825 826
825 827
825 828
825 829
826 827
826 828
826 829
826 830
827 828
827 829
827 830
827 831
828 832
828 918
828 830
828 831
829 833
829 835
829 830
829 831
830 832
830 989
830 831
831 832
831 833
831 834
831 835
832 833
832 834
832 836
833 834
833 835
834 835
834 836
834 837
834 838
835 836
835 837
835 838
836 837
836 840
837 840
837 841
838 839
838 840
838 841
838 842
838 861
839 841
839 842
839 840
840 841
840 842
840 954
841 842
841 844
841 845
842 843
842 844
842 845
842 846
843 844
843 845
843 846
843 847
844 845
844 846
844 847
845 847
845 848
845 846
846 847
846 848
846 849
846 850
847 849
847 848
847 850
848 849
848 851
849 850
849 852
849 853
850 851
850 852
850 853
850 854
851 852
851 853
851 854
852 853
852 854
852 855
852 856
853 854
853 855
853 856
853 857
854 856
854 855
854 858
855 859
856 857
856 858
856 859
856 860
857 859
857 860
857 861
858 859
858 860
858 862
859 860
859 861
859 862
859 863
860 864
860 862
860 863
861 864
861 865
861 862
862 864
862 866
862 934
862 863
863 864
863 865
863 866
863 867
864 865
864 866
864 867
864 868
865 992
865 866
865 868
865 869
866 868
866 869
866 870
867 870
868 869
868 870
868 872
869 870
869 871
869 872
869 918
870 871
870 872
870 873
870 874
871 874
871 875
871 873
872 873
872 874
872 876
873 876
873 877
874 875
874 876
874 877
874 878
875 876
875 878
875 879
876 877
876 878
876 879
876 880
877 878
877 879
877 881
878 879
878 880
878 881
878 882
879 880
879 881
879 882
879 883
880 881
880 882
880 883
880 884
881 882
881 884
881 885
881 883
882 883
882 885
882 886
883 884
883 886
884 885
884 886
885 886
885 887
885 888
885 889
886 888
886 889
886 890
887 889
887 890
887 959
888 891
888 892
889 890
889 891
889 892
889 893
890 891
890 892
890 893
890 894
891 892
891 893
892 896
892 893
892 894
892 895
893 896
893 897
893 895
894 896
894 897
894 898
894 895
895 899
896 897
896 898
896 899
897 898
897 900
897 901
898 899
898 900
898 901
898 902
899 900
899 901
899 902
899 903
900 901
900 902
900 903
900 904
900 923
901 902
901 903
902 903
902 904
902 905
902 906
903 904
903 906
903 907
904 908
904 906
905 906
905 907
905 908
905 909
906 908
906 909
906 910
907 908
907 909
907 910
907 911
908 909
908 910
908 912
909 910
909 911
909 912
909 913
910 911
910 912
910 913
910 914
911 912
911 914
911 915
912 914
912 915
912 916
913 914
913 915
913 916
913 917
914 916
914 917
915 918
915 919
916 917
916 918
916 919
917 918
917 919
917 921
918 920
918 921
918 922
919 920
919 921
919 922
919 923
920 922
921 922
921 923
921 924
921 925
922 923
922 924
923 925
923 926
924 925
924 926
924 927
925 928
925 926
925 927
926 928
926 929
926 927
927 929
927 930
927 931
928 929
928 931
928 932
929 930
929 932
930 931
930 934
931 932
931 933
931 935
932 934
932 935
932 936
933 935
933 936
933 937
934 936
934 937
935 936
935 937
935 938
935 939
935 970
936 937
937 938
937 939
937 940
937 941
938 939
938 941
938 942
939 940
939 941
939 942
939 943
940 941
940 942
940 943
940 944
941 944
942 943
942 944
942 945
942 946
943 944
943 945
943 946
943 947
944 946
944 948
944 947
945 946
945 947
945 948
945 949
946 947
946 948
946 949
947 949
947 950
948 949
948 950
948 951
949 950
949 952
949 953
950 951
950 952
950 953
950 954
951 974
951 952
951 953
951 954
951 955
952 953
952 954
952 955
952 956
953 955
953 956
953 954
954 955
954 956
954 957
954 958
955 956
955 957
955 958
955 959
956 960
956 958
956 959
957 960
957 958
957 959
958 960
958 961
958 962
958 959
959 961
959 962
959 963
960 962
960 964
961 962
961 963
961 964
961 965
962 963
962 964
962 965
962 966
963 964
963 965
963 967
964 965
964 966
964 967
964 968
965 967
965 968
966 967
966 968
966 970
967 968
967 969
967 971
968 969
968 970
968 971
968 972
969 970
969 971
969 972
969 973
970 973
970 974
971 973
971 974
971 975
972 973
972 974
973 974
973 977
974 975
974 976
974 977
975 976
975 977
975 978
976 977
976 979
976 980
977 978
977 981
977 984
978 979
978 980
978 981
978 982
979 980
979 981
979 982
979 983
980 981
980 982
980 983
980 984
981 982
981 983
981 985
982 983
982 985
983 987
983 985
983 986
984 986
984 987
984 988
985 987
985 986
985 988
985 989
986 987
986 988
986 989
986 990
987 988
987 989
987 990
987 991
988 992
988 989
988 990
988 991
989 992
989 990
989 991
990 993
990 994
990 991
991 992
991 993
991 995
991 994
992 995
992 996
992 993
993 994
993 995
993 996
993 997
994 995
994 996
994 997
994 998
995 996
995 999
995 997
996 997
996 999
996 998
997 998
997 999
998 999
