0 1
0 2
0 3
0 4
0 418
0 496
0 498
0 499
1 2
1 196
1 5
1 497
1 498
1 217
2 3
2 6
2 489
2 498
2 291
2 31
3 483
3 6
3 358
3 266
3 139
3 499
4 8
4 5
4 6
4 7
5 7
5 8
5 298
5 236
5 174
5 349
6 7
6 9
6 10
6 12
6 342
7 451
7 8
7 11
7 341
7 134
8 9
8 10
8 11
8 12
9 10
9 11
9 12
9 13
10 353
10 11
10 12
10 13
10 14
10 19
10 281
11 421
11 12
11 13
11 14
11 15
12 13
12 15
12 414
13 448
13 16
13 17
13 311
14 15
14 16
14 17
14 18
14 284
15 363
15 16
15 17
15 18
15 339
15 21
16 17
16 18
16 19
16 20
16 349
17 364
17 20
17 21
17 438
17 119
17 410
18 19
18 20
18 21
18 22
19 232
19 21
19 22
19 23
20 21
20 22
20 23
20 24
21 96
21 22
21 23
21 24
21 475
22 481
22 23
22 24
22 25
22 26
23 271
23 497
23 24
23 282
23 27
24 484
24 25
24 218
24 28
25 77
25 237
25 274
25 26
25 28
26 27
26 28
26 29
26 30
27 341
27 152
27 443
27 29
27 30
27 31
28 272
28 283
28 29
28 30
28 31
29 32
29 33
29 30
29 31
30 32
30 33
30 34
30 31
31 32
31 33
31 296
31 139
31 34
31 424
32 33
32 34
32 35
32 36
33 34
33 35
33 36
33 37
34 35
34 36
34 37
34 328
34 298
34 288
34 413
35 36
35 38
35 39
35 490
35 47
35 84
35 377
35 94
36 37
36 38
36 39
36 40
36 162
37 38
37 40
37 41
37 466
37 479
38 39
38 40
38 41
38 42
38 55
38 153
38 185
39 40
39 41
39 42
39 43
40 41
40 42
40 43
40 44
40 212
40 68
41 396
41 42
41 267
41 44
41 45
41 52
42 225
42 260
42 43
42 44
42 45
42 46
43 100
43 44
43 45
43 46
43 47
43 340
43 301
43 317
44 45
44 46
44 47
44 48
45 390
45 46
45 47
45 48
45 49
45 91
46 47
46 48
46 49
46 50
47 453
47 48
47 49
47 250
48 49
48 51
48 405
48 447
49 71
49 489
49 50
49 51
49 61
50 71
50 336
50 51
50 52
50 54
51 69
51 335
51 52
51 53
51 55
51 280
52 53
52 470
52 361
52 56
53 292
53 55
53 152
53 57
53 443
53 188
54 56
54 57
54 58
54 55
55 194
55 195
55 407
55 59
55 213
56 301
56 370
56 57
56 59
56 60
57 247
57 218
57 60
57 61
57 255
58 291
58 59
58 60
58 499
59 284
59 318
59 315
59 60
59 62
60 64
60 61
60 62
60 63
61 64
61 65
61 171
61 192
61 62
61 63
62 64
62 65
62 66
62 241
62 63
63 64
63 65
63 66
63 67
63 208
64 65
64 67
64 68
64 362
64 317
65 66
65 163
65 68
65 69
66 67
66 70
66 266
66 284
67 68
67 69
67 70
67 71
67 110
67 420
68 196
68 70
68 72
68 137
69 70
69 71
69 72
69 111
70 71
70 72
70 73
70 74
71 386
71 73
71 74
71 178
72 73
72 74
72 75
72 76
73 74
73 75
73 76
73 81
74 75
74 108
74 77
74 78
75 78
75 79
75 210
75 412
76 77
76 78
76 79
76 80
77 78
77 79
77 80
77 81
77 138
77 159
78 432
78 172
78 79
78 80
78 81
79 129
79 193
79 80
79 81
79 82
79 302
80 300
80 81
80 82
80 83
80 218
80 476
81 82
81 83
81 84
81 85
82 273
82 83
82 85
82 86
83 422
83 84
83 86
83 87
84 85
84 86
84 251
84 411
85 364
85 86
85 343
85 88
85 89
86 321
86 389
86 433
86 478
86 126
87 88
87 89
87 90
87 91
88 324
88 244
88 90
88 92
89 498
89 91
89 92
89 93
90 107
90 366
90 111
90 186
90 91
90 92
90 94
91 92
91 93
91 94
92 96
92 179
92 93
92 95
93 96
93 97
93 473
93 94
93 95
94 97
94 98
94 95
95 96
95 97
95 99
95 364
96 98
96 99
96 100
96 188
97 98
97 99
97 100
97 101
97 253
98 99
98 100
98 101
98 426
99 470
99 102
99 103
99 276
99 374
99 218
100 101
100 102
100 103
101 102
101 103
101 104
101 105
101 344
102 103
102 104
102 105
102 252
103 104
103 105
103 106
103 107
103 175
103 117
104 106
104 107
104 108
104 334
104 271
104 414
105 449
105 106
105 107
105 108
105 109
105 149
106 107
106 108
106 109
106 110
106 367
106 499
107 108
107 109
107 110
108 196
108 110
108 424
108 307
108 287
109 110
109 111
109 112
109 113
110 112
110 113
110 114
111 193
111 113
111 114
112 427
112 113
112 116
112 186
113 293
113 306
113 269
113 117
113 252
114 480
114 115
114 116
114 117
114 118
114 383
115 298
115 116
115 117
115 118
115 119
115 473
116 206
116 117
116 118
116 119
117 468
117 118
117 119
117 121
118 119
118 120
118 121
118 217
119 177
119 338
119 121
120 121
120 122
120 124
120 482
121 419
121 123
121 124
121 125
122 123
122 124
122 125
122 126
123 124
123 125
123 126
123 127
124 128
124 176
124 126
124 127
125 128
125 246
125 442
125 127
126 128
126 129
126 130
126 127
127 128
127 129
127 130
127 131
128 129
128 130
128 131
128 296
129 449
129 130
129 132
129 417
129 334
130 132
130 133
130 134
130 411
131 132
131 134
131 135
131 484
131 382
132 133
132 135
132 136
132 202
132 487
132 290
132 259
133 134
133 135
133 136
133 338
133 277
134 136
134 137
134 138
135 337
135 137
135 138
135 139
135 209
135 440
136 459
136 137
136 138
136 139
136 140
137 138
137 228
137 223
138 139
138 140
138 412
139 140
139 142
139 143
140 199
140 141
140 142
140 143
140 238
140 154
141 144
141 145
141 142
141 143
142 143
142 144
142 145
142 146
143 145
143 146
143 147
143 182
144 145
144 146
144 147
144 148
145 146
145 147
145 148
145 149
146 164
146 402
146 147
146 149
146 150
147 148
147 149
147 150
147 151
148 149
148 150
148 151
148 152
149 150
149 151
149 152
150 151
150 152
150 153
150 154
151 465
151 152
151 153
151 154
151 155
152 155
152 338
152 154
152 156
153 154
153 155
153 157
154 155
154 156
154 157
155 156
155 157
155 158
155 159
156 160
156 157
156 158
156 159
157 161
157 261
157 237
157 159
158 160
158 161
158 162
158 172
158 159
159 160
159 161
159 162
160 161
160 162
160 163
160 164
161 162
161 164
161 165
161 201
162 164
162 165
162 166
162 362
163 418
163 448
163 166
163 167
163 208
163 372
164 165
164 166
164 167
164 168
165 166
165 167
165 168
165 169
166 167
166 168
166 169
166 170
166 234
166 383
167 391
167 168
167 169
167 419
167 197
168 169
168 170
168 171
168 172
168 255
169 170
169 171
169 172
169 173
170 171
170 172
170 173
170 174
171 321
171 172
171 173
171 175
172 289
172 174
173 174
173 175
173 176
173 177
174 488
174 176
174 177
174 178
175 177
175 178
175 179
175 415
176 307
176 209
176 178
176 179
176 180
177 179
177 180
177 181
177 254
178 179
178 181
178 182
178 245
179 180
179 181
179 182
179 183
180 240
180 182
180 183
180 184
181 455
181 182
181 183
181 184
181 185
182 183
182 184
182 185
182 186
183 429
183 184
183 185
183 187
183 446
184 185
184 187
184 188
184 213
185 186
185 187
185 189
186 214
186 395
186 403
186 187
186 188
186 189
187 188
187 189
187 190
187 191
188 345
188 190
189 192
189 358
189 488
189 268
189 439
190 192
190 193
190 194
190 457
191 192
191 193
191 195
191 459
192 193
192 194
192 196
193 194
193 196
193 197
194 196
194 197
194 198
194 242
194 403
194 453
195 196
195 197
195 198
196 197
196 198
196 200
197 198
197 200
197 201
197 199
197 392
198 199
198 200
198 201
198 202
198 426
199 200
199 201
199 203
200 491
200 201
200 202
200 203
200 204
200 216
201 202
201 204
201 205
201 244
202 203
202 204
202 205
202 379
203 204
203 205
203 206
203 207
204 226
204 206
204 208
204 447
205 206
205 207
205 208
205 209
206 207
206 208
206 209
206 210
207 208
207 209
207 210
207 346
207 318
208 422
208 210
208 211
209 210
209 211
209 213
209 218
210 211
210 212
210 213
210 214
211 388
211 492
211 213
211 410
212 336
212 213
212 214
212 215
213 325
213 215
213 214
213 217
213 216
214 215
214 216
214 217
215 216
215 217
215 218
215 219
216 401
216 217
216 219
217 271
217 218
217 219
217 221
218 219
219 220
219 221
219 222
219 223
220 265
220 221
220 222
220 223
221 224
221 225
221 292
221 223
222 224
222 225
222 226
222 264
222 223
223 225
223 226
223 227
223 291
224 226
224 227
224 456
224 435
225 449
225 226
225 227
225 228
225 323
226 227
226 228
226 229
226 230
227 228
227 229
227 230
227 231
227 381
228 229
228 230
228 231
228 232
229 230
229 231
229 232
229 233
230 231
230 232
230 233
230 234
230 371
231 295
231 232
231 233
231 235
232 385
232 233
232 235
233 234
233 235
233 236
233 237
234 235
234 237
234 238
235 236
235 237
235 238
235 239
236 237
236 239
236 240
237 238
237 239
237 240
237 241
238 390
238 240
238 241
238 242
239 240
239 433
239 242
239 243
240 352
240 241
240 242
240 243
240 244
241 243
241 244
241 245
241 376
242 259
242 396
242 244
242 245
242 246
242 462
243 498
243 244
243 246
243 247
244 245
244 246
244 247
244 248
245 387
245 246
245 247
245 248
246 416
246 272
246 247
246 248
246 249
246 250
247 371
247 429
247 249
247 251
248 363
248 270
248 251
248 252
249 250
249 251
249 252
249 253
250 251
250 252
250 253
251 407
251 252
251 253
251 254
252 256
252 253
252 254
252 255
253 257
253 449
253 254
253 255
254 256
254 257
254 258
254 436
254 255
255 256
255 257
255 259
256 257
256 258
256 259
256 260
256 406
256 383
257 448
257 259
257 261
257 337
257 469
258 259
258 260
258 261
258 262
259 261
259 262
260 261
260 263
260 264
261 262
261 263
261 264
261 265
262 263
262 264
262 265
262 266
263 264
263 265
263 266
263 267
264 265
264 266
264 268
265 266
265 267
265 268
265 269
266 267
266 269
266 270
266 345
267 452
267 268
267 269
267 270
268 388
268 269
268 270
268 271
268 272
269 270
269 271
269 272
270 271
270 272
270 273
270 490
271 387
271 426
272 370
272 424
272 274
273 274
273 275
273 276
273 375
273 285
274 451
274 275
274 276
274 277
275 329
275 426
275 471
275 276
275 277
275 279
276 277
276 278
276 279
276 280
276 346
277 376
277 472
277 369
277 279
277 280
277 314
278 416
278 460
278 279
278 280
278 281
278 282
279 280
279 281
279 282
279 283
279 351
280 281
280 282
280 283
281 494
281 283
281 284
282 283
282 284
282 285
282 286
283 284
283 285
283 286
284 367
284 285
285 288
285 289
285 287
286 288
286 289
286 290
286 483
286 287
287 288
287 289
287 290
287 291
287 388
287 486
288 289
288 291
288 292
289 290
289 291
289 292
289 498
290 291
290 294
290 292
291 293
291 294
291 295
292 293
292 294
292 295
292 296
292 359
292 497
293 294
293 295
293 296
293 297
294 295
294 296
294 297
294 298
294 315
295 385
295 296
295 297
295 298
295 299
296 297
296 298
296 299
296 300
297 298
297 299
297 300
297 301
298 299
298 301
299 300
299 301
299 302
299 303
300 304
300 301
300 302
300 303
301 303
301 305
301 378
302 303
302 304
302 305
302 306
303 304
303 305
303 306
303 307
304 305
304 306
304 307
304 308
305 306
305 307
305 308
305 309
306 390
306 307
306 308
306 309
306 310
307 309
307 310
307 311
308 309
308 310
308 311
308 312
309 310
309 311
309 312
309 313
310 325
310 396
310 312
310 313
310 314
311 358
311 312
311 313
311 314
311 379
312 313
312 314
312 315
312 316
313 400
313 401
313 315
313 316
313 317
314 315
314 317
314 478
315 316
315 318
315 319
316 320
316 317
316 318
316 319
317 321
317 319
318 320
318 322
318 319
319 320
319 321
319 322
319 323
320 417
320 322
320 323
320 324
321 323
321 324
321 325
322 323
322 324
322 325
322 326
322 362
322 398
323 324
323 325
323 326
324 325
324 326
324 327
324 328
325 327
325 328
325 401
326 327
326 329
326 330
326 499
327 328
327 329
327 330
327 331
328 459
328 424
328 329
328 330
328 331
329 460
329 330
329 331
329 332
329 333
330 449
330 332
330 333
330 334
331 332
331 333
331 334
331 335
332 333
332 334
332 335
332 336
333 334
333 335
333 336
333 337
334 336
334 337
335 339
335 337
335 338
336 337
336 339
337 455
337 340
337 341
338 339
338 340
338 341
338 342
339 340
339 341
339 342
339 343
340 341
340 342
340 344
341 342
341 343
341 344
342 343
342 344
342 345
342 346
343 345
343 346
343 347
344 346
344 348
344 445
345 370
345 347
345 348
345 349
346 483
346 347
346 348
346 350
347 390
347 348
347 349
347 351
348 352
348 437
348 349
348 351
349 352
349 351
350 352
350 353
350 354
350 422
351 352
351 354
351 355
351 364
352 353
352 354
352 355
352 378
353 354
353 355
353 357
353 482
353 411
354 355
354 357
354 358
354 417
354 395
354 497
355 356
355 357
355 390
355 359
355 389
355 493
356 357
356 358
356 359
356 360
356 400
356 411
357 358
357 360
357 361
357 408
358 361
358 362
359 362
359 363
359 491
360 361
360 362
360 363
360 364
361 362
361 363
361 364
361 365
362 366
362 365
363 364
363 366
363 367
364 365
364 367
364 368
365 366
365 367
365 368
365 369
366 368
366 370
366 446
367 368
367 370
367 371
368 369
368 370
368 371
368 372
369 370
369 371
369 372
369 373
370 371
370 372
370 373
370 374
371 375
371 373
372 373
372 374
372 375
372 376
373 374
373 471
373 376
373 377
374 416
374 375
374 376
374 377
374 378
375 376
375 377
375 378
375 379
376 377
376 378
377 378
377 379
377 380
377 381
378 380
378 381
379 439
379 380
379 382
379 383
380 384
380 381
380 382
380 383
381 384
381 382
381 383
382 384
382 385
382 386
382 383
383 384
383 420
383 496
384 385
384 386
384 387
384 388
385 386
385 388
385 403
386 387
386 388
386 389
386 390
387 388
387 389
387 390
387 391
388 389
388 390
389 390
389 391
389 392
390 393
390 394
391 392
391 393
391 395
392 393
392 394
392 395
393 394
393 395
393 397
393 456
394 395
394 396
394 397
394 398
395 397
395 398
395 399
396 484
396 397
396 398
397 398
397 399
397 400
397 401
398 399
398 401
398 402
399 400
399 401
399 402
399 403
400 401
400 402
400 403
401 402
401 404
401 405
402 404
402 405
402 406
403 404
403 405
404 405
404 406
404 407
404 408
405 406
405 407
405 408
405 409
406 449
406 408
406 409
406 410
407 408
407 409
407 410
408 409
408 410
408 411
408 412
409 410
409 411
409 412
409 413
410 411
410 444
410 413
410 414
411 415
412 416
412 413
412 414
412 415
413 416
413 417
413 414
413 415
414 416
414 417
414 418
414 445
415 416
415 417
415 418
416 419
417 419
417 420
417 421
418 420
418 421
418 422
418 419
419 420
419 421
419 422
419 423
419 430
420 423
420 424
421 422
421 423
421 424
422 423
422 424
422 426
423 424
423 425
423 426
423 427
424 425
424 428
425 427
425 428
425 429
425 466
426 427
426 428
427 452
427 428
427 429
427 431
428 429
428 430
428 431
428 432
428 447
429 430
429 432
429 433
430 431
430 433
430 434
431 432
431 433
431 434
431 435
432 433
432 434
432 435
432 436
433 434
433 435
433 437
434 435
434 436
434 437
434 438
435 481
435 437
435 438
435 439
436 438
436 439
436 440
437 438
437 439
437 440
437 441
438 439
438 440
438 441
438 442
439 443
439 440
439 441
439 442
440 441
440 442
440 443
440 447
441 499
441 442
441 443
441 444
441 445
442 445
442 443
442 444
442 446
443 481
443 445
443 447
444 448
444 445
444 446
445 448
445 449
445 446
445 447
446 448
446 449
446 450
446 447
447 448
447 449
447 450
448 452
448 449
450 451
450 452
450 453
450 454
451 452
451 453
451 454
452 454
452 455
452 456
453 454
453 455
453 457
454 455
454 456
454 457
454 458
455 456
455 458
455 459
456 458
456 459
456 460
456 457
457 458
457 459
457 460
457 461
458 459
458 460
458 461
458 462
459 460
459 461
460 461
460 463
461 462
461 463
461 464
461 465
462 482
462 465
462 464
462 466
463 464
463 465
463 466
463 467
464 465
464 466
464 467
464 468
465 466
465 467
465 468
466 467
466 468
466 469
466 470
467 468
467 469
467 470
467 471
468 470
468 471
468 472
469 470
469 471
469 472
469 473
470 472
470 474
471 472
471 473
471 474
471 479
472 473
472 474
472 475
473 474
473 475
474 475
474 476
474 477
474 478
475 477
475 478
475 479
476 480
476 477
476 479
477 480
477 481
477 478
477 479
478 480
478 481
478 482
478 479
479 480
479 481
480 482
480 483
480 484
481 484
481 485
482 483
482 485
483 484
484 485
484 486
484 487
485 486
485 487
485 488
485 489
486 487
486 488
486 490
487 488
487 490
487 491
488 489
488 490
488 492
489 490
489 491
489 493
490 491
490 492
490 493
491 493
491 494
491 495
492 493
492 494
492 495
492 496
493 494
493 495
493 496
494 495
494 496
494 497
494 498
495 496
495 497
495 498
495 499
496 498
496 499
497 498
498 499
