0 2
0 3
0 1333
0 696
0 1497
0 1498
0 1499
1 440
1 2
1 4
1 5
2 3
2 4
2 6
2 152
2 1498
2 1499
3 4
3 5
3 6
3 7
3 826
3 1499
4 320
4 5
4 6
4 7
4 1456
5 6
5 198
5 1384
5 9
5 510
6 7
6 8
6 9
6 258
6 572
7 8
7 10
7 11
7 1046
8 928
8 9
8 10
8 11
8 12
8 73
9 10
9 11
9 13
9 308
10 867
10 11
10 12
10 13
10 14
11 1131
11 12
11 14
11 15
12 304
12 995
12 13
12 15
12 16
12 275
13 1127
13 14
13 15
13 16
13 938
14 15
14 16
14 17
14 18
15 16
15 17
15 18
15 19
16 198
16 17
16 18
16 19
16 755
17 256
17 18
17 19
17 21
18 1353
18 74
18 20
18 22
19 1271
19 20
19 21
19 23
20 1218
20 887
20 21
20 22
20 23
20 24
21 433
21 22
21 23
21 24
22 1284
22 1068
22 23
22 25
22 767
23 790
23 780
23 750
23 25
23 26
23 27
24 1475
24 25
24 26
24 27
24 28
25 1211
25 979
25 26
25 27
25 446
26 320
26 1203
26 29
26 287
27 28
27 29
27 30
27 31
28 32
28 1227
28 334
28 30
28 31
29 32
29 33
29 1212
29 30
29 31
30 33
30 34
30 644
30 317
30 660
30 31
31 32
31 33
31 34
31 35
32 33
32 34
32 35
32 36
32 557
33 34
33 35
33 36
33 90
34 35
34 36
34 37
34 38
34 594
34 934
35 36
35 37
35 38
35 39
35 712
36 37
36 38
36 39
36 40
36 527
37 897
37 39
37 40
37 268
37 195
37 766
38 1093
38 39
38 40
38 42
38 339
39 1254
39 1058
39 41
39 43
39 259
40 42
40 43
40 44
40 430
41 42
41 43
41 44
41 45
42 43
42 44
42 45
42 46
42 1119
43 263
43 44
43 45
43 46
44 46
44 47
44 48
44 680
45 232
45 173
45 46
45 47
45 48
45 776
45 1433
46 296
46 47
46 48
46 49
46 1428
46 1308
47 1328
47 1157
47 48
47 49
47 50
47 462
47 983
48 1233
48 1480
48 49
48 50
48 51
48 568
48 957
48 127
49 371
49 1267
49 1336
49 574
50 1353
50 1047
50 52
50 53
50 54
50 599
51 230
51 1286
51 52
51 54
51 55
52 903
52 717
52 55
52 56
53 56
53 57
53 54
53 55
54 680
54 217
54 57
54 58
54 925
54 1406
55 300
55 750
55 58
55 59
56 59
56 776
56 57
56 667
57 1164
57 728
57 58
57 827
57 60
57 61
57 341
58 1065
58 973
58 1113
58 59
58 61
59 944
59 60
59 61
59 62
59 63
60 64
60 733
60 83
60 244
60 61
60 62
61 64
61 65
61 1411
61 63
62 64
62 65
62 66
62 419
63 64
63 65
63 67
63 776
63 595
64 66
64 67
64 68
64 402
64 725
65 66
65 69
65 770
65 145
65 927
66 67
66 68
66 69
66 70
67 512
67 995
67 68
67 71
67 807
67 1021
68 69
68 70
68 71
68 72
69 70
69 71
69 72
69 73
70 71
70 72
70 73
70 74
71 72
71 73
71 74
71 620
71 214
71 1439
72 73
72 74
72 75
72 852
73 74
73 77
73 277
73 981
74 75
74 76
74 77
74 969
74 733
75 76
75 77
75 78
75 79
76 897
76 77
76 1166
76 78
76 859
77 79
77 80
77 108
77 246
78 79
78 81
78 82
78 383
79 80
79 81
79 82
79 83
80 81
80 82
80 83
80 84
80 429
81 944
81 82
81 83
81 84
81 85
81 1016
81 1428
82 389
82 83
82 84
82 85
83 84
83 86
83 87
83 1375
84 971
84 85
84 86
84 87
84 88
85 86
85 87
85 88
85 89
85 315
86 1411
86 1262
86 87
86 88
86 89
86 90
87 1275
87 1128
87 88
87 89
87 90
87 91
88 89
88 90
88 91
88 92
89 90
89 91
89 92
89 93
90 887
90 91
90 92
90 93
90 94
91 92
91 93
91 94
91 95
92 96
92 93
92 94
92 95
93 97
93 525
93 254
93 94
93 95
94 96
94 97
94 98
94 95
95 96
95 97
95 98
95 99
95 1168
96 97
96 98
96 99
96 100
96 760
97 98
97 99
97 100
97 1286
97 848
97 707
98 100
98 101
98 102
98 1297
98 252
99 101
99 102
99 103
99 1194
100 422
100 101
100 102
100 103
100 104
101 102
101 103
101 104
101 105
101 735
102 103
102 105
102 106
102 915
103 106
103 107
103 1293
103 598
103 636
104 456
104 107
104 108
104 719
105 106
105 107
105 108
105 109
106 107
106 108
106 109
106 110
107 515
107 110
107 111
107 729
107 1181
108 1003
108 110
108 111
108 112
109 110
109 111
109 1010
109 1370
110 111
110 112
110 113
110 114
110 1398
111 112
111 113
111 114
111 115
112 966
112 114
112 793
112 122
112 702
113 1099
113 780
113 114
113 115
113 116
113 117
114 484
114 1163
114 115
114 820
114 117
115 116
115 117
115 118
115 119
116 1026
116 117
116 119
116 120
117 613
117 118
117 119
117 121
117 980
118 144
118 119
118 120
118 121
118 122
119 1027
119 120
119 121
119 122
119 123
120 573
120 658
120 121
120 123
120 124
120 541
121 570
121 122
121 123
121 124
121 125
122 875
122 495
122 123
122 124
123 1241
123 1029
123 702
123 124
123 125
123 126
123 127
124 128
124 1016
124 125
124 126
124 127
125 128
125 129
125 126
125 127
126 128
126 129
126 130
126 127
127 130
127 425
127 689
128 1281
128 131
128 132
128 235
128 141
129 130
129 898
129 1069
129 177
129 642
130 131
130 132
130 133
130 134
131 1091
131 132
131 133
131 134
131 135
132 133
132 135
132 136
132 1122
132 635
132 357
133 769
133 230
133 135
133 136
133 1013
133 758
134 136
134 137
134 171
134 911
134 1231
134 893
135 1216
135 137
135 138
135 139
136 137
136 138
136 139
136 140
137 138
137 139
137 140
137 141
138 1378
138 139
138 140
138 142
138 1492
138 1308
139 140
139 141
139 142
139 143
139 341
140 226
140 141
140 142
140 143
140 223
141 142
141 144
141 1132
142 929
142 144
142 145
142 1119
143 144
143 145
143 146
143 147
144 145
144 146
144 147
144 375
145 237
145 146
145 147
145 149
146 147
146 149
146 150
146 825
147 148
147 149
147 151
147 212
148 271
148 149
148 151
148 152
148 639
149 150
149 152
149 153
149 1342
150 151
150 152
150 153
150 154
151 1485
151 1487
151 152
151 154
151 155
152 441
152 485
152 463
152 979
152 153
152 154
152 155
153 841
153 154
153 155
153 157
154 165
154 1035
154 528
154 1458
154 155
154 156
154 157
155 896
155 567
155 156
155 157
155 158
155 159
156 1458
156 1049
156 157
156 158
156 159
157 160
157 161
157 816
157 1242
157 158
157 159
158 160
158 162
158 1115
158 229
159 160
159 161
159 162
159 163
160 161
160 164
160 459
160 980
160 501
161 162
161 163
161 164
161 165
162 163
162 165
162 166
162 508
163 166
163 167
163 168
163 605
164 165
164 166
164 167
164 168
164 1263
164 467
164 756
165 166
165 167
165 691
166 167
166 168
166 169
166 1107
166 792
166 799
167 1248
167 193
167 169
167 1042
167 1429
168 169
168 170
168 171
168 172
169 170
169 171
169 172
169 173
170 171
170 172
170 173
170 174
170 1198
171 172
171 173
171 174
171 574
172 1413
172 173
172 174
172 175
172 176
172 1176
173 1093
173 1261
173 1428
174 175
174 176
174 177
174 178
175 176
175 177
175 178
175 179
176 177
176 594
176 180
176 751
176 223
177 992
177 178
177 179
177 180
177 181
177 252
178 274
178 179
178 180
178 181
178 182
179 553
179 180
179 181
179 182
179 183
180 303
180 181
180 182
180 183
181 182
181 183
181 184
181 185
182 183
182 184
182 185
182 186
183 198
183 970
183 184
183 186
183 187
183 618
184 644
184 1221
184 1202
184 484
184 186
184 187
185 689
185 186
185 187
185 188
185 189
186 519
186 1321
186 282
186 189
186 190
187 1188
187 662
187 188
187 189
188 192
188 189
188 190
188 191
189 192
189 193
189 1172
189 190
189 191
190 192
190 194
190 427
190 1335
190 191
191 192
191 193
191 194
191 195
192 193
192 194
192 195
192 620
193 194
193 195
193 196
194 195
194 196
194 197
194 198
194 406
195 197
195 199
195 310
196 197
196 198
196 199
196 200
196 335
197 198
197 199
197 200
197 201
197 1257
198 199
198 201
198 941
199 200
199 201
199 202
199 203
200 201
200 202
200 203
200 204
200 1424
201 547
201 202
201 204
201 205
201 333
201 655
202 203
202 205
202 206
202 968
202 991
203 204
203 205
203 206
203 207
204 909
204 205
204 206
204 207
204 208
205 206
205 207
205 209
205 632
206 781
206 207
206 209
206 1144
206 287
207 577
207 208
207 209
207 210
207 211
207 1262
208 209
208 210
208 211
208 212
209 1458
209 210
209 211
209 213
210 1122
210 402
210 212
210 213
210 214
211 1415
211 1325
211 430
211 212
211 213
211 215
212 1324
212 213
212 214
212 215
212 216
213 1416
213 845
213 215
213 216
213 217
214 817
214 727
214 1016
214 377
214 218
215 216
215 217
215 218
215 219
216 538
216 219
216 220
216 607
217 942
217 218
217 219
217 220
217 221
218 219
218 220
218 221
218 222
219 548
219 336
219 220
219 222
220 224
220 1181
220 1137
220 766
220 221
220 222
221 224
221 225
221 791
221 222
221 223
222 224
222 225
222 226
222 1279
223 224
223 225
223 226
223 227
224 227
224 228
224 1480
224 1041
224 916
225 226
225 228
225 229
225 1396
226 228
226 229
226 230
227 738
227 228
227 229
227 230
227 231
227 815
227 345
228 1156
228 229
228 230
228 231
228 683
228 759
229 230
229 231
229 232
229 233
229 1351
230 232
230 1360
230 274
231 232
231 233
231 234
231 235
231 671
232 234
232 235
232 917
233 234
233 236
233 237
233 1336
233 859
234 235
234 236
234 237
234 884
234 1054
235 236
235 237
235 238
235 239
235 1179
236 1068
236 237
236 238
236 239
236 240
237 241
237 238
237 240
238 240
238 241
238 242
238 341
238 438
239 1229
239 240
239 241
239 243
239 1209
240 1484
240 241
240 243
240 244
240 278
240 948
240 730
241 1194
241 242
241 245
241 1269
242 243
242 244
242 245
242 246
242 1245
243 323
243 244
243 246
243 247
244 369
244 245
244 246
245 724
245 246
245 247
245 248
245 249
246 247
246 248
246 249
246 250
247 1058
247 1315
247 1390
247 249
247 250
248 249
248 250
248 251
248 252
249 250
249 251
249 252
249 253
250 1404
250 1036
250 1073
250 251
250 252
250 1341
251 423
251 540
251 743
251 252
251 253
251 254
251 255
252 256
252 400
252 254
253 256
253 257
253 254
253 255
254 256
254 257
254 774
254 1024
254 255
255 256
255 257
255 258
255 259
256 257
256 259
256 718
256 596
257 258
257 259
257 260
257 1387
257 1111
257 331
258 262
258 259
258 260
258 261
259 260
259 262
259 263
260 1216
260 262
260 263
260 264
260 397
261 262
261 263
261 264
261 265
261 322
261 1326
261 1104
262 263
262 265
262 266
262 484
263 264
263 265
263 783
263 267
264 265
264 266
264 267
264 268
264 922
265 266
265 267
265 268
265 269
266 267
266 268
266 269
266 270
267 268
267 269
267 270
267 271
268 269
268 270
268 271
268 272
269 1409
269 270
269 271
269 273
269 925
270 1294
270 271
270 272
270 273
270 274
271 272
271 273
271 274
271 275
272 899
272 722
272 273
272 274
272 275
272 276
273 274
273 275
273 276
273 277
274 275
274 277
274 278
275 276
275 277
275 279
275 1172
276 974
276 277
276 279
276 280
277 1153
277 1073
277 278
277 280
278 404
278 279
278 281
278 895
279 1048
279 280
279 281
279 282
279 283
280 281
280 282
280 283
280 284
281 282
281 283
281 284
281 285
282 1442
282 848
282 284
282 378
282 286
282 575
283 1497
283 1413
283 1006
283 287
284 288
284 1155
284 332
284 756
284 286
284 287
285 288
285 289
285 286
285 287
286 288
286 290
286 1425
286 1111
286 287
287 288
287 290
287 291
288 290
288 291
288 323
288 1075
288 1333
288 1273
288 1407
289 290
289 291
289 292
289 293
289 824
290 291
290 292
290 293
290 294
290 561
290 1151
291 292
291 293
291 295
291 351
292 293
292 294
292 295
292 296
293 294
293 295
293 296
293 297
293 1460
294 295
294 296
294 297
294 298
295 913
295 297
295 299
295 558
295 817
296 298
296 299
296 1302
297 1129
297 300
297 372
297 468
297 1274
297 798
298 299
298 300
298 301
298 302
299 1026
299 300
299 301
299 302
299 303
300 1187
300 301
300 302
300 303
300 304
301 648
301 1357
301 1294
301 303
301 302
302 303
302 304
302 305
302 306
302 954
303 866
303 304
303 306
303 307
303 403
303 638
304 305
304 307
304 308
304 1149
305 1446
305 1293
305 1265
305 306
305 308
305 309
306 307
306 308
306 309
306 1401
307 308
307 309
307 310
307 311
308 977
308 1223
308 309
308 310
308 311
308 312
309 1248
309 579
309 403
309 311
310 311
310 312
310 313
310 314
311 312
311 313
311 314
311 315
312 313
312 314
312 315
312 316
313 643
313 1208
313 599
313 314
313 317
314 330
314 315
314 317
314 318
315 1186
315 324
315 1326
315 924
316 320
316 317
316 318
316 669
317 320
317 476
317 319
318 320
318 321
318 322
318 319
319 320
319 321
319 323
319 1298
320 1089
320 322
320 323
320 868
320 324
321 322
321 324
321 325
321 415
322 323
322 324
322 326
322 1262
323 324
323 325
323 390
323 647
324 326
324 328
324 883
324 796
325 326
325 327
325 329
325 1074
326 1379
326 328
326 329
326 330
326 944
327 865
327 1067
327 329
327 331
327 1100
327 876
328 865
328 739
328 936
328 329
328 332
328 890
329 1153
329 330
329 332
329 333
329 542
330 331
330 332
330 334
330 831
331 332
331 557
331 333
332 333
332 335
332 336
333 335
333 336
333 337
333 697
333 1052
334 335
334 337
334 338
334 1460
334 830
335 336
335 338
335 1299
336 1153
336 337
336 338
336 340
337 338
337 339
337 340
337 341
338 878
338 339
338 341
338 342
339 341
339 342
339 343
339 1279
340 342
340 1110
340 343
340 344
341 342
341 343
341 344
342 343
342 344
342 345
342 346
343 1351
343 344
343 345
343 990
344 345
344 346
344 347
344 348
345 869
345 876
345 346
345 347
345 348
346 1351
346 1201
346 347
346 349
346 350
347 645
347 348
347 349
347 351
348 519
348 808
348 351
348 703
349 352
349 353
349 350
349 351
350 353
350 354
350 1161
350 351
351 352
351 353
351 1220
351 355
352 353
352 355
352 356
352 1046
353 354
353 355
353 356
353 357
353 546
354 355
354 362
354 825
354 890
354 1370
355 356
355 357
355 359
355 898
355 846
356 357
356 358
356 359
356 360
357 358
357 359
357 1226
358 359
358 360
358 362
358 751
359 360
359 361
359 362
359 363
360 1281
360 361
360 1351
360 364
360 1193
361 362
361 363
361 364
361 365
362 1163
362 363
362 364
362 365
362 366
363 364
363 365
363 366
363 367
363 398
364 365
364 366
364 367
364 368
365 672
365 367
365 368
365 369
366 1032
366 367
366 1448
366 410
366 1053
367 487
367 462
367 371
367 950
368 369
368 370
368 371
368 372
369 1292
369 370
369 371
369 372
369 373
370 1130
370 371
370 372
370 373
371 772
371 372
371 373
371 374
371 375
372 1476
372 373
372 375
373 758
373 374
373 375
373 377
374 375
374 376
374 377
374 378
375 376
375 377
375 379
376 377
376 378
376 379
376 380
377 378
377 379
377 380
377 381
378 994
378 1477
378 441
378 379
378 380
379 395
379 1439
379 380
379 383
380 384
380 487
380 528
380 381
381 384
381 385
381 678
381 383
382 384
382 385
382 386
382 458
382 383
383 384
383 386
383 387
383 1042
384 385
384 386
384 387
384 388
385 387
385 388
385 1246
385 599
385 1316
386 387
386 388
386 390
386 423
387 388
387 389
387 390
387 391
388 389
388 390
388 392
388 987
389 391
389 392
389 393
389 951
390 391
390 392
390 393
390 394
391 392
391 393
391 394
391 395
392 393
392 395
392 396
392 629
393 394
393 396
393 397
393 1202
394 395
394 396
394 397
394 398
395 396
395 397
395 398
395 399
395 476
396 397
396 398
396 399
396 400
397 398
397 399
397 400
397 751
398 399
398 400
398 401
398 734
399 1361
399 400
399 401
399 402
399 403
399 982
400 401
400 402
400 404
401 547
401 403
401 404
401 405
402 1058
402 403
402 404
402 406
402 1465
402 1054
403 404
403 407
403 405
404 970
404 406
404 408
405 462
405 790
405 408
405 409
405 474
406 408
406 409
406 410
407 1452
407 408
407 409
407 410
407 411
408 1450
408 409
408 410
408 412
409 507
409 410
409 411
409 412
409 413
410 412
410 413
410 414
411 560
411 505
411 413
411 414
412 416
412 450
412 475
412 414
412 415
413 416
413 417
413 414
413 415
414 416
414 417
414 418
414 1225
414 1370
415 418
415 419
415 417
415 557
415 590
416 417
416 418
416 419
416 420
416 1387
417 418
417 419
417 421
417 1032
418 419
418 420
418 421
418 1448
419 420
419 421
419 423
419 613
420 421
420 422
420 423
420 547
421 422
421 423
421 425
421 1415
421 1324
422 423
422 424
422 426
423 424
423 425
423 426
423 1245
424 715
424 425
424 426
424 427
424 428
425 994
425 427
425 428
425 429
425 1014
426 427
426 428
426 429
426 430
427 428
427 429
427 430
427 431
428 429
428 430
428 431
428 432
428 1083
429 432
429 430
429 433
430 1291
430 1491
430 432
430 434
430 1278
431 934
431 432
431 434
431 435
431 853
432 433
432 434
432 435
432 436
432 790
432 666
433 1152
433 434
433 435
433 436
434 594
434 435
434 436
434 438
434 1342
435 649
435 436
435 438
435 439
435 479
436 483
436 965
436 1446
436 438
436 439
437 440
437 441
437 438
437 439
438 439
438 441
438 1307
439 1220
439 440
439 442
439 443
440 587
440 441
440 443
440 444
441 513
441 445
441 442
442 443
442 444
442 445
442 446
443 444
443 445
443 446
443 447
444 448
444 1106
444 445
444 446
444 447
445 448
445 449
445 446
445 447
446 448
446 450
446 447
447 448
447 449
447 450
447 451
447 1347
448 449
448 451
448 452
448 1121
449 450
449 451
449 452
449 453
450 451
450 452
450 453
451 452
451 453
451 454
451 455
452 453
452 454
452 455
452 456
453 454
453 455
453 456
453 457
453 1324
454 549
454 455
454 1481
454 889
454 794
455 456
455 457
455 586
455 459
456 457
456 458
456 459
456 460
457 458
457 459
457 460
457 461
458 460
458 461
458 462
459 460
459 461
459 463
459 492
460 524
460 461
460 463
460 862
461 462
461 463
461 464
461 465
462 464
462 466
462 463
463 465
463 466
463 467
464 650
464 465
464 467
464 468
465 1134
465 466
465 467
465 468
465 469
465 628
466 1099
466 467
466 468
466 469
466 470
467 468
467 469
467 471
467 766
468 1027
468 469
468 471
469 1433
469 471
469 472
469 473
470 711
470 1206
470 471
470 473
470 474
471 815
471 472
471 474
471 475
472 473
472 474
472 475
472 476
473 590
473 1135
473 474
473 475
473 477
474 475
474 476
474 478
475 476
475 1304
475 508
475 477
475 478
476 480
476 478
476 479
477 480
477 481
477 478
477 479
478 480
478 481
478 482
478 479
479 480
479 482
479 483
480 481
480 483
480 484
480 1034
480 803
481 482
481 483
481 484
481 1178
482 864
482 484
482 485
482 486
483 484
483 487
483 1099
483 535
483 671
483 833
484 486
484 487
484 488
484 856
485 488
485 486
485 487
486 487
486 488
486 489
486 490
487 488
487 489
487 490
487 491
487 718
487 1397
488 489
488 490
488 492
488 1423
489 644
489 490
489 491
489 492
489 493
490 491
490 492
490 493
490 494
491 492
491 493
491 494
491 495
492 493
492 494
492 495
492 496
492 1309
493 494
493 495
493 496
493 497
494 495
494 496
494 497
494 498
495 496
495 497
495 498
495 499
496 1125
496 497
496 498
496 499
496 500
497 1121
497 1322
497 499
497 500
497 1421
498 499
498 500
498 501
498 502
498 948
499 1093
499 500
499 501
499 502
499 1209
500 1065
500 1234
500 501
500 502
501 516
501 750
501 612
501 505
502 1233
502 952
502 503
502 504
502 506
503 903
503 1447
503 504
503 506
503 507
504 1041
504 680
504 783
504 945
504 891
504 508
505 507
505 506
505 508
505 509
506 1110
506 1452
506 507
506 508
506 509
506 510
507 576
507 1287
507 851
507 509
507 510
507 511
508 717
508 1390
508 1394
508 509
508 510
508 511
509 513
509 556
509 510
509 511
510 513
510 514
510 511
511 512
511 513
511 515
511 608
512 513
512 514
512 515
512 516
513 514
513 515
513 1155
514 515
514 516
514 517
514 518
515 517
515 518
515 1129
515 797
516 1025
516 517
516 518
516 519
516 520
517 518
517 519
517 521
517 676
518 519
518 520
518 521
518 522
518 911
518 797
519 521
519 522
519 523
519 848
519 1204
519 757
520 521
520 522
520 523
520 524
521 676
521 523
521 524
521 525
521 870
522 523
522 524
522 525
522 526
523 524
523 525
523 526
523 527
524 525
524 526
524 527
524 1010
525 526
525 527
525 528
525 1332
526 977
526 528
526 529
526 530
527 1411
527 530
527 531
528 716
528 530
528 531
528 532
529 584
529 530
529 531
529 532
529 533
530 531
530 532
530 533
530 534
530 1237
531 532
531 533
531 534
531 535
531 1341
532 1121
532 533
532 534
532 535
532 536
532 921
533 1391
533 534
533 535
533 536
533 537
534 776
534 535
534 536
534 537
535 1299
535 538
535 539
536 1160
536 537
536 538
536 540
537 1354
537 538
537 539
537 540
538 609
538 837
538 1190
538 1260
538 540
539 540
539 541
539 542
539 543
540 544
540 542
540 543
541 1319
541 1150
541 1143
541 542
541 543
542 544
542 545
542 546
542 543
543 544
543 545
543 546
543 547
543 590
544 546
544 547
544 548
544 1295
545 546
545 547
545 548
545 549
546 547
546 548
546 549
547 549
547 550
547 551
547 548
548 549
548 550
548 551
548 552
548 713
549 550
549 551
549 552
549 553
550 551
550 552
550 553
550 554
551 552
551 553
551 554
551 555
552 553
552 554
552 556
552 987
553 555
553 556
553 557
554 555
554 556
554 589
554 981
554 1082
555 556
555 557
555 558
555 559
556 557
556 558
556 559
556 560
557 559
557 1202
558 559
558 560
558 561
559 1029
559 560
559 562
559 563
560 659
560 562
560 563
560 564
561 563
561 564
561 565
562 563
562 564
562 565
562 566
562 1339
563 564
563 565
563 566
563 567
564 565
564 566
564 567
564 568
565 1481
565 1262
565 566
565 568
565 569
566 567
566 568
566 569
566 570
567 673
567 571
567 677
567 1459
567 569
567 570
568 569
568 571
568 572
569 1058
569 1479
569 1162
569 570
569 571
569 572
570 571
570 572
570 573
571 1220
571 1454
571 573
571 574
571 575
572 576
572 1079
572 573
572 574
573 577
573 574
573 575
574 576
574 577
574 1450
574 575
575 577
575 578
575 579
576 578
576 579
576 580
577 578
577 579
577 581
578 580
578 581
578 582
578 778
578 723
579 580
579 581
579 582
579 583
579 1012
580 581
580 582
580 583
580 584
580 1094
581 582
581 583
581 584
581 585
581 1402
582 583
582 584
582 585
582 586
582 1155
583 584
583 586
583 587
583 829
584 585
584 1002
584 587
584 853
584 1290
585 649
585 586
585 587
585 589
586 587
586 588
586 589
586 590
587 588
587 1005
587 591
587 623
588 589
588 590
588 591
588 592
589 590
589 591
589 592
589 593
590 1345
590 591
590 789
591 1251
591 592
591 594
591 595
591 1307
592 593
592 594
592 595
592 596
593 966
593 594
593 595
593 597
594 596
595 1357
595 597
595 926
596 1316
596 1390
596 598
596 599
596 600
597 1453
597 598
597 599
597 600
597 601
598 1280
598 1482
598 599
598 600
598 601
598 602
599 1123
599 601
599 600
600 1253
600 685
600 601
600 602
601 602
601 603
601 604
601 605
601 1461
602 1297
602 606
602 603
602 638
603 604
603 605
603 606
603 607
604 608
604 605
604 606
604 607
605 608
605 609
605 1147
605 606
605 607
606 608
606 609
606 610
606 607
607 608
607 609
607 610
607 611
608 609
608 610
608 611
608 993
609 611
609 613
609 727
610 611
610 612
610 613
610 614
611 612
611 613
611 614
611 615
612 613
612 614
612 616
613 615
613 616
613 617
614 615
614 617
614 618
614 794
615 616
615 617
615 618
615 619
616 1291
616 617
616 618
616 619
616 620
616 858
617 618
617 619
617 620
617 621
618 619
618 621
618 622
618 634
618 1087
619 620
619 622
619 623
619 731
620 1093
620 621
620 624
620 1043
621 622
621 623
621 624
621 625
622 1169
622 623
622 624
622 625
623 1221
623 815
623 624
623 627
623 1045
624 779
624 625
624 626
624 628
624 1302
625 626
625 627
625 628
625 629
626 627
626 628
626 629
626 630
627 628
627 1429
627 630
627 631
628 629
628 631
628 632
629 780
629 630
629 631
629 632
629 633
629 735
630 631
630 632
630 633
630 634
631 632
631 633
631 634
631 1342
632 864
632 1060
632 1190
632 634
632 635
632 636
633 690
633 634
633 635
633 636
634 635
634 636
634 637
635 722
635 637
635 638
635 639
636 640
636 637
636 638
636 639
637 640
637 641
637 1251
637 1415
637 769
638 640
638 642
638 639
639 640
639 642
639 643
639 963
640 641
640 642
640 643
640 644
641 642
641 643
641 644
641 645
642 644
642 645
642 646
642 1120
642 788
643 930
643 1445
643 647
643 1390
644 648
644 680
645 997
645 646
645 647
645 648
645 1327
646 647
646 648
646 649
646 799
647 648
647 649
647 650
647 1114
648 969
648 650
648 651
648 652
649 650
649 651
649 652
649 653
650 1286
650 651
650 652
650 653
650 654
651 652
651 653
651 654
651 655
652 654
652 655
652 656
652 969
653 936
653 654
653 655
653 657
653 1331
654 655
654 656
654 657
654 658
655 656
655 658
655 659
655 959
656 657
656 658
656 659
656 660
657 658
657 659
657 660
657 661
658 659
658 660
658 661
659 882
659 660
659 661
659 662
659 663
660 661
660 662
660 663
660 664
661 662
661 663
661 664
661 665
662 663
662 664
662 665
662 666
663 664
663 665
663 666
663 667
664 665
664 666
664 667
664 668
665 666
665 667
665 668
665 669
665 766
666 925
666 668
666 669
666 671
667 668
667 669
667 670
667 671
668 672
668 1472
668 669
668 670
668 671
669 672
669 673
669 670
669 671
670 672
670 673
670 674
670 671
671 672
671 674
672 673
672 674
672 675
672 676
673 674
673 675
673 677
674 675
674 676
674 677
674 922
675 676
675 677
675 678
675 679
676 678
676 679
676 1454
676 677
677 1281
677 681
677 1493
678 679
678 680
678 681
678 682
679 680
679 681
679 682
679 683
679 1295
680 684
680 681
680 775
680 1460
681 682
681 683
681 684
681 685
682 683
682 684
682 685
682 686
683 684
683 685
683 686
684 685
684 686
684 687
684 688
685 1064
685 686
685 687
685 688
685 860
686 1219
686 687
686 688
686 1265
686 759
687 870
687 688
687 690
687 691
687 767
688 912
688 690
688 691
688 692
689 690
689 691
689 1015
689 1213
690 691
690 692
690 693
690 694
691 1288
691 693
691 694
691 695
692 1190
692 1429
692 694
692 695
692 1279
692 693
693 694
693 695
693 696
693 697
694 1224
694 1391
694 695
694 696
694 698
695 1305
695 697
695 698
695 699
695 1053
696 697
696 698
696 699
696 700
697 1473
697 700
697 701
698 1180
698 699
698 700
698 701
698 702
699 817
699 700
699 701
699 703
700 704
700 1417
700 1131
700 701
700 702
701 704
701 705
701 1370
701 702
701 703
702 704
702 706
702 775
703 704
703 705
703 707
703 1478
704 705
704 706
704 707
704 708
704 1040
704 1347
705 706
705 707
705 708
705 709
705 1461
706 708
706 709
706 710
706 1393
706 858
707 708
707 710
707 711
707 1188
708 709
708 710
708 711
708 712
708 854
709 710
709 711
709 712
709 713
710 711
710 712
710 713
710 714
711 712
711 713
711 1326
712 713
712 714
712 715
713 716
713 717
713 753
714 715
714 716
714 717
714 718
715 717
715 718
715 719
715 862
716 720
716 717
716 719
717 1031
717 718
717 719
717 720
718 719
718 720
718 721
718 726
719 720
719 721
719 722
719 723
720 721
720 722
720 723
720 724
721 939
721 723
721 724
721 725
722 723
722 724
723 724
723 725
723 726
724 726
724 727
724 728
725 1421
725 726
725 729
725 1053
726 1364
726 728
726 729
726 730
727 1420
727 730
727 731
728 1322
728 729
728 730
728 731
729 956
729 730
729 731
729 732
729 733
730 1416
730 1039
730 732
730 733
731 1294
731 732
731 733
731 734
731 735
732 736
732 1390
732 733
732 734
732 735
733 736
733 737
733 1336
734 737
734 738
734 735
735 736
735 738
736 737
736 738
736 739
736 740
736 782
737 738
737 739
737 740
737 741
738 740
738 742
738 739
739 740
739 741
739 742
739 743
740 741
740 742
740 744
740 1327
741 742
741 743
741 744
741 745
742 743
742 744
742 746
742 886
742 925
743 744
743 745
743 746
744 745
744 746
744 747
744 748
745 746
745 747
745 748
745 749
746 992
746 747
746 748
746 749
746 750
747 748
747 749
747 750
747 751
748 1067
748 749
748 750
748 751
749 901
749 1031
749 750
749 752
749 753
750 751
750 752
750 754
751 752
751 753
751 754
751 755
751 1369
752 753
752 754
752 755
752 756
753 754
753 755
753 756
753 757
754 816
754 755
754 757
754 758
755 756
755 758
755 759
756 1005
756 759
757 1127
757 759
757 761
758 1250
758 1422
758 761
759 760
759 761
760 891
760 763
760 764
761 1441
761 762
761 763
761 765
762 763
762 764
762 765
762 766
763 1410
763 764
763 765
763 766
763 767
764 1289
764 1421
764 766
764 767
765 768
765 769
765 770
765 1417
765 766
765 767
767 768
767 770
767 771
767 1096
768 770
768 771
768 772
768 1214
769 770
769 771
769 772
770 771
770 772
770 774
771 772
771 773
771 774
771 775
771 1051
772 773
772 774
772 775
773 774
773 775
773 776
773 1040
773 1288
773 895
774 775
774 777
774 778
774 1497
774 1050
775 777
775 778
775 776
776 1121
776 778
776 780
777 900
777 778
777 779
777 781
777 1028
777 1498
778 779
778 780
778 781
778 782
779 781
779 782
779 783
780 783
780 784
781 782
781 783
781 784
781 785
781 1463
782 783
782 785
782 1107
783 1101
783 784
783 785
783 786
783 787
784 1298
784 786
784 787
784 788
785 932
785 786
785 787
785 788
785 789
786 787
786 788
786 789
786 790
787 788
787 789
787 790
787 791
788 789
788 790
788 791
788 792
789 1199
789 791
789 792
789 793
790 791
790 792
791 904
791 792
791 793
792 1479
792 793
792 794
793 794
793 795
793 796
793 797
794 795
794 796
794 797
794 798
795 1299
795 796
795 797
795 798
795 799
796 800
796 797
796 798
796 799
797 1004
797 799
798 800
798 801
798 802
798 799
799 800
799 801
799 803
799 1152
800 801
800 802
800 803
800 804
801 802
801 803
801 804
801 805
801 1205
802 803
802 804
802 805
802 1180
803 804
803 806
803 807
803 1077
804 805
804 806
804 807
804 808
805 806
805 807
805 808
805 809
806 807
806 808
806 809
806 810
806 1027
806 1366
807 1287
807 808
807 809
807 811
807 1092
807 1375
808 809
808 810
808 811
808 812
809 1220
809 810
809 811
809 812
809 813
809 1171
810 811
810 812
810 813
810 814
811 833
811 812
811 813
811 814
811 815
812 813
812 814
812 815
812 816
813 814
813 815
813 816
813 817
813 1141
814 815
814 816
814 817
814 818
814 979
815 816
815 817
815 819
815 1339
816 817
816 819
816 820
817 818
817 819
817 821
818 819
818 820
818 821
818 917
819 820
819 821
819 822
819 823
820 1044
820 821
820 822
820 823
821 1093
821 880
821 823
821 825
822 1377
822 823
822 824
822 825
822 826
823 1376
823 824
823 825
823 826
823 827
824 1067
824 1141
824 827
824 828
824 1149
825 1029
825 826
825 827
825 828
825 829
825 831
826 827
826 828
826 830
827 1356
827 828
827 829
827 831
828 832
828 829
828 830
828 831
829 832
829 833
829 1034
829 1036
829 1165
829 1235
829 830
830 832
830 833
830 831
831 833
831 834
831 835
831 1205
831 1144
832 833
832 834
832 836
832 911
833 836
833 837
833 991
834 835
834 836
834 837
834 838
835 837
835 838
835 1031
835 839
835 1324
836 837
836 838
836 839
836 840
837 838
837 839
837 841
837 1292
837 905
838 839
838 840
838 841
838 842
839 840
839 841
839 842
839 843
840 841
840 842
840 843
840 844
840 978
841 842
841 843
841 845
841 1457
841 1405
842 1089
842 843
842 844
842 845
842 846
842 892
843 844
843 845
843 846
843 847
844 1474
844 845
844 846
844 848
845 847
845 848
845 849
846 847
846 848
846 849
846 1379
847 848
847 849
847 850
847 851
848 850
848 1427
848 852
849 1098
849 850
849 851
849 852
849 853
850 1395
850 851
850 852
850 853
850 854
851 1256
851 852
851 854
851 1087
852 853
852 854
852 855
852 856
852 1470
853 1325
853 856
853 857
854 855
854 856
854 858
855 888
855 856
855 857
855 858
855 859
856 858
856 859
856 860
856 1471
857 871
857 858
857 859
857 860
857 861
858 859
858 860
858 862
859 1418
859 861
859 862
860 864
860 861
860 862
860 863
861 864
861 865
861 1218
861 862
861 863
862 864
862 865
862 866
863 864
863 866
863 1123
863 867
864 867
864 868
864 1268
865 866
865 867
865 981
866 867
866 868
866 869
866 870
866 1063
866 889
867 868
867 869
867 871
868 869
868 872
868 1161
869 871
869 872
869 873
870 871
870 872
870 874
870 873
871 872
871 873
871 874
872 873
872 874
872 875
872 876
872 1093
873 874
873 876
873 877
873 1293
873 1487
873 1309
874 1312
874 876
874 877
874 878
875 876
875 877
875 878
875 879
876 1126
876 877
876 878
876 880
876 1151
877 878
877 879
877 880
877 881
878 879
878 880
878 881
878 1366
878 882
879 1282
879 1477
879 880
879 881
879 882
880 881
880 882
880 883
880 991
881 882
881 883
881 884
881 885
882 885
882 886
882 883
883 884
883 886
883 887
883 1085
884 886
884 887
884 888
885 1312
885 886
885 887
885 888
885 889
886 887
886 888
886 889
886 890
887 889
887 890
888 889
888 891
888 892
889 891
889 892
889 893
890 892
890 893
890 894
891 1483
891 1299
891 892
891 894
891 895
892 1054
892 893
892 894
892 895
893 896
893 897
893 1272
893 894
893 895
894 896
894 1250
894 1075
894 895
895 896
895 897
895 1375
896 897
896 898
896 899
897 899
897 900
897 1306
897 901
897 986
898 900
898 901
898 1100
899 902
899 903
899 1146
900 901
900 902
900 903
900 904
900 1077
901 1413
901 902
901 904
901 905
901 1198
902 903
902 904
902 905
902 906
903 904
903 906
903 907
904 905
904 906
904 907
904 908
905 907
905 908
905 909
905 1288
906 907
906 908
906 909
906 910
907 908
907 909
907 910
907 1391
908 909
908 910
908 911
908 912
908 1499
909 1156
909 911
909 912
910 911
910 912
910 913
910 914
911 913
911 914
912 1057
912 913
912 914
912 915
912 919
913 1299
913 914
913 915
913 916
913 917
914 915
914 916
914 917
914 918
915 1454
915 916
915 917
915 919
916 940
916 917
916 919
916 920
917 1329
917 918
917 919
917 920
917 921
918 919
918 920
918 921
918 922
919 970
919 921
919 922
919 923
920 921
920 922
920 923
920 924
921 1466
921 923
921 924
922 1318
922 923
922 924
922 926
923 949
923 925
923 926
923 927
924 928
924 925
924 926
924 927
925 928
925 927
926 928
926 929
926 930
926 1400
926 927
927 928
927 930
927 931
927 965
927 929
928 930
928 931
928 1386
929 930
929 931
929 932
929 933
929 1498
929 1308
930 932
930 933
930 934
930 931
931 932
931 933
931 934
931 935
932 933
932 934
932 936
933 934
933 935
933 936
933 1143
933 1307
934 936
934 938
934 1347
935 936
935 937
935 938
935 939
936 1056
936 937
936 938
937 938
937 939
937 940
937 1032
938 972
938 941
938 942
939 940
939 941
939 942
939 943
940 968
940 942
940 943
940 944
941 1252
941 942
941 944
941 945
941 1438
942 943
942 944
942 945
943 944
943 945
943 946
943 947
943 974
944 946
944 948
945 1479
945 1234
945 946
945 947
945 1364
946 1067
946 947
946 948
946 949
947 948
947 949
947 950
947 951
948 949
948 951
949 950
949 951
949 952
949 953
950 963
950 1360
950 951
950 952
950 953
951 952
951 953
951 954
951 955
952 953
952 954
952 955
952 956
953 954
953 955
953 956
953 957
954 1435
954 1040
954 955
954 956
955 956
955 957
955 958
955 959
956 960
956 957
956 958
957 960
957 1152
957 958
957 959
958 960
958 961
958 962
958 959
959 961
959 962
959 963
960 961
960 962
960 963
960 964
961 962
961 963
961 964
961 965
961 1038
962 963
962 964
962 965
962 966
963 966
963 967
963 1002
964 965
964 966
964 967
964 968
964 1351
965 966
965 969
965 1200
966 968
966 969
966 970
966 1490
967 1280
967 969
967 970
967 971
968 969
968 971
968 1274
968 972
969 1408
969 972
969 973
970 971
970 973
970 974
971 972
971 973
971 975
972 974
972 975
972 976
973 974
973 975
973 976
973 977
974 1280
974 976
974 978
975 1384
975 976
975 978
975 979
975 1407
976 977
976 978
976 980
976 982
977 1201
977 979
977 981
978 979
978 981
978 982
979 980
979 981
979 983
980 1440
980 982
980 984
980 981
981 984
981 985
982 1450
982 983
982 984
982 986
983 984
983 985
983 987
984 1354
984 985
984 986
984 988
985 1217
985 986
985 987
985 988
986 1484
986 987
986 988
986 989
986 990
987 988
987 989
987 990
987 991
988 992
988 1130
988 989
988 990
988 991
989 992
989 993
989 1375
989 990
989 991
990 992
990 993
990 994
990 1222
990 1215
991 992
991 994
991 995
991 1461
992 993
992 994
992 1308
992 1449
993 994
993 995
993 997
993 1100
994 995
994 996
994 997
994 998
995 996
995 1014
996 997
996 998
996 999
996 1000
997 998
997 999
997 1000
997 1001
998 999
998 1000
998 1001
998 1002
999 1063
999 1000
999 1001
999 1002
999 1003
1000 1001
1000 1002
1000 1003
1000 1102
1001 1002
1001 1003
1001 1004
1001 1005
1002 1003
1002 1004
1002 1006
1003 1004
1003 1006
1003 1005
1003 1007
1004 1005
1004 1006
1004 1007
1004 1008
1004 1358
1004 1439
1005 1006
1005 1007
1005 1008
1005 1009
1006 1007
1006 1008
1006 1009
1006 1010
1007 1008
1007 1009
1007 1010
1007 1011
1008 1009
1008 1010
1008 1011
1008 1012
1009 1010
1009 1011
1009 1012
1009 1013
1009 1214
1010 1011
1010 1012
1010 1013
1010 1014
1011 1161
1011 1111
1011 1014
1011 1015
1012 1014
1012 1015
1012 1016
1013 1014
1013 1015
1013 1016
1013 1017
1014 1015
1014 1017
1014 1018
1015 1294
1015 1016
1015 1017
1015 1019
1015 1438
1016 1017
1016 1018
1017 1018
1017 1019
1017 1020
1017 1021
1018 1019
1018 1020
1018 1021
1018 1022
1019 1485
1019 1021
1019 1022
1019 1023
1020 1024
1020 1021
1020 1022
1020 1023
1021 1024
1021 1025
1021 1083
1021 1022
1021 1023
1022 1024
1022 1025
1022 1026
1022 1023
1023 1024
1023 1026
1023 1027
1023 1242
1024 1025
1024 1026
1024 1027
1024 1028
1025 1027
1025 1028
1025 1029
1026 1027
1026 1028
1026 1030
1027 1028
1027 1029
1027 1214
1028 1029
1028 1030
1028 1032
1029 1126
1029 1031
1029 1033
1030 1031
1030 1032
1030 1033
1030 1401
1031 1313
1031 1033
1031 1034
1031 1035
1032 1033
1032 1035
1032 1036
1032 1083
1033 1035
1033 1036
1033 1037
1033 1462
1034 1036
1034 1037
1034 1038
1035 1036
1035 1037
1035 1039
1036 1037
1036 1038
1037 1284
1037 1038
1037 1039
1037 1040
1038 1039
1038 1040
1038 1042
1039 1040
1039 1041
1039 1042
1039 1043
1040 1041
1040 1042
1041 1042
1041 1043
1041 1044
1041 1045
1042 1044
1042 1045
1042 1046
1042 1465
1043 1044
1043 1045
1043 1430
1043 1047
1044 1045
1044 1047
1044 1048
1045 1355
1045 1046
1045 1047
1045 1049
1046 1315
1046 1047
1046 1048
1046 1050
1046 1149
1047 1048
1047 1049
1047 1051
1048 1049
1048 1050
1048 1051
1049 1052
1049 1193
1049 1050
1049 1051
1049 1053
1050 1051
1050 1052
1050 1054
1051 1052
1051 1054
1051 1055
1052 1056
1052 1054
1052 1055
1053 1056
1053 1057
1053 1312
1053 1054
1054 1057
1054 1171
1054 1434
1054 1055
1055 1056
1055 1057
1055 1058
1055 1059
1056 1057
1056 1058
1056 1059
1056 1060
1057 1136
1057 1058
1057 1059
1057 1060
1057 1061
1058 1059
1058 1060
1058 1062
1059 1060
1059 1061
1059 1062
1059 1408
1059 1496
1060 1061
1060 1062
1060 1063
1060 1064
1061 1062
1061 1063
1061 1064
1061 1065
1062 1063
1062 1064
1062 1065
1062 1066
1062 1431
1063 1066
1063 1067
1064 1065
1064 1067
1064 1068
1065 1066
1065 1067
1065 1068
1065 1069
1066 1067
1066 1068
1066 1069
1066 1070
1067 1069
1067 1068
1068 1069
1068 1071
1068 1072
1068 1371
1069 1070
1069 1071
1069 1072
1070 1071
1070 1072
1070 1073
1070 1074
1071 1201
1071 1072
1071 1073
1071 1074
1071 1075
1072 1073
1072 1074
1072 1075
1072 1076
1073 1074
1073 1075
1073 1077
1074 1075
1074 1076
1074 1077
1074 1078
1075 1076
1075 1077
1075 1078
1075 1429
1076 1077
1076 1078
1076 1079
1076 1080
1077 1080
1077 1081
1078 1157
1078 1105
1078 1080
1078 1081
1078 1310
1079 1080
1079 1082
1079 1081
1080 1081
1080 1082
1080 1083
1080 1084
1081 1082
1081 1083
1081 1084
1081 1085
1082 1083
1082 1084
1082 1085
1082 1086
1083 1085
1083 1086
1084 1088
1084 1367
1084 1085
1084 1086
1084 1087
1085 1088
1085 1089
1085 1086
1086 1088
1086 1089
1086 1090
1086 1087
1087 1088
1087 1089
1087 1091
1087 1219
1088 1089
1088 1090
1088 1091
1088 1092
1088 1385
1089 1090
1089 1480
1089 1265
1089 1340
1090 1091
1090 1092
1090 1093
1090 1094
1091 1092
1091 1094
1091 1095
1092 1094
1092 1096
1092 1209
1093 1094
1093 1097
1093 1386
1093 1277
1094 1095
1094 1096
1094 1098
1095 1096
1095 1097
1095 1098
1095 1099
1095 1183
1096 1097
1096 1099
1096 1100
1097 1098
1097 1099
1097 1100
1097 1101
1098 1100
1098 1102
1098 1455
1098 1398
1099 1103
1100 1283
1100 1101
1100 1103
1100 1104
1101 1102
1101 1103
1101 1104
1102 1103
1102 1104
1102 1105
1102 1106
1103 1346
1103 1105
1103 1106
1103 1107
1104 1107
1104 1108
1104 1237
1105 1106
1105 1107
1105 1108
1105 1109
1106 1254
1106 1107
1106 1108
1107 1108
1107 1109
1107 1110
1107 1111
1108 1109
1108 1110
1108 1111
1108 1112
1109 1197
1109 1110
1109 1111
1109 1112
1109 1113
1109 1468
1110 1113
1110 1111
1110 1272
1111 1112
1111 1115
1112 1113
1112 1114
1112 1115
1112 1116
1113 1117
1113 1116
1113 1114
1113 1278
1114 1115
1114 1116
1114 1117
1115 1118
1115 1116
1115 1117
1115 1119
1116 1120
1116 1117
1116 1118
1116 1119
1117 1120
1117 1121
1117 1118
1117 1119
1118 1120
1118 1121
1118 1122
1118 1119
1119 1122
1119 1123
1119 1416
1120 1121
1120 1124
1120 1122
1121 1122
1121 1123
1121 1124
1121 1125
1121 1226
1121 1336
1122 1126
1122 1124
1122 1147
1123 1124
1123 1125
1123 1126
1123 1127
1124 1125
1124 1126
1124 1127
1124 1128
1125 1349
1125 1126
1125 1127
1126 1127
1126 1128
1127 1128
1127 1129
1127 1130
1127 1131
1128 1129
1128 1131
1128 1132
1129 1130
1129 1131
1129 1132
1129 1133
1130 1131
1130 1132
1130 1134
1131 1133
1131 1134
1131 1135
1132 1134
1132 1133
1132 1136
1132 1135
1133 1134
1133 1135
1133 1136
1133 1137
1134 1473
1134 1135
1134 1136
1134 1138
1135 1491
1135 1136
1135 1137
1135 1138
1135 1139
1136 1137
1136 1138
1136 1140
1137 1139
1137 1140
1137 1141
1138 1395
1138 1139
1138 1140
1138 1141
1138 1142
1139 1140
1139 1141
1139 1142
1139 1143
1140 1141
1140 1142
1140 1143
1140 1144
1140 1406
1141 1142
1141 1143
1142 1239
1142 1422
1142 1143
1142 1144
1142 1146
1143 1144
1143 1145
1143 1147
1144 1145
1144 1146
1144 1148
1145 1146
1145 1147
1145 1148
1145 1149
1146 1147
1146 1148
1146 1149
1146 1150
1147 1149
1147 1148
1147 1151
1148 1152
1148 1149
1148 1150
1148 1151
1149 1152
1149 1150
1149 1151
1150 1152
1150 1153
1150 1154
1150 1179
1151 1154
1151 1362
1152 1153
1152 1156
1152 1289
1153 1155
1153 1156
1153 1157
1154 1155
1154 1156
1154 1157
1154 1158
1154 1161
1154 1482
1155 1156
1155 1157
1155 1158
1156 1157
1156 1158
1156 1159
1156 1160
1157 1158
1157 1159
1157 1161
1158 1159
1158 1160
1158 1161
1158 1162
1159 1160
1159 1161
1159 1162
1159 1163
1159 1166
1159 1170
1160 1346
1160 1161
1160 1163
1160 1164
1161 1162
1161 1164
1161 1165
1162 1163
1162 1164
1162 1358
1163 1164
1163 1165
1163 1166
1164 1165
1164 1167
1164 1168
1165 1166
1165 1167
1165 1168
1165 1169
1166 1358
1166 1167
1166 1169
1166 1170
1167 1168
1167 1169
1167 1170
1167 1171
1167 1463
1168 1169
1168 1170
1168 1171
1169 1217
1169 1170
1169 1171
1169 1172
1169 1173
1170 1172
1170 1173
1170 1174
1171 1174
1171 1175
1171 1244
1172 1281
1172 1292
1172 1173
1172 1176
1173 1174
1173 1175
1173 1176
1173 1177
1174 1285
1174 1175
1174 1176
1174 1177
1174 1178
1175 1176
1175 1177
1175 1178
1175 1179
1176 1297
1176 1177
1176 1178
1176 1179
1177 1178
1177 1179
1177 1180
1177 1181
1178 1179
1178 1180
1178 1181
1178 1182
1179 1180
1179 1183
1180 1184
1180 1182
1180 1183
1181 1184
1181 1185
1181 1182
1181 1183
1182 1184
1182 1185
1182 1186
1182 1183
1183 1184
1183 1185
1183 1186
1184 1185
1184 1186
1184 1187
1184 1188
1185 1186
1185 1187
1185 1188
1185 1189
1186 1187
1186 1188
1186 1189
1186 1190
1187 1189
1187 1190
1187 1191
1187 1494
1187 1303
1188 1189
1188 1190
1188 1191
1188 1192
1189 1190
1189 1191
1189 1192
1189 1193
1190 1192
1190 1193
1191 1192
1191 1193
1191 1194
1191 1195
1192 1193
1192 1194
1192 1195
1192 1196
1193 1194
1193 1195
1193 1196
1194 1195
1194 1196
1194 1197
1194 1198
1195 1196
1195 1197
1195 1198
1195 1199
1196 1197
1196 1198
1196 1199
1196 1200
1196 1403
1197 1198
1197 1199
1197 1200
1197 1372
1198 1199
1198 1200
1198 1201
1199 1201
1199 1202
1199 1203
1200 1201
1200 1202
1200 1203
1200 1204
1201 1453
1201 1203
1201 1486
1202 1203
1202 1204
1202 1205
1202 1206
1203 1204
1203 1205
1203 1206
1203 1207
1204 1205
1204 1206
1204 1207
1204 1208
1205 1207
1205 1208
1206 1207
1206 1208
1206 1209
1206 1210
1207 1208
1207 1209
1207 1210
1207 1211
1208 1209
1208 1210
1208 1211
1208 1212
1209 1210
1209 1211
1210 1211
1210 1212
1210 1213
1210 1214
1211 1249
1211 1212
1211 1213
1211 1215
1212 1216
1212 1213
1212 1215
1213 1216
1213 1217
1213 1214
1213 1215
1214 1216
1214 1215
1215 1216
1215 1217
1215 1218
1215 1219
1216 1217
1216 1218
1216 1220
1217 1218
1217 1220
1217 1221
1217 1288
1217 1328
1218 1220
1218 1284
1219 1220
1219 1221
1219 1223
1219 1321
1220 1223
1220 1224
1221 1222
1221 1223
1222 1225
1222 1226
1222 1223
1223 1225
1223 1226
1223 1227
1223 1300
1224 1225
1224 1226
1224 1227
1224 1228
1225 1226
1225 1227
1225 1229
1226 1227
1226 1228
1226 1230
1227 1229
1227 1230
1227 1231
1228 1229
1228 1230
1228 1231
1228 1232
1229 1323
1229 1231
1229 1232
1229 1233
1229 1459
1230 1231
1230 1233
1230 1234
1230 1370
1231 1232
1231 1234
1231 1427
1232 1448
1232 1233
1232 1234
1232 1235
1232 1236
1233 1234
1233 1237
1233 1367
1234 1235
1234 1237
1234 1238
1234 1236
1235 1236
1235 1237
1235 1239
1236 1237
1236 1238
1236 1239
1236 1240
1237 1250
1237 1238
1237 1241
1238 1479
1238 1385
1238 1239
1238 1240
1238 1241
1238 1242
1239 1240
1239 1241
1239 1242
1239 1243
1240 1421
1240 1241
1240 1242
1240 1243
1240 1244
1241 1243
1241 1242
1241 1244
1242 1245
1242 1243
1242 1244
1243 1244
1243 1245
1243 1246
1243 1247
1244 1248
1244 1245
1244 1247
1245 1248
1245 1249
1246 1248
1246 1250
1246 1249
1247 1248
1247 1249
1247 1250
1247 1251
1248 1249
1248 1250
1248 1251
1248 1252
1249 1250
1249 1251
1249 1252
1249 1253
1250 1251
1250 1252
1250 1253
1250 1254
1251 1252
1251 1253
1251 1254
1251 1255
1252 1253
1252 1255
1252 1256
1253 1254
1253 1255
1253 1256
1253 1257
1254 1255
1254 1256
1254 1257
1254 1258
1255 1256
1255 1257
1255 1258
1255 1259
1255 1375
1256 1257
1256 1258
1256 1260
1257 1259
1257 1260
1257 1261
1258 1259
1258 1261
1258 1262
1258 1372
1259 1260
1259 1261
1259 1262
1259 1263
1260 1261
1260 1262
1260 1263
1260 1264
1261 1262
1261 1263
1261 1264
1261 1265
1262 1264
1263 1265
1263 1266
1263 1267
1264 1265
1264 1266
1264 1267
1264 1268
1265 1268
1265 1269
1266 1267
1266 1268
1266 1269
1266 1270
1267 1268
1267 1269
1267 1270
1267 1271
1268 1269
1268 1270
1268 1271
1268 1272
1269 1270
1269 1271
1269 1272
1269 1273
1270 1271
1270 1272
1270 1273
1270 1274
1271 1272
1271 1273
1271 1274
1271 1275
1272 1490
1272 1273
1272 1275
1273 1274
1273 1275
1273 1276
1273 1277
1274 1443
1274 1276
1274 1278
1275 1390
1275 1278
1275 1279
1276 1280
1276 1468
1276 1277
1276 1278
1276 1279
1277 1280
1277 1281
1277 1278
1277 1279
1278 1280
1278 1279
1279 1280
1279 1282
1280 1281
1280 1282
1280 1283
1281 1282
1281 1283
1281 1284
1282 1283
1282 1284
1282 1285
1283 1284
1283 1285
1283 1286
1283 1435
1284 1285
1284 1286
1284 1287
1285 1286
1285 1287
1285 1289
1286 1289
1287 1288
1287 1290
1288 1290
1288 1291
1289 1290
1289 1291
1289 1292
1289 1293
1290 1291
1290 1292
1290 1293
1291 1292
1291 1293
1291 1294
1292 1293
1292 1294
1292 1296
1293 1295
1293 1297
1294 1296
1295 1296
1295 1297
1295 1299
1296 1297
1296 1298
1296 1299
1296 1300
1297 1298
1297 1299
1297 1300
1298 1299
1298 1300
1298 1301
1298 1302
1299 1302
1300 1301
1300 1303
1300 1304
1301 1302
1301 1303
1301 1304
1301 1305
1302 1303
1302 1304
1302 1305
1302 1306
1303 1305
1303 1306
1303 1307
1304 1305
1304 1307
1304 1308
1305 1306
1305 1308
1305 1309
1306 1307
1306 1308
1306 1310
1307 1308
1307 1309
1307 1310
1308 1309
1309 1313
1309 1310
1309 1311
1310 1312
1310 1313
1310 1314
1311 1312
1311 1313
1311 1314
1311 1315
1312 1315
1312 1316
1313 1315
1313 1316
1313 1317
1314 1315
1314 1316
1314 1317
1314 1318
1315 1318
1315 1319
1316 1317
1316 1318
1316 1319
1317 1318
1317 1319
1317 1320
1317 1321
1318 1320
1318 1321
1318 1322
1319 1320
1319 1321
1319 1322
1319 1323
1320 1321
1320 1322
1320 1323
1320 1324
1321 1322
1321 1323
1321 1324
1322 1323
1322 1325
1322 1326
1323 1324
1323 1326
1323 1325
1323 1327
1324 1325
1325 1326
1325 1328
1326 1327
1326 1328
1326 1330
1327 1328
1327 1329
1327 1330
1328 1330
1328 1331
1328 1332
1329 1333
1329 1330
1329 1331
1330 1331
1330 1332
1330 1333
1330 1334
1331 1333
1331 1334
1331 1335
1332 1333
1332 1335
1332 1336
1333 1334
1333 1335
1333 1337
1334 1335
1334 1336
1334 1337
1334 1338
1335 1337
1335 1338
1335 1339
1336 1337
1336 1340
1337 1338
1337 1339
1337 1340
1337 1341
1338 1339
1338 1340
1338 1341
1338 1342
1339 1341
1339 1342
1340 1344
1340 1437
1340 1341
1340 1342
1341 1345
1341 1342
1341 1343
1342 1344
1342 1345
1342 1346
1342 1343
1343 1344
1343 1345
1343 1346
1343 1347
1344 1345
1344 1346
1344 1347
1344 1348
1345 1346
1345 1347
1345 1348
1345 1349
1346 1347
1346 1348
1346 1349
1346 1350
1347 1350
1347 1351
1347 1376
1348 1349
1348 1350
1348 1351
1348 1352
1349 1350
1349 1351
1349 1352
1349 1353
1350 1351
1350 1352
1350 1353
1350 1354
1351 1355
1352 1353
1352 1354
1352 1355
1352 1356
1353 1354
1353 1355
1353 1356
1353 1357
1354 1355
1354 1356
1354 1357
1354 1358
1355 1356
1355 1357
1355 1358
1355 1359
1356 1357
1356 1358
1356 1360
1357 1410
1357 1358
1357 1359
1357 1360
1357 1361
1358 1359
1358 1362
1359 1360
1359 1361
1359 1362
1359 1363
1360 1361
1360 1362
1360 1363
1360 1364
1361 1363
1361 1364
1361 1365
1362 1363
1362 1364
1362 1365
1362 1366
1363 1378
1363 1364
1363 1365
1363 1366
1363 1367
1364 1366
1364 1367
1364 1425
1365 1366
1365 1367
1365 1368
1365 1369
1366 1367
1366 1368
1367 1369
1367 1371
1368 1369
1368 1370
1368 1371
1368 1372
1369 1370
1369 1371
1369 1372
1370 1472
1370 1374
1371 1373
1371 1374
1371 1375
1372 1376
1372 1373
1372 1375
1373 1376
1373 1377
1373 1374
1373 1375
1374 1376
1374 1377
1374 1378
1374 1375
1375 1379
1376 1377
1376 1378
1376 1485
1377 1379
1377 1380
1377 1381
1378 1379
1378 1382
1379 1381
1379 1383
1379 1382
1380 1384
1380 1381
1380 1382
1380 1383
1381 1382
1381 1383
1381 1384
1381 1385
1381 1402
1382 1383
1382 1384
1382 1385
1382 1386
1383 1384
1383 1385
1383 1386
1383 1387
1384 1385
1384 1387
1384 1388
1385 1387
1385 1388
1386 1387
1386 1389
1386 1390
1387 1388
1387 1389
1387 1390
1388 1389
1388 1390
1388 1391
1388 1392
1389 1390
1389 1391
1389 1392
1389 1393
1390 1391
1390 1392
1391 1392
1391 1395
1392 1452
1392 1393
1392 1394
1392 1396
1393 1395
1393 1396
1393 1397
1394 1395
1394 1397
1394 1398
1395 1398
1395 1399
1396 1397
1396 1398
1396 1399
1396 1400
1397 1399
1397 1400
1397 1401
1398 1399
1398 1401
1399 1400
1399 1401
1399 1402
1399 1403
1400 1402
1400 1403
1400 1404
1401 1402
1401 1403
1401 1404
1401 1405
1402 1465
1402 1403
1402 1406
1403 1405
1403 1406
1403 1407
1404 1408
1404 1405
1404 1406
1404 1407
1405 1408
1405 1409
1405 1406
1406 1408
1406 1409
1407 1408
1407 1410
1407 1411
1408 1409
1408 1410
1408 1412
1408 1411
1409 1410
1409 1411
1409 1412
1410 1413
1410 1414
1411 1412
1411 1414
1411 1415
1412 1413
1412 1414
1412 1415
1412 1416
1413 1414
1413 1416
1414 1416
1414 1417
1414 1418
1414 1448
1415 1416
1415 1418
1415 1419
1416 1417
1416 1418
1416 1419
1417 1418
1417 1419
1417 1421
1418 1445
1418 1419
1418 1420
1418 1421
1418 1422
1419 1420
1419 1421
1419 1422
1419 1423
1420 1421
1420 1422
1420 1423
1420 1424
1421 1422
1421 1424
1422 1423
1422 1424
1422 1426
1423 1424
1423 1425
1423 1426
1423 1427
1424 1425
1424 1427
1424 1428
1425 1426
1425 1427
1425 1428
1426 1427
1426 1428
1426 1429
1426 1430
1427 1429
1427 1430
1427 1431
1428 1429
1428 1430
1428 1432
1429 1433
1429 1430
1429 1431
1429 1432
1430 1431
1430 1432
1430 1433
1430 1434
1431 1432
1431 1434
1431 1435
1432 1433
1432 1434
1432 1435
1432 1436
1433 1434
1433 1435
1433 1436
1433 1437
1434 1438
1434 1436
1434 1437
1435 1436
1435 1437
1435 1438
1436 1440
1436 1437
1436 1438
1436 1439
1437 1440
1437 1441
1437 1444
1437 1439
1438 1440
1438 1441
1438 1439
1439 1440
1439 1441
1440 1441
1440 1442
1440 1444
1440 1496
1441 1442
1441 1443
1441 1444
1441 1445
1442 1443
1442 1444
1442 1445
1443 1444
1443 1445
1443 1446
1443 1447
1444 1446
1444 1447
1444 1448
1444 1490
1445 1447
1445 1449
1446 1448
1446 1450
1447 1448
1447 1449
1447 1450
1447 1451
1448 1450
1448 1451
1448 1452
1449 1450
1449 1451
1449 1452
1450 1462
1450 1452
1450 1453
1451 1452
1451 1453
1451 1454
1451 1455
1452 1453
1452 1454
1453 1454
1453 1455
1453 1456
1454 1455
1454 1456
1454 1457
1455 1456
1455 1457
1455 1458
1455 1459
1456 1457
1456 1458
1456 1459
1456 1460
1457 1458
1457 1459
1457 1460
1457 1461
1458 1459
1458 1460
1458 1461
1459 1463
1459 1461
1460 1461
1460 1463
1460 1464
1461 1462
1462 1463
1462 1464
1462 1465
1462 1466
1463 1465
1463 1467
1464 1465
1464 1466
1464 1467
1464 1468
1465 1467
1465 1468
1466 1467
1466 1468
1466 1469
1466 1470
1467 1468
1467 1469
1467 1470
1467 1471
1468 1469
1468 1471
1469 1472
1469 1473
1469 1470
1469 1471
1470 1472
1470 1473
1470 1471
1471 1472
1471 1474
1471 1475
1472 1473
1472 1474
1472 1476
1473 1474
1473 1475
1473 1476
1474 1475
1474 1476
1474 1477
1474 1478
1475 1476
1475 1478
1475 1479
1476 1477
1476 1478
1476 1479
1476 1480
1477 1478
1477 1479
1477 1480
1478 1479
1478 1480
1478 1481
1478 1482
1479 1480
1479 1481
1480 1482
1480 1483
1480 1484
1481 1484
1481 1485
1482 1484
1482 1486
1483 1485
1483 1486
1483 1487
1484 1488
1484 1485
1484 1487
1485 1487
1485 1488
1486 1487
1486 1488
1486 1490
1486 1494
1487 1489
1487 1490
1487 1491
1488 1489
1488 1490
1488 1491
1488 1492
1489 1490
1489 1491
1489 1492
1489 1493
1490 1492
1490 1494
1491 1493
1491 1494
1492 1494
1492 1495
1492 1496
1493 1494
1493 1495
1493 1496
1493 1497
1494 1495
1494 1496
1495 1496
1495 1497
1495 1498
1495 1499
1496 1497
1496 1498
1496 1499
1497 1499
1497 1498
