0 1
0 2
0 3
0 4
0 290
0 495
0 496
0 497
0 498
0 499
1 2
1 3
1 4
1 5
1 498
2 450
2 3
2 4
2 5
2 6
2 43
2 499
2 29
3 4
3 5
3 6
3 7
3 241
3 499
3 442
4 5
4 8
4 16
4 371
4 410
5 465
5 8
5 9
5 266
5 322
5 209
6 7
6 8
6 10
6 207
6 16
6 179
7 128
7 8
7 10
7 332
7 335
7 351
8 136
8 9
8 10
8 11
9 10
9 11
9 12
9 13
10 11
10 12
10 14
10 407
11 35
11 12
11 14
11 15
11 334
11 155
12 66
12 451
12 390
12 13
12 16
12 50
12 409
13 492
13 15
13 17
13 92
14 270
14 15
14 17
14 404
14 74
15 101
15 16
15 17
15 18
15 19
16 336
16 18
16 19
16 31
17 18
17 19
17 20
17 21
17 476
18 19
18 20
18 21
18 22
19 172
19 338
19 20
19 21
19 22
19 23
20 21
20 22
20 24
20 414
21 328
21 235
21 22
21 23
21 25
22 23
22 24
22 25
22 26
23 296
23 338
23 24
23 27
24 291
24 380
24 143
24 121
24 26
24 27
24 28
25 26
25 27
25 28
25 29
26 489
26 27
26 29
26 30
27 175
27 305
27 28
27 30
28 32
28 100
28 363
28 302
28 29
29 32
29 33
29 427
29 30
30 32
30 34
30 91
30 45
30 83
30 278
31 64
31 34
31 35
31 488
31 370
32 33
32 36
32 266
32 215
32 219
33 34
33 35
33 36
33 37
33 111
34 261
34 37
34 38
34 108
34 312
35 36
35 37
35 38
35 425
35 434
35 83
35 213
36 37
36 38
36 39
36 40
36 448
36 389
37 38
37 39
37 40
37 41
37 211
38 39
38 40
38 41
38 42
38 445
39 40
39 41
39 42
39 43
39 493
39 278
40 41
40 42
40 43
40 412
41 42
41 43
41 142
41 367
41 455
42 44
42 45
42 46
42 183
43 44
43 45
43 76
44 166
44 45
44 46
44 47
45 46
45 47
45 401
45 91
46 48
46 49
46 50
46 318
47 48
47 49
47 50
47 51
48 168
48 49
48 51
48 185
48 255
49 332
49 50
49 52
49 53
50 51
50 52
50 53
50 54
51 52
51 53
51 54
51 350
52 391
52 424
52 468
52 53
52 54
52 55
53 54
53 55
53 56
53 57
54 455
54 56
54 57
54 58
54 316
55 56
55 57
55 58
55 59
56 405
56 341
56 57
56 59
57 179
57 59
57 60
57 61
58 299
58 59
58 60
58 61
58 62
59 328
59 60
59 62
59 63
60 234
60 244
60 61
60 62
61 270
61 147
61 150
61 62
61 63
62 416
62 66
62 411
62 100
62 313
62 63
63 65
63 66
63 67
63 356
63 468
64 65
64 66
64 68
64 335
64 243
65 66
65 67
65 388
65 463
65 68
66 68
66 69
66 70
67 68
67 69
67 70
67 71
67 132
68 229
68 70
68 71
68 72
69 260
69 71
69 72
69 73
69 465
70 71
70 72
70 74
70 208
70 346
71 74
71 75
71 364
71 333
72 73
72 75
72 76
72 485
73 74
73 75
73 76
73 77
73 303
74 292
74 75
74 76
74 77
74 371
75 260
75 78
75 79
75 457
76 78
76 79
76 80
76 410
77 78
77 80
77 81
77 469
78 311
78 227
78 471
78 111
78 80
78 87
79 261
79 80
79 81
79 83
80 81
80 82
80 83
80 84
81 82
81 83
81 84
81 85
82 199
82 84
82 85
82 86
83 84
83 86
84 85
84 86
84 87
84 88
85 258
85 177
85 86
85 87
85 88
85 89
86 239
86 87
86 88
86 89
86 90
87 294
87 299
87 88
87 89
87 91
88 394
88 90
88 91
88 92
89 343
89 217
89 91
89 92
89 93
90 92
90 91
90 316
90 94
91 390
91 399
91 94
91 93
91 95
92 96
92 132
92 349
92 382
92 93
92 94
92 95
93 96
93 97
93 120
93 94
94 96
94 97
94 401
94 95
95 96
95 97
95 98
95 99
96 449
96 99
96 267
96 332
97 480
97 98
97 99
97 100
97 101
98 99
98 100
98 101
98 102
99 100
99 101
99 102
99 103
99 489
100 101
100 102
100 434
101 102
101 104
101 105
102 103
102 104
102 105
102 106
103 229
103 456
103 106
103 107
103 114
103 170
104 105
104 106
104 107
104 214
105 106
105 107
105 109
105 237
105 177
106 107
106 108
106 109
106 110
107 421
107 108
107 109
107 111
107 265
108 395
108 109
108 110
108 111
108 112
108 116
109 110
109 111
109 112
109 113
110 111
110 112
110 113
110 114
111 454
111 303
111 112
111 115
112 396
112 331
112 113
112 114
112 115
113 115
113 116
113 117
113 247
113 443
114 268
114 116
114 117
115 368
115 116
115 117
115 118
116 117
116 119
116 126
117 118
117 119
117 120
117 121
118 135
118 234
118 303
118 119
118 120
118 121
119 120
119 121
119 122
119 123
120 219
120 121
120 122
120 123
120 124
121 257
121 204
121 123
121 124
122 422
122 123
122 124
122 125
122 126
123 124
123 125
123 126
123 127
124 128
124 138
124 471
124 298
124 126
124 127
125 129
125 306
125 126
125 127
126 129
126 130
126 440
126 127
127 128
127 129
127 130
127 131
128 129
128 130
128 132
129 130
129 131
129 132
129 133
130 133
130 134
130 430
130 283
131 132
131 133
131 134
131 492
131 497
131 407
132 325
132 135
132 136
133 134
133 135
133 136
133 137
134 135
134 136
134 137
134 138
135 161
135 136
135 138
136 363
136 138
136 139
136 140
136 175
136 452
137 448
137 138
137 139
137 140
137 286
138 291
138 139
138 140
138 333
138 308
138 284
138 316
139 140
139 141
139 142
139 143
140 141
140 142
140 143
140 144
141 168
141 460
141 142
141 143
141 468
142 144
142 145
142 146
143 144
143 145
143 146
144 483
144 145
144 147
144 222
145 290
145 147
145 148
145 149
145 412
146 240
146 149
146 150
146 414
147 148
147 149
147 150
148 149
148 150
148 151
148 191
149 276
149 150
149 151
149 152
149 153
149 349
150 355
150 151
150 152
150 153
150 154
151 387
151 152
151 153
151 155
152 153
152 154
152 155
152 156
153 418
153 451
153 154
153 155
153 156
153 157
154 155
154 156
154 157
154 158
155 315
155 156
155 157
155 158
155 159
156 200
156 238
156 444
156 158
156 159
157 160
157 161
157 158
157 159
158 160
158 161
158 162
158 159
159 160
159 161
159 162
159 163
159 230
159 239
159 403
160 162
160 163
160 164
160 253
160 408
161 162
161 163
161 164
161 165
162 163
162 164
162 165
162 166
162 359
163 164
163 166
163 167
163 469
164 165
164 166
164 168
164 192
165 166
165 167
165 168
165 184
166 167
166 168
166 169
166 170
167 168
167 169
167 170
167 171
168 171
168 172
169 170
169 171
169 172
169 173
170 227
170 172
170 173
170 174
171 172
171 173
171 174
171 401
172 421
172 174
172 176
173 199
173 175
173 176
173 177
174 175
174 176
174 177
174 178
175 260
175 401
175 176
175 177
175 264
176 178
176 179
176 180
176 311
176 372
177 179
177 180
177 181
178 463
178 179
178 436
178 181
178 180
179 334
179 180
179 181
179 182
180 365
180 182
180 183
180 184
181 182
181 183
181 184
181 185
182 183
182 184
182 185
182 186
183 386
183 300
183 186
183 187
184 185
184 186
184 187
184 188
185 411
185 186
185 187
185 188
185 189
186 283
186 301
186 469
186 187
186 281
186 190
187 377
187 188
187 190
187 191
188 192
188 189
188 190
188 191
189 192
189 193
189 190
189 191
190 192
190 193
190 194
190 191
191 192
191 193
191 195
191 199
192 193
192 194
192 195
192 196
193 194
193 196
193 367
193 336
194 195
194 196
194 197
194 198
195 224
195 196
195 197
195 198
195 333
196 197
196 198
196 199
196 200
196 413
197 198
197 199
197 200
197 201
198 199
198 200
198 201
198 202
199 200
199 201
199 202
199 240
199 437
199 325
200 201
200 202
200 203
200 204
201 202
201 203
201 204
201 205
202 204
202 205
202 206
202 305
203 205
203 206
203 207
203 379
204 205
204 206
204 208
204 497
204 439
205 206
205 207
205 208
205 468
206 451
206 230
206 209
206 210
207 331
207 208
207 209
207 211
207 281
208 494
208 209
208 210
208 211
209 210
209 211
209 212
209 213
210 211
210 212
210 213
210 214
211 212
211 214
211 215
212 213
212 215
212 216
212 377
213 214
213 216
213 217
214 215
214 216
214 217
214 218
214 478
215 358
215 232
215 216
215 218
215 219
216 217
216 218
216 219
216 220
217 218
217 219
217 220
218 219
218 220
218 221
218 222
219 282
219 358
219 465
219 291
219 221
219 222
220 224
220 221
220 222
220 223
221 224
221 225
221 437
221 447
222 224
222 225
222 226
222 223
223 224
223 226
223 227
223 461
224 288
224 226
224 228
224 227
225 387
225 228
225 229
225 358
225 254
226 227
226 228
226 229
226 230
227 353
227 228
227 229
227 231
227 368
228 229
228 230
228 231
228 232
228 377
228 346
229 230
229 232
229 233
229 231
230 231
230 232
230 233
231 232
231 233
231 234
231 235
231 361
231 357
232 234
232 235
232 236
232 317
233 234
233 235
233 236
233 237
233 394
234 235
234 236
234 237
235 236
235 237
235 238
235 239
235 300
236 237
236 238
236 240
236 278
236 375
237 299
237 238
237 239
237 240
237 402
238 241
238 242
238 375
239 242
239 243
240 241
240 244
240 374
240 414
241 242
241 244
241 245
242 243
242 244
242 245
242 374
242 251
243 244
243 246
243 247
244 245
244 246
244 247
244 248
245 359
245 246
245 247
245 248
245 249
245 479
246 264
246 247
246 248
246 250
247 324
247 249
247 250
247 251
248 305
248 249
248 250
248 251
249 470
249 250
249 251
249 252
249 253
250 354
250 335
250 252
250 253
251 252
251 253
251 255
252 256
252 366
252 253
252 255
253 256
253 450
253 257
253 254
253 255
254 256
254 257
254 255
255 256
255 257
255 258
255 259
255 398
256 258
256 259
256 260
256 425
257 258
257 260
257 261
257 478
258 259
258 261
258 262
259 260
259 261
259 262
259 263
259 282
259 319
260 263
260 261
261 262
261 263
261 264
261 265
262 263
262 264
262 265
262 266
263 481
263 264
263 265
263 266
263 267
264 342
264 266
264 268
265 267
265 268
265 269
265 473
266 268
266 270
266 392
267 321
267 268
267 269
267 270
268 269
268 270
268 272
268 296
269 385
269 427
269 270
269 271
269 272
270 349
270 272
270 274
270 344
271 272
271 273
271 274
271 275
271 498
272 273
272 274
272 276
272 463
273 274
273 275
273 276
273 277
274 465
274 275
274 276
274 277
274 278
275 276
275 277
275 278
275 279
276 452
276 278
276 279
276 277
277 278
277 279
277 280
277 281
278 294
278 280
278 281
278 286
279 280
279 281
279 282
279 283
280 392
280 281
280 282
280 284
281 427
281 283
281 285
281 405
282 284
282 285
282 286
283 315
283 442
283 381
283 286
283 287
284 288
284 285
284 287
285 288
285 289
285 286
285 287
286 288
286 289
286 287
287 288
287 289
287 290
287 291
288 290
288 291
288 292
288 371
289 290
289 291
289 292
289 293
290 292
290 293
290 333
290 499
290 383
291 292
291 295
291 444
291 317
292 293
292 294
292 295
292 459
292 402
293 294
293 295
293 296
293 297
294 322
294 295
294 296
294 376
295 296
295 297
295 298
295 463
296 297
296 298
296 299
296 400
296 300
297 298
297 299
297 300
297 301
297 397
297 499
298 321
298 301
298 302
299 485
299 303
300 448
300 302
300 303
301 397
301 302
301 303
301 305
302 303
302 304
302 305
302 306
303 321
303 304
303 368
303 307
304 354
304 305
304 306
304 307
305 306
305 307
305 308
305 309
306 495
306 307
306 308
306 309
306 310
307 308
307 309
307 310
307 311
308 309
308 310
308 311
309 310
309 311
309 312
309 313
310 418
310 311
310 312
310 313
311 312
311 313
311 315
312 433
312 314
312 316
313 314
313 316
313 317
314 485
314 394
314 315
314 316
314 317
314 318
315 316
315 317
315 319
316 320
316 317
316 318
316 319
317 321
317 318
318 320
318 321
318 322
318 319
319 320
319 321
319 322
320 322
320 323
320 324
320 422
321 322
321 323
321 337
322 324
322 326
323 324
323 325
323 326
323 327
324 325
324 327
324 328
324 354
324 464
324 392
325 328
325 329
326 327
326 328
326 329
326 330
327 328
327 329
327 330
327 331
327 336
328 329
328 459
328 332
328 389
329 330
329 332
329 333
329 479
330 331
330 332
330 333
330 334
330 433
331 332
331 333
332 333
332 334
332 335
332 336
333 335
333 336
334 335
334 336
334 337
335 337
335 338
335 339
335 473
336 487
336 339
337 338
337 339
337 340
337 341
338 339
338 341
338 342
339 340
339 341
339 342
339 343
340 341
340 342
340 343
340 344
341 344
341 342
341 343
341 345
342 359
342 343
342 345
342 346
343 345
343 344
343 346
343 347
344 345
344 346
344 347
344 348
345 491
345 346
345 347
345 348
345 349
346 347
346 349
346 350
347 348
347 349
347 350
347 351
348 352
348 349
348 350
348 351
349 352
349 351
350 352
350 353
350 354
350 351
351 352
351 353
351 355
352 353
352 354
352 355
352 356
352 488
353 354
353 356
353 357
354 355
354 357
354 358
354 404
354 356
355 483
355 356
355 357
355 358
356 358
356 359
356 360
357 358
357 360
357 425
357 394
358 360
358 361
359 360
359 363
360 361
360 362
360 363
360 364
361 362
361 363
361 364
362 363
362 364
362 365
362 366
363 364
363 476
363 366
363 367
364 365
364 366
364 367
364 368
365 366
365 367
365 368
365 369
366 367
366 368
366 369
366 370
366 397
367 368
367 369
367 370
367 371
368 487
368 369
368 370
368 372
369 370
369 371
369 372
369 399
370 483
370 371
370 372
370 374
371 486
371 373
372 373
372 374
372 375
372 376
373 398
373 374
373 375
373 376
373 377
374 375
374 376
374 377
374 378
375 376
375 377
375 378
376 377
376 378
376 379
376 380
377 379
377 378
377 380
378 379
378 380
378 381
378 382
379 380
379 381
379 382
379 383
380 384
380 382
380 383
381 384
381 385
381 382
381 383
382 384
382 385
382 386
383 385
383 387
383 472
383 479
384 385
384 386
384 387
384 388
385 386
385 387
385 389
386 387
386 388
386 389
386 390
387 388
387 389
387 390
387 415
388 389
388 390
388 391
388 392
389 390
389 393
390 392
390 393
391 392
391 395
391 393
392 393
392 396
392 394
393 394
393 395
393 396
393 397
394 397
394 398
395 396
395 397
395 399
396 398
396 399
396 407
396 411
397 399
398 401
398 402
399 401
399 400
399 403
400 402
400 403
400 404
401 402
401 403
401 404
401 405
402 403
402 404
402 406
403 404
403 406
403 407
404 405
404 406
405 408
405 406
405 409
406 407
406 408
406 409
406 410
407 408
407 409
407 410
407 411
408 409
408 410
408 411
409 410
409 411
409 412
409 413
410 411
410 412
410 413
410 414
411 490
411 414
411 412
411 413
412 413
412 414
412 415
413 417
413 414
413 415
414 416
414 418
414 415
415 416
415 417
415 418
415 419
416 418
416 419
416 420
416 433
417 418
417 419
417 420
417 421
418 419
418 421
418 422
419 420
419 421
419 423
419 460
420 421
420 422
420 423
420 446
421 422
421 424
421 425
422 423
422 424
422 425
423 424
423 425
423 426
423 427
424 454
424 425
424 427
424 428
425 427
425 428
426 427
426 428
426 429
426 430
427 430
427 431
428 429
428 430
428 431
428 432
429 430
429 431
429 432
429 433
430 431
430 432
430 433
430 434
431 487
431 432
431 433
431 434
431 435
432 433
432 434
432 435
432 436
432 477
433 434
433 435
433 436
434 436
434 437
434 438
434 475
435 465
435 487
435 436
435 437
435 439
436 437
436 438
436 439
436 440
437 494
437 438
437 439
437 440
437 441
438 439
438 440
438 441
438 442
439 440
439 441
439 442
440 441
440 442
440 443
440 444
441 462
441 443
441 444
441 445
442 444
442 445
443 444
443 445
443 446
444 448
444 445
444 446
444 447
445 448
445 449
445 446
446 448
446 449
446 450
446 447
447 448
447 449
447 450
447 451
448 449
448 450
448 452
448 474
449 450
449 451
449 452
449 453
450 451
450 453
451 485
451 454
451 455
452 453
452 456
453 454
453 455
453 456
453 457
454 455
454 458
455 458
455 459
455 457
456 457
456 458
456 459
457 459
457 458
457 460
457 461
458 459
458 460
458 461
458 462
459 461
459 462
459 463
460 462
460 461
460 464
460 463
461 462
461 463
461 464
461 465
462 463
462 464
462 465
462 466
463 465
463 467
464 466
464 467
464 468
465 466
465 468
466 467
466 468
466 469
466 470
467 468
467 469
467 470
467 471
468 469
468 470
468 471
468 472
469 470
469 471
469 472
469 473
470 473
470 472
470 474
471 474
471 475
472 473
472 474
472 475
472 476
473 474
473 475
473 476
474 475
474 476
474 478
475 477
475 478
475 479
476 480
476 479
477 480
477 478
477 481
478 480
478 482
478 486
478 481
479 481
479 483
480 482
480 484
480 481
481 482
481 483
481 484
482 483
482 484
482 485
482 486
483 485
483 486
483 487
484 485
484 486
484 487
484 488
485 488
486 488
486 490
487 489
488 490
488 491
488 492
489 490
489 491
489 492
490 492
490 493
490 494
491 492
491 493
491 494
492 494
492 493
492 495
493 494
493 496
493 497
494 496
494 497
495 496
495 498
496 497
496 498
496 499
497 498
498 499
