0 1
0 2
0 4
0 997
0 998
0 215
0 375
0 996
1 353
1 2
1 3
1 5
1 998
1 999
1 87
2 3
2 4
2 5
2 6
2 999
2 812
2 16
2 260
2 998
3 4
3 5
3 6
3 7
4 5
4 6
4 8
4 343
5 6
5 8
5 9
5 978
5 735
6 7
6 9
6 10
6 325
7 8
7 9
7 10
7 12
7 510
8 10
8 11
8 12
8 527
8 820
8 967
9 491
9 10
9 11
9 12
9 13
9 155
10 11
10 12
10 13
10 14
11 994
11 12
11 13
11 906
11 894
12 13
12 14
12 15
12 16
13 14
13 16
13 17
13 664
14 484
14 393
14 16
14 17
14 18
14 499
14 818
14 554
15 16
15 72
15 749
15 804
16 98
16 20
16 823
16 90
17 19
17 20
17 277
17 21
18 22
18 19
18 20
18 21
19 850
19 659
19 20
19 21
19 23
20 70
20 456
20 22
20 23
20 154
21 22
21 24
21 25
21 541
21 991
22 965
22 23
22 24
22 25
22 26
23 166
23 619
23 341
23 24
23 25
23 286
24 175
24 25
24 27
24 28
25 645
25 231
25 121
25 27
26 457
26 27
26 28
26 30
27 715
27 28
27 29
27 30
27 31
28 32
28 175
28 310
28 30
28 31
29 32
29 33
29 839
29 232
29 30
29 31
30 32
30 33
30 34
30 31
31 33
31 34
31 167
31 557
31 63
32 33
32 34
32 35
32 36
32 616
33 577
33 34
33 35
33 36
33 37
33 297
34 35
34 37
34 743
34 904
35 38
35 39
35 457
35 781
35 946
36 37
36 966
36 39
36 38
37 38
37 40
37 41
37 972
37 120
38 39
38 41
38 158
38 469
38 836
38 126
39 706
39 40
39 41
39 43
39 524
39 50
39 244
40 41
40 42
40 43
40 44
40 751
41 42
41 43
41 45
41 110
42 292
42 454
42 106
42 45
42 401
43 45
43 46
43 47
43 690
43 937
44 836
44 427
44 45
44 46
44 47
44 48
45 46
45 47
45 48
45 695
45 207
45 574
46 48
46 49
46 50
46 282
46 349
47 230
47 48
47 49
47 50
48 425
48 50
48 51
48 500
48 87
49 846
49 751
49 52
49 53
50 51
50 53
50 54
51 65
51 53
51 54
51 55
52 467
52 53
52 54
52 55
52 56
53 54
53 55
53 56
53 57
54 55
54 56
54 57
54 58
55 900
55 56
55 57
55 59
56 534
56 327
56 531
56 120
56 59
56 60
57 74
57 58
57 59
57 60
57 61
58 726
58 967
58 488
58 60
58 61
58 62
59 563
59 442
59 60
59 61
59 62
59 63
60 64
60 61
60 62
60 63
61 65
61 222
61 62
61 63
62 64
62 65
62 66
62 63
63 64
63 65
63 66
63 620
63 343
64 65
64 67
64 68
64 878
65 257
65 67
65 68
65 69
66 68
66 69
66 76
66 154
67 68
67 70
67 390
67 71
68 69
68 71
68 72
68 109
68 758
68 705
68 709
69 70
69 71
69 72
69 610
69 816
69 604
70 71
70 73
70 74
71 72
71 73
71 75
71 78
71 599
72 74
72 75
72 76
72 277
73 166
73 810
73 76
73 77
73 234
74 330
74 75
74 77
74 78
74 208
75 76
75 77
75 78
75 79
75 788
76 876
76 205
76 79
76 80
76 497
77 261
77 78
77 79
77 81
78 519
78 79
78 80
78 81
78 82
79 928
79 81
79 82
79 83
80 82
80 83
80 84
80 473
81 82
81 83
81 84
81 85
82 311
82 83
82 84
82 85
82 247
83 84
83 85
83 86
83 87
84 912
84 362
84 856
84 85
84 86
84 88
85 87
85 88
85 89
85 191
86 87
86 88
86 89
86 90
87 88
87 90
87 91
88 919
88 89
88 90
88 91
88 92
89 90
89 91
89 92
89 858
90 177
90 92
90 93
90 94
91 168
91 92
91 93
91 94
91 95
92 96
92 328
92 93
92 94
92 95
93 97
93 903
93 94
93 95
94 96
94 97
94 98
94 95
95 97
95 98
95 99
95 536
96 97
96 98
96 99
96 100
96 193
96 322
97 98
97 99
97 100
97 101
97 194
97 781
98 99
98 100
98 102
98 551
99 100
99 101
99 102
99 103
100 101
100 102
100 104
100 680
101 902
101 102
101 105
101 299
101 761
101 156
102 103
102 104
102 105
102 106
102 747
103 104
103 106
103 107
103 419
103 343
104 267
104 105
104 106
104 107
104 108
105 771
105 106
105 108
105 109
106 107
106 108
106 109
106 110
107 995
107 871
107 108
107 110
107 111
108 109
108 110
108 111
108 312
109 110
109 111
109 113
109 697
110 146
110 111
110 113
110 114
110 767
111 112
111 114
111 115
111 974
111 249
111 154
111 381
112 704
112 649
112 331
112 176
112 113
113 114
113 115
113 116
113 117
114 230
114 115
114 116
114 118
115 919
115 116
115 374
115 119
116 297
116 117
116 118
116 119
116 120
117 664
117 303
117 118
117 119
117 120
117 121
118 119
118 120
118 122
118 957
119 120
119 121
119 122
119 123
120 244
120 121
120 122
120 123
120 124
121 996
121 495
121 784
121 122
121 124
121 125
121 543
122 248
122 123
122 124
122 125
122 126
123 124
123 125
123 126
123 127
124 128
124 851
124 125
124 126
124 127
125 128
125 129
125 841
125 126
125 127
126 128
126 130
126 127
127 128
127 129
127 130
127 131
127 505
128 129
128 130
128 131
128 188
128 386
128 981
128 603
129 130
129 131
129 132
129 133
130 131
130 132
130 133
130 934
130 947
131 132
131 133
131 135
131 876
132 133
132 134
132 135
132 136
133 134
133 135
133 136
133 137
134 771
134 135
134 136
134 137
134 138
135 587
135 136
135 137
135 778
135 139
135 681
135 247
136 587
136 138
136 139
136 786
137 138
137 139
137 140
137 141
138 970
138 139
138 141
138 142
138 240
138 657
138 477
139 261
139 140
139 141
139 142
140 388
140 141
140 142
140 144
141 421
141 143
141 144
141 145
142 708
142 143
142 144
142 146
143 240
143 144
143 145
143 146
143 147
143 688
144 145
144 146
144 147
144 148
145 146
145 147
145 148
145 887
146 809
146 147
146 150
146 149
147 324
147 370
147 149
147 150
147 151
148 705
148 966
148 150
148 151
148 152
149 800
149 854
149 150
149 151
149 920
150 151
150 153
150 154
150 895
151 763
151 152
151 153
151 154
151 155
152 815
152 154
152 155
152 156
153 809
153 154
153 155
153 156
153 157
154 155
154 157
154 158
155 680
155 824
155 627
155 264
155 159
156 160
156 157
156 158
156 159
157 160
157 161
157 799
157 158
157 159
158 161
158 162
158 270
158 695
159 160
159 161
159 162
159 163
160 161
160 162
160 163
160 164
161 162
161 164
161 165
161 652
161 944
161 660
162 163
162 164
162 165
162 166
163 165
163 167
163 335
163 573
164 166
164 167
164 168
164 906
164 751
165 166
165 167
165 168
165 169
165 247
166 963
166 902
166 168
166 170
166 462
166 169
167 654
167 246
167 925
168 169
168 170
168 172
169 170
169 171
169 172
169 400
170 426
170 172
170 173
170 174
171 486
171 776
171 172
171 173
171 175
172 173
172 174
172 175
172 176
172 825
173 174
173 175
173 176
173 177
174 803
174 175
174 177
174 178
174 954
174 987
174 189
175 262
175 176
175 177
175 179
176 177
176 178
176 179
176 180
177 178
177 180
177 181
178 997
178 179
178 180
178 181
179 180
179 181
179 182
179 183
180 288
180 579
180 181
180 182
180 183
180 889
181 182
181 183
181 184
181 185
181 255
182 183
182 184
182 185
182 186
183 580
183 390
183 727
183 185
183 187
184 868
184 185
184 186
184 885
185 186
185 187
185 188
185 189
186 187
186 188
186 189
186 190
187 517
187 188
187 190
187 191
188 189
188 190
188 191
189 192
189 193
189 245
189 827
189 190
190 192
190 193
190 194
190 191
191 192
191 193
191 194
191 195
191 198
191 238
192 864
192 194
192 195
192 196
193 195
193 197
193 507
194 196
194 197
194 198
195 196
195 198
195 501
195 216
195 923
196 197
196 198
196 199
196 200
196 983
197 198
197 199
197 200
197 406
198 200
198 201
198 245
199 201
199 202
199 203
199 540
200 201
200 202
200 203
200 204
201 202
201 203
201 205
201 366
201 624
202 203
202 204
202 205
202 206
202 658
202 221
203 204
203 205
203 206
203 207
203 760
204 205
204 206
204 207
204 208
204 725
205 459
205 207
205 209
205 892
206 207
206 208
206 209
206 210
207 209
207 211
207 214
208 210
208 211
208 212
208 443
209 212
209 213
209 346
209 955
209 621
210 211
210 213
210 214
210 795
211 268
211 212
211 214
211 215
212 562
212 213
212 214
212 215
212 216
213 356
213 458
213 214
213 215
213 216
213 516
214 215
214 216
214 217
214 218
214 734
215 672
215 217
215 218
215 219
215 444
215 415
216 545
216 218
216 219
216 220
217 218
217 219
217 220
217 221
218 914
218 219
218 221
218 222
219 389
219 220
219 222
219 223
220 224
220 364
220 221
220 222
220 223
221 224
221 225
221 223
222 224
222 352
222 313
222 223
223 224
223 225
223 226
223 227
223 758
224 225
224 226
224 227
224 228
225 226
225 227
225 228
225 652
225 948
225 612
226 227
226 228
226 229
226 230
226 438
226 953
227 228
227 229
227 230
227 231
228 229
228 231
228 232
228 253
229 230
229 231
229 232
229 233
230 231
230 232
230 233
230 234
231 232
231 233
231 234
231 235
231 954
232 233
232 234
232 236
233 235
233 236
233 237
233 575
234 236
234 238
234 528
235 236
235 237
235 238
235 239
235 474
236 237
236 238
236 239
236 240
236 980
236 857
237 365
237 240
237 241
237 535
238 239
238 240
238 242
238 920
239 240
239 241
239 242
239 243
239 949
240 708
240 243
240 244
241 782
241 242
241 243
241 244
241 245
241 759
242 243
242 244
242 245
242 246
243 244
243 245
243 246
243 247
243 479
244 386
244 466
244 245
244 246
244 248
245 592
245 246
245 247
245 249
245 415
246 247
246 249
246 250
246 891
247 944
247 281
247 249
247 250
247 251
248 530
248 251
248 252
248 250
249 439
249 250
249 251
249 252
250 398
250 251
250 252
250 254
251 779
251 253
251 254
251 255
252 256
252 872
252 747
252 524
252 787
253 256
253 257
253 889
253 668
253 254
254 257
254 258
254 752
254 372
254 255
255 256
255 257
255 259
256 257
256 258
256 259
256 390
257 260
257 847
257 304
257 275
258 259
258 260
258 261
258 262
259 801
259 260
259 261
259 262
260 261
260 849
260 520
260 689
260 760
261 262
261 264
261 265
261 643
261 867
262 263
262 264
262 265
262 266
262 805
263 264
263 657
263 266
263 267
264 266
264 267
264 268
265 905
265 266
265 267
265 269
266 267
266 268
266 269
266 270
267 268
267 269
267 342
267 601
268 269
268 270
268 271
268 272
269 270
269 271
269 272
269 694
270 389
270 271
270 273
270 274
270 472
271 576
271 964
271 999
271 649
271 272
271 273
271 274
271 275
272 896
272 273
272 274
272 275
272 276
273 274
273 275
273 276
273 277
274 275
274 276
274 277
274 278
275 688
275 277
275 279
275 667
275 605
276 277
276 278
276 279
276 280
277 677
277 757
277 278
277 280
278 965
278 280
278 281
278 282
279 512
279 280
279 916
279 282
279 283
280 281
280 282
280 283
280 284
281 282
281 283
281 284
282 810
282 283
282 284
282 285
283 692
283 789
283 284
283 286
283 287
284 288
284 285
284 286
284 287
285 288
285 289
285 286
285 287
286 288
286 289
286 290
286 287
287 288
287 992
287 290
287 291
287 441
288 768
288 291
288 883
288 662
289 290
289 291
289 292
289 293
289 947
289 917
290 291
290 293
290 294
290 561
291 292
291 293
291 294
291 295
292 293
292 294
292 296
292 986
293 294
293 295
293 297
293 338
294 295
294 297
294 298
294 797
295 297
295 298
295 299
295 913
296 297
296 298
296 299
296 300
297 299
297 301
298 299
298 300
298 301
298 302
299 300
299 301
299 302
300 301
300 302
300 303
300 304
301 302
301 303
301 304
301 305
301 724
301 874
302 782
302 303
302 304
302 306
303 817
303 522
303 304
303 305
303 504
304 896
304 305
304 307
304 308
305 306
305 307
305 308
305 309
306 307
306 308
306 310
306 855
307 308
307 309
307 310
307 311
308 352
308 309
308 310
308 311
308 312
309 310
309 886
309 311
309 958
310 463
310 311
310 313
310 314
311 313
311 314
311 315
312 323
312 359
312 403
312 313
312 314
312 315
313 577
313 941
313 692
313 314
313 315
313 316
313 317
314 855
314 972
314 315
314 316
314 317
314 318
315 891
315 316
315 317
315 319
316 320
316 486
316 839
316 958
316 318
316 319
317 320
317 321
317 318
317 319
318 320
318 321
318 322
318 598
318 319
319 320
319 321
319 322
319 323
319 958
320 321
320 322
320 323
320 324
321 612
321 325
321 715
321 730
322 323
322 324
322 326
323 324
323 325
323 326
324 325
324 913
324 470
324 959
324 997
325 326
325 328
325 329
325 434
325 390
326 327
326 328
326 329
326 330
326 433
327 328
327 330
327 820
328 329
328 330
328 332
329 330
329 331
329 332
329 333
329 624
330 331
330 332
330 685
330 334
331 333
331 334
331 335
332 333
332 334
332 335
332 336
333 966
333 334
333 336
333 949
334 355
334 336
334 337
334 338
335 336
335 337
335 338
335 339
335 441
336 337
336 338
336 339
336 340
337 741
337 338
337 339
337 340
337 341
338 339
338 340
338 341
338 853
339 340
339 341
339 342
339 343
340 341
340 342
340 343
340 344
340 541
341 343
341 691
341 342
342 640
342 964
342 526
342 345
343 344
343 346
344 967
344 395
344 692
344 346
344 348
345 346
345 347
345 348
345 349
346 448
346 430
346 347
346 348
346 349
346 350
347 716
347 348
347 349
347 351
348 352
348 707
348 349
348 351
349 353
349 969
349 523
349 350
349 351
350 352
350 353
350 354
350 544
350 351
351 352
351 353
351 354
351 355
352 353
352 356
352 685
352 463
353 354
353 355
353 356
353 357
354 356
354 357
354 358
354 616
355 896
355 643
355 358
355 952
355 506
355 703
356 357
356 358
356 359
356 360
357 739
357 741
357 358
357 361
357 525
358 359
358 360
358 361
358 362
359 421
359 362
359 363
359 634
360 361
360 362
360 363
360 364
361 362
361 363
361 364
361 365
362 723
362 501
362 534
363 364
363 365
363 624
363 468
364 804
364 876
364 366
364 368
365 366
365 367
365 369
365 595
365 373
365 507
366 427
366 368
366 369
366 370
367 368
367 369
367 370
367 371
367 927
368 369
368 370
368 371
368 372
369 370
369 467
369 372
369 373
369 799
370 371
370 372
370 373
370 374
371 651
371 375
371 372
371 599
371 376
372 993
372 373
372 375
372 376
372 415
373 374
373 375
373 376
374 375
374 376
374 377
374 378
375 377
375 378
375 379
376 377
376 378
376 379
377 916
377 379
377 380
377 381
378 379
378 380
378 381
378 382
379 935
379 381
379 382
379 383
380 384
380 381
380 382
380 383
381 385
381 382
381 383
382 384
382 385
382 386
382 911
382 383
383 384
383 385
383 386
383 387
383 682
384 385
384 386
384 387
384 655
385 386
385 387
385 388
385 389
385 571
386 387
386 388
386 390
387 388
387 389
387 390
387 391
387 670
388 389
388 390
388 391
388 392
389 390
389 391
389 393
390 392
390 393
390 394
390 451
390 468
391 801
391 392
391 393
391 395
391 657
392 393
392 394
392 396
392 594
392 445
393 395
393 396
393 397
393 734
394 517
394 395
394 397
394 398
394 958
395 396
395 397
395 398
395 399
395 631
396 746
396 397
396 398
396 399
396 400
396 855
397 610
397 484
397 398
397 400
397 540
397 895
398 399
398 400
398 401
398 402
399 649
399 400
399 401
399 402
400 898
400 401
400 402
400 494
401 684
401 402
401 403
401 404
401 618
402 403
402 404
402 405
402 406
403 404
403 405
403 407
404 919
404 405
404 406
404 407
404 408
405 982
405 998
405 846
405 406
405 407
406 850
406 407
406 408
406 409
406 410
407 973
407 623
407 408
407 409
407 410
407 411
407 703
408 483
408 777
408 409
408 412
409 410
409 411
409 412
409 413
410 646
410 492
410 411
410 412
410 414
411 806
411 412
411 413
411 414
411 415
412 416
412 413
412 414
412 415
413 417
413 805
413 813
413 462
413 415
414 417
414 588
414 415
414 725
414 798
414 671
415 416
415 499
416 480
416 417
416 418
416 419
417 418
417 420
417 421
417 702
418 419
418 420
418 422
418 856
419 420
419 421
419 422
419 423
420 421
420 424
420 746
420 889
420 732
421 683
421 422
421 424
421 425
421 423
422 423
422 424
422 425
422 426
423 424
423 425
423 426
423 427
423 552
424 426
424 427
424 466
424 772
425 426
425 427
425 429
426 427
426 429
426 430
426 495
427 431
427 430
427 428
428 432
428 429
428 430
428 431
429 648
429 430
429 432
429 433
429 566
430 431
430 432
430 433
431 432
431 433
431 434
431 435
431 636
432 433
432 434
432 435
432 436
433 434
433 435
433 437
434 512
434 436
434 438
435 626
435 946
435 436
435 438
435 439
436 437
436 438
436 439
436 799
437 812
437 560
437 439
437 440
437 441
438 713
438 440
438 442
439 793
439 441
439 440
439 442
439 443
440 441
440 442
440 443
440 444
441 442
441 444
442 443
442 445
442 446
443 739
443 670
443 445
443 446
443 447
444 448
444 445
444 446
444 447
445 448
445 449
445 862
445 446
445 447
446 449
446 450
446 706
446 447
447 448
447 449
447 450
447 451
447 547
447 885
447 472
448 449
448 450
448 451
449 512
449 450
449 452
449 453
450 451
450 452
450 454
450 804
451 452
451 453
451 455
451 454
452 453
452 454
452 455
452 456
453 454
453 455
453 456
453 457
454 456
454 457
454 458
455 456
455 457
455 459
455 597
455 516
456 457
456 458
456 459
456 460
456 886
457 458
457 459
457 461
458 459
458 460
458 461
458 664
459 460
459 462
459 461
459 463
459 638
460 741
460 462
460 463
460 464
460 953
461 771
461 462
461 463
461 464
462 463
462 464
462 465
462 466
462 830
463 464
463 466
463 467
464 769
464 465
464 466
464 468
464 735
465 466
465 467
465 468
465 469
466 841
466 467
466 469
466 470
467 468
467 469
467 471
468 672
468 946
468 469
468 472
469 624
469 470
469 471
469 472
470 521
470 471
470 472
470 473
471 472
471 473
471 474
471 475
472 996
472 473
472 474
472 475
473 641
473 674
473 475
473 477
474 493
474 475
474 476
474 478
475 476
475 477
475 478
475 479
476 480
476 785
476 658
476 477
476 478
477 480
477 651
477 983
477 478
478 480
478 481
478 482
478 479
479 480
479 481
479 482
479 886
480 481
480 483
480 484
480 609
481 482
481 483
481 484
481 485
482 483
482 484
482 485
482 486
483 484
483 486
483 487
483 841
483 708
484 485
484 486
484 488
485 486
485 487
485 489
485 730
485 733
486 487
486 489
486 490
486 494
487 488
487 489
487 490
487 491
487 665
488 992
488 489
488 490
488 491
489 643
489 490
489 492
489 883
490 491
490 492
490 494
490 540
491 492
491 494
491 495
492 493
492 494
492 495
492 496
493 497
493 494
493 495
494 496
494 620
494 751
495 646
495 496
495 499
496 497
496 498
496 499
496 500
496 508
497 847
497 499
497 500
497 501
497 826
498 850
498 499
498 500
498 501
498 889
498 693
499 582
499 501
499 503
500 522
500 501
500 502
500 503
500 504
501 684
501 818
501 502
501 503
501 504
501 761
502 503
502 504
502 505
502 506
502 884
503 504
503 505
503 506
503 507
504 938
504 506
504 507
505 903
505 506
505 509
506 930
506 507
506 510
507 840
507 508
507 509
507 510
507 511
508 704
508 509
508 510
509 512
509 513
509 977
509 884
509 511
510 512
510 513
510 514
510 584
511 512
511 513
511 514
511 515
512 515
512 516
512 513
512 655
513 515
513 516
513 517
513 556
513 636
514 515
514 516
514 517
514 518
515 516
515 517
515 518
515 519
516 518
516 519
516 601
517 518
517 519
517 521
518 519
518 520
518 521
518 522
518 854
519 520
519 521
519 523
519 572
520 522
520 523
520 524
520 689
521 641
521 522
521 523
521 524
521 525
522 523
522 525
522 526
523 524
523 525
523 526
523 527
523 686
524 527
524 723
525 526
525 528
525 529
525 888
526 683
526 585
526 527
526 528
526 529
527 743
527 529
527 530
527 558
528 530
528 531
528 532
528 822
528 633
529 530
529 531
529 532
529 533
530 808
530 532
530 533
531 532
531 533
531 534
531 535
532 533
532 534
532 535
532 536
533 971
533 534
533 535
533 536
533 537
534 887
534 536
534 535
534 537
535 536
535 537
535 538
535 539
536 537
536 538
536 539
536 540
537 588
537 538
537 539
537 540
538 872
538 914
538 539
538 540
538 542
539 946
539 925
539 542
539 543
540 544
540 681
540 937
540 541
540 542
540 543
541 545
541 887
541 542
541 543
542 545
542 546
542 732
542 543
543 545
543 546
543 547
544 546
544 548
544 549
544 846
545 546
545 547
545 548
545 549
546 547
546 548
546 549
546 550
547 549
547 550
547 551
547 694
548 549
548 550
548 552
548 696
549 550
549 551
549 553
549 583
550 640
550 552
550 553
550 554
551 552
551 553
551 554
551 617
552 555
552 553
552 554
553 674
553 714
553 556
553 557
554 676
554 556
554 557
555 556
555 557
555 558
555 559
556 704
556 557
556 558
556 560
557 870
557 558
557 559
557 561
558 997
558 559
558 560
558 561
558 562
559 560
559 561
559 562
559 563
560 561
560 562
560 862
561 562
561 564
561 565
561 857
562 563
562 566
562 564
563 564
563 565
563 566
564 736
564 566
564 567
564 568
564 793
565 566
565 567
565 568
565 569
566 567
566 568
566 569
566 570
566 890
567 568
567 569
567 570
567 571
568 569
568 570
568 571
568 572
569 570
569 571
569 572
569 573
570 571
570 572
570 573
570 574
571 572
571 574
571 575
572 576
572 573
572 575
573 576
573 577
573 574
573 575
574 576
574 577
574 578
574 575
575 576
575 577
575 578
575 950
576 577
576 578
576 595
577 578
577 581
578 579
578 580
578 581
578 582
579 580
579 581
579 583
580 581
580 582
580 583
581 582
581 583
581 584
581 585
582 583
582 584
582 585
583 584
583 585
583 586
583 587
583 727
583 772
584 585
584 586
584 587
584 997
585 586
585 587
585 588
585 589
586 587
586 588
586 589
586 590
587 588
587 590
587 591
588 589
588 590
588 592
589 590
589 592
589 593
589 658
590 591
590 593
590 594
590 948
591 592
591 593
591 594
591 595
592 593
592 594
592 595
592 596
593 594
593 595
593 596
593 597
594 716
594 595
594 596
594 598
595 784
595 596
595 598
595 599
596 597
596 598
596 599
596 600
597 678
597 939
597 599
597 601
598 600
598 601
598 602
599 720
599 600
599 601
600 651
600 601
600 602
600 603
600 604
601 602
601 603
601 604
601 605
602 603
602 604
602 605
602 606
603 604
603 606
603 607
604 736
604 605
604 606
604 607
605 608
605 609
605 617
605 817
605 607
606 608
606 609
606 610
606 973
606 607
607 609
607 610
607 611
607 903
608 609
608 610
608 611
608 612
609 610
609 611
609 612
609 613
609 888
610 612
610 776
610 613
610 624
611 612
611 613
611 614
611 615
611 937
612 613
612 614
612 616
613 614
613 615
613 616
613 617
614 897
614 615
614 616
614 617
614 765
615 616
615 617
615 618
615 619
615 657
616 617
616 618
616 620
617 619
617 618
617 620
617 621
618 619
618 620
618 622
619 621
619 622
619 623
620 621
620 623
620 624
620 622
621 625
621 622
621 623
621 624
621 689
622 623
622 624
622 625
622 626
622 911
623 624
623 625
623 626
624 628
625 647
625 746
625 626
625 627
625 629
626 662
626 903
626 628
626 630
627 628
627 630
627 631
628 683
628 721
628 630
628 631
629 632
629 633
629 630
629 631
630 644
630 631
630 632
630 633
630 634
631 632
631 633
631 635
632 634
632 635
632 636
632 730
633 634
633 635
633 636
633 637
634 776
634 636
634 637
634 638
635 715
635 819
635 636
635 637
636 640
636 785
636 638
636 639
637 640
637 641
637 873
637 638
637 639
638 640
638 641
638 642
639 640
639 641
639 642
639 643
640 643
640 644
640 871
641 642
641 643
641 645
642 643
642 644
642 645
642 646
643 644
643 646
643 645
643 800
644 646
644 647
644 843
645 646
645 647
645 648
645 649
646 647
646 648
646 868
647 649
647 650
647 651
647 831
648 650
648 651
648 652
648 855
649 650
649 651
649 653
650 771
650 651
650 653
650 654
651 653
651 655
652 656
652 654
653 654
653 655
653 656
653 657
654 655
654 656
654 657
654 658
655 656
655 657
655 658
655 754
656 657
656 658
656 659
656 660
657 844
657 659
657 661
658 659
658 660
658 662
659 660
659 661
659 662
660 661
660 662
660 664
661 742
661 663
661 664
661 860
662 663
662 665
662 666
663 664
663 665
663 666
663 667
664 665
664 667
665 666
665 667
665 669
666 667
666 668
666 669
666 670
667 668
667 669
667 670
667 671
668 672
668 921
668 670
668 671
669 672
669 673
669 964
669 733
669 670
670 672
670 673
671 672
671 673
671 674
671 675
671 852
672 674
672 676
672 758
673 674
673 675
673 677
673 714
674 675
674 676
674 677
674 678
675 676
675 677
675 678
675 679
676 677
676 678
676 679
676 975
677 678
677 679
677 680
677 681
678 679
678 680
678 681
678 682
678 735
679 681
679 682
679 683
679 821
679 956
680 681
680 682
680 683
680 684
681 682
681 684
681 912
681 709
682 683
682 684
682 686
683 687
683 686
684 685
684 686
684 687
684 724
685 935
685 686
685 688
686 687
686 688
686 690
687 688
687 689
687 690
687 691
688 689
688 692
689 690
689 692
690 974
690 691
690 693
691 692
691 693
691 694
691 695
692 695
693 919
693 695
693 696
693 697
694 695
694 697
694 698
695 811
695 696
695 697
696 697
696 698
696 699
696 700
697 698
697 699
697 700
698 898
698 699
698 700
698 957
698 702
699 700
699 701
699 702
699 703
700 704
700 701
700 702
700 703
701 704
701 705
701 702
701 703
702 704
702 706
702 980
702 703
703 704
703 705
703 707
704 706
704 707
704 708
705 706
705 707
705 709
705 708
706 707
706 708
706 710
707 708
707 709
707 710
707 711
707 943
708 709
708 710
708 712
709 710
709 711
710 711
710 712
710 713
710 714
711 864
711 712
711 713
711 714
711 715
711 848
712 713
712 714
712 715
712 716
713 714
713 715
713 716
713 717
714 715
714 716
714 717
714 718
715 718
715 719
715 792
716 717
716 718
716 957
717 718
717 719
717 720
717 721
718 719
718 720
718 721
718 722
719 739
719 720
719 721
719 722
719 723
720 721
720 722
720 723
720 724
721 722
721 723
721 725
721 724
722 723
722 724
722 725
722 726
723 724
723 725
723 726
723 727
724 725
724 727
725 726
725 727
726 728
726 730
726 798
727 785
727 729
727 730
727 731
728 729
728 730
728 731
728 732
729 730
729 731
729 732
729 733
730 731
730 732
730 733
730 734
731 744
731 733
731 734
731 735
732 736
732 734
732 733
732 735
733 737
733 734
733 735
734 738
734 735
735 896
735 737
735 738
736 739
736 740
737 738
737 739
737 740
737 741
738 739
738 740
738 742
738 920
739 946
740 741
740 742
740 743
740 744
741 743
741 744
742 743
742 744
742 745
742 746
743 744
743 745
743 746
743 948
743 902
744 745
744 746
744 747
744 748
745 747
745 748
745 749
745 981
746 748
747 896
747 748
747 750
748 749
748 750
748 751
748 752
749 750
749 751
749 752
749 753
750 751
750 752
750 753
750 754
751 975
751 752
751 755
752 753
752 754
752 755
753 754
753 756
753 757
753 892
754 755
754 846
754 758
755 756
755 757
755 758
755 759
756 757
756 758
756 759
756 760
757 946
757 758
757 759
757 760
757 761
757 852
758 759
758 761
758 858
759 760
759 762
759 765
760 761
760 762
760 763
761 956
761 763
761 764
761 765
762 763
762 764
762 765
762 766
763 764
763 766
763 767
764 768
764 765
764 766
764 767
765 768
765 769
765 767
766 768
766 769
766 770
766 767
767 768
767 769
767 770
767 771
768 769
768 770
768 771
768 772
768 797
769 770
769 771
769 773
770 771
770 772
770 773
770 774
770 956
771 773
771 775
771 774
772 774
772 775
772 776
773 774
773 775
773 776
773 777
774 775
774 776
774 777
774 778
775 776
775 777
775 778
775 779
776 779
776 778
776 780
777 778
777 779
777 780
777 781
778 779
778 780
778 782
779 844
779 780
779 781
779 782
779 783
780 781
780 782
780 783
780 784
781 782
781 783
781 785
782 785
782 783
782 784
783 784
783 785
783 786
783 787
784 832
784 976
784 785
784 788
784 862
785 787
786 787
786 788
786 789
786 790
787 788
787 789
787 790
787 791
788 789
788 791
788 792
789 790
789 791
789 792
789 793
790 835
790 792
790 793
790 894
791 792
791 793
791 794
791 795
792 793
792 794
792 795
792 796
793 794
793 795
793 797
794 795
794 796
794 797
794 798
795 796
795 797
795 798
795 799
796 800
796 797
796 798
796 799
797 800
797 967
797 798
798 800
798 801
798 802
798 799
799 800
799 801
800 801
800 802
800 804
800 803
801 802
801 804
801 805
802 803
802 804
802 805
802 806
803 805
803 806
803 807
804 805
804 806
804 807
804 808
805 808
805 809
805 818
806 807
806 809
806 810
806 874
807 808
807 809
807 810
807 811
808 809
808 810
808 811
808 812
809 810
809 811
810 811
810 813
810 814
811 812
811 813
811 815
812 813
812 814
812 816
813 815
813 816
813 817
814 815
814 816
814 817
814 818
815 816
815 817
815 818
815 819
816 968
816 817
816 819
816 820
817 820
817 821
818 819
818 822
819 974
819 820
819 821
819 822
819 823
820 896
820 821
820 824
821 822
821 823
821 824
822 823
822 824
822 825
823 888
823 824
823 825
823 826
823 827
824 827
824 825
824 826
824 828
825 826
825 828
825 829
826 827
826 829
826 830
827 828
827 829
827 830
828 832
828 829
828 830
828 831
829 832
829 833
829 830
829 831
830 833
830 834
830 831
831 832
831 833
831 834
831 835
831 908
832 833
832 834
832 835
832 836
833 834
833 835
833 836
833 837
834 835
834 836
834 837
834 838
835 836
835 837
835 838
835 839
836 837
836 840
836 878
836 838
837 838
837 839
837 840
837 841
838 839
838 840
838 841
838 842
839 840
839 842
839 855
840 841
840 843
840 844
841 844
842 843
842 844
842 845
842 846
843 844
843 845
843 846
843 847
844 845
844 848
845 992
845 999
845 846
845 847
845 849
846 849
846 848
846 850
847 848
847 849
847 851
848 849
848 850
848 852
849 850
849 852
849 853
850 853
850 851
851 907
851 852
851 853
851 855
852 854
852 853
853 854
853 855
853 856
853 857
854 857
854 858
855 859
856 858
856 859
856 860
857 858
857 859
857 861
858 859
858 860
858 862
859 860
859 861
859 862
859 863
860 864
860 861
860 862
860 863
861 864
861 865
861 862
861 863
862 864
862 866
863 864
863 865
863 866
863 867
864 865
864 866
864 867
865 866
865 867
865 868
865 869
866 867
866 868
866 869
866 870
866 951
867 868
867 870
867 871
868 869
868 871
868 872
868 870
869 870
869 871
869 872
869 873
870 871
870 872
870 873
870 874
871 872
871 874
871 875
872 873
872 875
872 876
873 875
873 876
873 877
874 876
874 878
875 993
875 876
875 877
875 878
875 879
876 877
876 878
876 879
877 878
877 879
877 880
877 881
877 943
878 879
878 880
878 881
879 880
879 881
879 882
879 883
880 881
880 882
880 883
880 884
881 882
881 883
881 884
881 885
882 884
882 885
882 886
882 919
883 884
883 885
883 886
883 887
884 886
884 885
885 886
885 887
885 889
886 888
886 890
887 888
887 889
888 890
888 892
889 891
889 892
890 911
890 891
890 893
891 990
891 892
891 893
891 894
891 895
892 896
892 893
892 894
892 895
893 896
893 897
893 894
893 895
894 896
894 897
894 898
894 895
895 896
895 897
895 898
895 899
896 900
896 897
897 898
897 899
897 900
897 901
898 899
898 900
898 901
898 902
899 900
899 901
899 902
899 903
900 901
900 902
900 903
900 904
901 902
901 903
901 904
901 905
902 904
902 905
903 904
903 905
903 906
903 907
904 905
904 906
904 907
904 908
905 906
905 907
905 908
905 909
906 909
906 910
907 908
907 909
907 910
908 910
908 911
908 912
909 910
909 911
909 912
909 913
910 911
910 912
910 913
910 914
911 913
911 914
912 913
912 915
912 916
913 914
913 915
913 916
914 915
914 916
914 917
914 918
915 916
915 918
915 919
915 953
916 919
916 917
916 918
916 920
917 919
917 920
917 921
918 919
918 920
918 921
918 922
919 920
919 922
920 921
920 922
920 923
921 924
921 922
921 923
922 923
922 924
922 925
922 926
923 924
923 925
923 927
924 928
924 925
924 926
924 927
925 928
925 929
925 926
925 927
926 928
926 929
926 930
926 927
927 928
927 931
927 954
928 929
928 930
928 931
928 932
928 987
929 930
929 931
929 932
929 977
929 987
930 931
930 932
930 933
930 934
931 932
931 933
931 934
931 935
932 933
932 934
932 935
932 936
933 934
933 935
933 936
933 937
934 935
934 936
934 937
935 936
935 937
935 938
936 937
936 938
936 939
936 940
937 938
937 940
938 939
938 940
938 941
938 942
939 941
939 943
939 959
940 999
940 941
940 942
940 944
941 942
941 943
941 944
942 943
942 944
942 945
942 946
943 945
943 947
944 945
944 947
944 948
944 957
945 946
945 947
945 948
945 949
946 947
946 949
947 948
947 949
947 951
948 949
948 950
948 952
949 984
949 950
949 951
949 952
950 951
950 952
950 953
950 954
951 952
951 953
951 954
952 953
952 955
952 956
953 954
953 955
953 956
954 955
954 958
955 956
955 958
955 959
956 960
956 958
957 960
957 961
958 960
958 961
959 960
959 962
959 963
960 961
960 962
960 963
960 964
961 962
961 963
961 964
961 965
962 963
962 964
962 965
962 966
963 965
963 967
963 966
964 967
964 968
965 967
965 968
965 969
966 967
966 968
966 970
967 969
967 970
967 971
967 968
968 970
968 971
968 972
969 970
969 971
969 972
970 971
970 972
970 973
970 974
971 973
971 974
971 975
972 973
972 976
973 975
973 977
974 976
974 977
975 976
975 977
975 978
975 979
975 982
976 977
976 978
976 979
977 978
977 980
977 981
978 979
978 980
978 981
978 982
979 993
979 980
979 981
979 982
980 982
980 983
980 984
981 982
981 984
981 985
982 985
982 986
983 984
983 986
983 987
984 985
984 986
984 988
985 986
985 987
985 988
985 989
986 987
986 988
986 989
986 990
987 988
987 989
988 992
988 989
988 990
988 991
989 992
989 993
989 990
989 991
990 992
990 993
990 994
991 993
991 994
991 995
992 994
992 995
992 996
993 994
993 995
993 997
994 995
994 996
994 997
994 998
995 996
995 997
995 998
995 999
996 998
997 998
998 999
