0 65
0 2
0 451
0 4
0 496
0 497
0 498
0 499
0 94
1 2
1 4
1 5
1 497
1 498
1 499
1 347
2 3
2 4
2 81
2 499
2 63
3 4
3 5
3 6
3 7
3 499
4 5
4 6
4 7
4 332
4 478
5 6
5 7
5 8
5 9
5 380
6 7
6 8
6 9
6 10
7 416
7 162
7 8
7 9
7 10
7 207
8 295
8 9
8 10
8 11
8 12
8 349
9 12
9 13
9 462
9 403
9 148
10 203
10 11
10 12
10 13
10 14
11 325
11 13
11 240
11 114
11 115
12 13
12 14
12 15
12 16
13 15
13 16
13 17
13 151
14 431
14 16
14 18
14 24
14 15
15 230
15 16
15 18
15 19
16 17
16 19
16 20
16 62
17 96
17 18
17 19
17 20
17 21
18 40
18 20
18 21
18 60
19 20
19 21
19 22
19 23
20 208
20 452
20 209
20 22
20 24
21 22
21 23
21 24
21 25
22 100
22 208
22 146
22 23
22 25
22 26
23 24
23 25
23 26
23 27
24 455
24 188
24 27
24 28
25 355
25 26
25 27
25 28
25 29
26 60
26 318
26 27
26 28
26 29
26 30
27 456
27 28
27 30
27 31
28 32
28 29
28 30
28 31
29 32
29 33
29 162
29 30
30 32
30 33
30 34
30 31
31 32
31 34
31 35
31 39
31 237
31 250
31 253
32 33
32 34
32 35
32 36
32 257
32 347
33 34
33 35
33 36
33 37
34 35
34 36
34 37
34 38
34 436
35 36
35 37
35 38
35 39
36 37
36 38
36 39
36 40
36 431
37 38
37 39
37 40
37 312
38 39
38 41
38 86
38 164
39 389
39 42
39 43
39 111
39 372
40 43
40 44
40 403
40 91
41 42
41 43
41 44
41 306
41 405
42 43
42 44
42 45
42 46
43 325
43 44
43 45
43 46
43 461
43 172
44 45
44 46
44 47
44 79
44 74
45 46
45 47
45 48
45 49
45 206
45 414
46 47
46 48
46 49
46 50
46 94
46 415
47 48
47 114
47 51
47 345
48 257
48 132
48 49
48 50
48 60
49 366
49 50
49 51
49 53
49 217
50 237
50 51
50 52
50 54
51 362
51 52
51 53
51 54
51 55
51 373
52 322
52 53
52 54
52 55
52 56
53 54
53 55
53 248
53 57
54 55
54 56
54 57
54 58
55 270
55 335
55 57
55 58
55 59
56 336
56 58
56 59
56 218
57 237
57 58
57 59
57 60
58 259
58 248
58 59
58 60
58 62
59 219
59 60
59 62
59 63
60 210
60 61
60 252
60 62
60 63
61 64
61 388
61 275
61 62
62 64
62 66
62 120
62 63
63 64
63 65
63 67
63 66
64 66
64 67
64 76
64 430
64 371
64 174
64 186
65 67
65 68
65 69
65 327
65 73
65 118
66 67
66 68
66 69
66 492
67 68
67 70
67 71
67 169
68 288
68 70
68 72
68 323
68 442
69 291
69 70
69 71
69 72
69 73
70 71
70 72
70 73
70 74
71 72
71 73
71 74
71 75
71 91
72 74
72 75
72 76
72 86
73 104
73 74
73 77
73 255
74 75
74 78
74 76
74 370
75 76
75 77
75 78
75 79
76 77
76 78
76 79
76 80
77 192
77 162
77 78
77 79
77 275
78 79
78 80
78 81
78 215
78 185
79 82
79 83
79 153
80 493
80 81
80 82
80 83
80 84
81 82
81 83
81 84
81 373
81 473
82 458
82 83
82 84
82 85
82 350
83 84
83 85
83 86
83 87
84 199
84 85
84 87
84 88
84 185
85 246
85 86
85 87
85 88
85 89
86 385
86 422
86 88
86 89
86 90
87 230
87 89
87 90
87 91
87 126
88 89
88 90
88 91
88 92
89 440
89 90
89 91
89 92
89 93
90 182
90 235
90 93
90 94
91 92
91 93
91 95
92 96
92 377
92 93
92 94
92 95
93 96
93 97
93 94
93 95
94 96
94 97
94 95
95 96
95 97
95 98
95 99
96 98
96 99
96 100
97 98
97 99
97 100
97 101
98 99
98 100
98 101
98 102
98 174
99 100
99 102
99 103
99 400
100 101
100 104
100 243
101 103
101 104
101 119
101 346
102 103
102 104
102 105
102 106
102 183
103 160
103 104
103 105
103 106
103 107
103 425
104 106
104 105
104 324
105 106
105 107
105 108
105 109
106 107
106 108
106 109
106 110
107 264
107 109
107 110
107 111
107 272
108 109
108 110
108 463
108 112
108 302
108 219
109 110
109 111
109 112
109 113
109 458
110 111
110 112
110 113
110 114
111 393
111 495
111 112
111 113
111 210
111 152
112 113
112 114
112 115
112 116
113 301
113 115
113 116
113 117
114 226
114 115
114 117
114 118
115 133
115 116
115 117
115 119
116 429
116 118
116 119
116 120
117 336
117 118
117 119
117 120
118 119
118 120
118 121
118 122
119 120
119 121
119 122
119 123
120 283
120 121
120 122
120 123
120 124
121 267
121 204
121 122
121 123
121 124
121 125
122 265
122 123
122 124
122 125
123 261
123 124
123 125
123 127
124 128
124 248
124 125
124 126
124 127
125 128
125 129
125 126
125 127
126 128
126 129
126 130
126 377
126 127
127 128
127 129
127 130
127 131
127 320
128 129
128 130
128 131
128 491
129 131
129 132
129 133
129 287
130 131
130 132
130 134
130 383
131 132
131 133
131 134
131 135
132 133
132 136
132 241
132 339
132 247
133 134
133 136
133 137
133 298
134 135
134 136
134 137
134 291
134 233
134 473
135 136
135 137
135 138
135 139
136 424
136 137
136 138
136 139
136 439
136 441
136 410
137 487
137 138
137 139
137 141
138 321
138 139
138 140
138 141
138 142
138 434
138 150
139 140
139 142
139 143
139 371
140 141
140 143
140 144
140 406
141 448
141 259
141 143
141 195
141 281
142 272
142 143
142 144
142 146
143 211
143 144
143 145
143 146
143 147
144 353
144 145
144 146
144 147
144 148
145 146
145 148
145 149
145 248
146 150
146 149
146 183
147 417
147 301
147 149
147 150
147 151
148 481
148 394
148 149
148 150
149 150
149 151
149 152
149 153
150 152
150 153
150 154
150 446
151 152
151 153
151 154
151 155
152 272
152 153
152 155
153 329
153 154
153 155
153 157
154 155
154 156
154 157
154 158
155 156
155 157
155 158
155 159
156 160
156 157
156 158
156 159
157 160
157 161
157 158
157 159
158 160
158 161
158 162
158 214
158 159
159 160
159 161
159 162
159 163
160 161
160 163
160 164
161 162
161 163
161 301
161 218
162 163
162 166
163 165
163 166
163 167
163 253
164 165
164 167
164 168
164 185
165 167
165 168
165 169
165 317
166 167
166 168
166 170
166 305
166 437
166 375
167 168
167 169
167 170
167 171
168 169
168 171
168 172
168 420
169 170
169 171
169 173
169 271
169 248
170 266
170 172
170 173
170 174
171 172
171 301
171 174
171 175
172 417
172 198
172 175
172 424
173 175
173 176
173 177
173 216
174 175
174 476
175 176
175 177
175 179
175 441
176 363
176 177
176 178
176 179
176 180
177 178
177 179
177 180
177 181
177 186
178 179
178 180
178 181
178 182
179 180
179 181
179 182
179 183
180 181
180 182
180 183
180 184
181 182
181 183
181 184
181 185
182 391
182 183
182 184
182 185
182 186
183 184
183 185
183 187
184 185
184 186
184 187
184 188
185 333
185 271
185 186
185 188
185 189
186 194
186 188
186 189
187 393
187 459
187 314
187 190
187 191
188 192
188 189
188 190
188 191
189 192
189 193
189 484
189 439
189 190
189 191
190 192
190 193
190 194
190 217
190 191
191 194
191 195
191 433
191 401
192 193
192 194
192 195
192 196
192 266
193 194
193 195
193 196
193 197
194 196
194 197
194 198
194 408
194 452
195 196
195 199
195 246
195 444
196 197
196 198
196 199
196 200
197 198
197 199
197 200
197 201
198 358
198 199
198 200
198 201
199 200
199 201
199 202
199 203
199 398
200 256
200 201
200 202
200 203
200 204
201 202
201 203
201 204
201 205
201 365
202 203
202 204
202 205
202 206
202 211
203 206
203 468
203 319
204 205
204 207
204 208
204 412
205 206
205 207
205 208
205 209
205 370
206 324
206 209
206 474
207 211
207 208
207 403
208 482
208 402
208 209
208 210
208 211
209 210
209 212
209 213
210 212
210 213
210 214
211 212
211 310
211 215
212 483
212 213
212 214
212 215
213 214
213 215
213 216
213 217
214 216
214 217
214 218
214 437
215 216
215 218
215 219
216 443
216 217
216 218
216 219
216 220
217 219
217 220
217 221
218 219
218 220
218 221
218 222
219 221
219 222
219 223
220 224
220 417
220 221
220 222
220 223
221 224
221 225
221 222
221 223
222 225
222 226
222 454
222 435
222 223
223 224
223 225
223 226
223 227
224 225
224 226
224 227
224 228
224 407
225 226
225 228
225 229
225 260
226 227
226 228
226 229
226 230
226 313
227 229
227 230
227 231
227 482
227 470
228 229
228 230
228 231
228 232
229 230
229 231
229 232
229 233
229 337
230 231
230 232
230 233
231 232
231 233
231 234
231 235
232 233
232 234
232 343
232 394
232 485
233 234
233 235
233 369
234 235
234 236
234 238
234 336
235 321
235 236
235 237
235 494
235 239
236 237
236 238
236 239
236 240
237 238
237 240
237 241
238 239
238 240
238 241
238 242
239 386
239 360
239 241
239 242
239 494
239 415
240 241
240 242
240 243
240 244
241 242
241 243
241 244
241 245
242 243
242 244
242 245
242 246
243 244
243 245
243 246
243 277
244 298
244 245
244 246
244 248
245 308
245 246
245 247
245 248
245 249
246 487
246 248
247 348
247 250
247 406
248 249
249 250
249 251
249 252
249 253
250 251
250 252
250 350
251 425
251 340
251 252
251 254
251 255
252 269
252 254
252 255
253 256
253 257
253 254
253 255
254 256
254 257
254 258
254 262
254 397
254 255
255 256
255 257
255 258
255 292
255 327
256 258
256 259
256 260
257 258
257 259
257 260
258 259
258 262
258 361
258 397
258 323
258 472
259 260
259 261
259 262
259 263
259 292
260 261
260 262
260 264
260 263
261 262
261 263
261 264
261 265
262 264
262 265
262 266
262 401
263 264
263 265
263 266
263 267
264 265
264 266
264 268
264 390
265 266
265 327
265 268
265 269
266 268
266 269
266 270
267 271
267 268
267 269
268 269
268 270
268 271
268 272
269 369
269 270
269 271
269 272
269 273
270 360
270 271
270 273
270 274
271 463
271 273
271 274
271 275
272 273
272 274
272 315
273 274
273 275
273 276
273 277
273 367
274 275
274 276
274 277
274 278
275 425
275 276
275 277
275 278
275 279
276 277
276 278
276 279
276 280
277 334
277 279
277 280
277 281
277 285
278 279
278 280
278 281
278 282
279 280
279 281
279 282
279 283
280 281
280 282
280 283
280 284
281 282
281 283
281 284
281 285
282 465
282 283
282 284
282 285
283 393
283 285
283 286
283 287
284 288
284 285
284 286
284 287
285 288
285 286
285 287
286 288
286 289
286 290
286 412
286 398
287 288
287 291
287 289
287 483
288 289
288 291
288 356
288 292
289 290
289 291
289 292
289 293
289 396
290 291
290 292
290 293
290 294
291 294
291 295
291 498
292 294
292 295
293 294
293 295
293 296
293 297
293 476
294 296
294 297
294 298
294 459
294 441
295 298
295 299
295 296
296 297
296 298
296 299
296 300
297 298
297 299
297 300
297 301
298 299
298 300
298 302
298 392
298 457
299 300
299 301
299 302
299 303
300 301
300 302
300 303
300 304
301 305
301 302
301 304
302 303
302 305
302 306
303 304
303 305
303 306
303 307
304 305
304 306
304 307
304 308
305 306
305 307
305 308
305 309
305 469
306 307
306 308
306 309
306 310
307 368
307 309
307 310
307 311
308 310
308 311
308 312
309 310
309 311
309 312
309 313
310 458
310 311
310 312
310 314
311 354
311 313
311 314
311 315
312 457
312 313
312 314
312 315
312 316
313 337
313 371
313 314
313 315
314 459
314 316
314 317
314 318
315 316
315 317
315 318
315 319
316 320
316 317
316 318
316 319
317 320
317 321
317 318
317 319
318 321
318 322
318 394
318 319
319 320
319 321
319 322
319 323
319 373
320 321
320 322
320 324
320 360
320 437
321 322
321 325
321 377
321 443
322 323
322 324
322 326
323 417
323 324
323 326
323 455
323 426
324 384
324 325
324 327
324 328
325 326
325 327
325 328
325 329
326 327
326 328
326 329
326 330
327 330
327 331
327 466
327 329
328 329
328 330
328 331
328 332
329 330
329 331
329 332
329 333
330 331
330 332
330 333
330 334
331 332
331 333
331 334
331 335
332 333
332 335
332 336
333 334
333 336
333 337
334 335
334 336
334 337
334 338
335 336
335 337
335 338
335 339
336 337
336 338
336 339
336 340
336 447
337 338
337 340
337 341
338 339
338 340
338 341
338 342
339 366
339 340
339 342
339 343
340 341
340 343
340 344
341 342
341 343
341 344
341 345
342 357
342 343
342 344
342 345
342 346
343 344
343 345
343 346
343 347
344 345
344 346
344 347
344 348
345 346
345 347
345 348
345 349
346 347
346 348
346 349
346 350
347 348
347 349
347 350
348 352
348 443
348 467
348 350
349 352
349 353
349 351
350 353
350 470
350 351
351 352
351 353
351 354
351 355
352 353
352 354
352 355
352 356
353 387
353 356
353 435
354 355
354 356
354 357
354 358
355 358
355 359
355 477
356 358
356 359
356 360
356 396
357 358
357 360
357 361
357 397
358 384
358 359
358 361
358 362
359 386
359 360
359 362
359 363
360 362
361 362
361 363
361 364
361 436
362 363
362 365
362 366
363 365
363 366
363 367
364 368
364 365
364 366
364 367
365 496
365 366
365 368
366 369
366 367
367 369
367 368
367 371
367 383
368 460
368 371
368 369
368 370
368 372
369 370
369 372
369 373
370 371
370 373
370 374
371 497
371 373
371 375
372 374
372 375
372 376
372 441
373 374
373 376
374 375
374 376
374 377
374 378
375 376
375 378
375 379
376 377
376 378
376 379
376 380
377 378
378 455
378 456
378 379
378 380
379 413
379 380
379 381
379 382
380 384
380 381
380 383
381 384
381 464
381 382
381 383
382 384
382 385
382 386
382 383
383 417
383 387
383 386
384 386
384 387
384 388
385 386
385 387
385 388
385 389
386 387
386 388
386 389
387 388
387 389
387 390
387 391
388 389
388 390
388 391
388 392
389 390
389 393
389 391
390 391
390 393
390 394
390 392
391 393
391 395
391 466
392 395
392 396
392 394
393 395
393 396
393 397
394 451
394 396
394 397
394 463
395 396
395 397
395 398
395 399
396 398
396 399
396 400
397 399
397 400
398 399
398 401
399 400
399 401
399 402
399 403
400 401
400 402
400 403
400 404
401 402
401 403
401 405
402 404
402 405
402 406
403 404
403 405
403 407
403 446
404 405
404 406
404 407
404 408
405 407
405 408
405 409
406 407
406 408
406 409
406 410
407 408
407 410
407 411
408 449
408 409
408 410
408 412
409 436
409 410
409 411
409 412
410 436
410 411
410 412
410 413
411 412
411 413
411 414
411 415
412 416
412 414
412 415
413 416
413 417
413 414
413 415
414 416
414 418
414 415
415 416
415 418
415 419
416 417
416 418
416 419
416 420
417 420
418 419
418 420
418 421
418 422
419 420
419 421
419 422
419 423
420 421
420 422
420 423
420 424
421 422
421 423
421 424
421 425
422 423
422 424
422 426
423 424
423 425
423 426
423 427
424 425
424 426
424 427
425 426
425 429
425 433
426 430
426 464
426 441
427 428
427 429
427 430
427 431
428 432
428 429
428 430
428 431
429 431
429 432
429 433
429 435
430 431
430 433
430 434
430 446
431 432
431 433
431 434
432 433
432 434
432 435
432 436
433 434
433 435
433 436
434 435
434 436
434 437
435 436
435 438
435 439
436 481
436 437
436 439
436 440
437 441
438 440
438 441
438 442
438 439
439 440
439 441
440 442
440 443
440 444
441 442
441 445
442 443
442 444
442 445
442 446
443 444
443 445
443 447
444 448
444 445
444 446
444 447
445 448
445 449
445 446
445 447
446 449
446 447
447 449
447 450
447 451
448 449
448 450
448 451
448 452
449 450
449 451
449 453
450 451
450 452
450 453
450 454
451 453
451 454
451 493
452 453
452 455
452 456
453 454
453 455
453 456
453 457
454 455
454 456
454 457
454 458
455 458
455 459
456 457
456 458
456 459
456 460
457 461
457 458
458 459
458 460
458 462
459 460
459 463
460 461
460 462
460 463
461 463
461 464
461 465
462 463
462 464
462 465
462 466
463 464
463 465
463 467
464 465
464 466
464 467
464 468
465 466
465 467
465 468
465 469
466 467
466 469
466 470
467 468
467 469
467 470
467 471
468 469
468 470
468 471
468 472
469 471
469 472
469 473
470 471
470 472
470 473
470 474
471 485
471 472
471 473
471 474
471 475
472 474
472 475
472 476
473 474
473 475
473 476
474 475
474 476
474 477
474 478
475 476
475 477
475 478
475 479
476 480
476 478
476 479
477 480
477 481
477 478
477 479
478 480
478 481
478 482
478 479
479 480
479 481
479 482
479 483
480 481
480 482
480 483
480 484
481 483
481 484
481 485
482 484
482 485
482 486
483 484
483 485
483 486
483 487
484 485
484 486
484 487
485 486
485 488
486 487
486 488
486 489
486 490
487 488
487 490
487 491
487 489
488 489
488 490
488 491
488 492
489 490
489 491
489 492
489 493
490 491
490 492
490 493
490 494
491 492
491 493
491 494
491 495
492 493
492 494
492 495
492 496
493 496
493 497
494 495
494 497
494 498
495 496
495 498
495 499
496 497
496 498
496 499
497 498
498 499
