0 1
0 2
0 3
0 4
0 1488
0 1013
0 1498
0 1499
0 831
1 1474
1 3
1 4
1 5
1 2
1 1497
1 1499
2 3
2 4
2 5
2 6
2 1440
2 1498
2 1499
3 4
3 5
3 6
3 7
3 1156
3 1499
4 5
4 6
4 7
4 8
4 327
5 6
5 7
5 8
5 9
6 7
6 8
6 9
6 10
6 251
7 8
7 10
7 11
7 242
7 702
8 11
8 1017
8 1306
8 1370
9 10
9 11
9 12
9 1465
10 11
10 12
10 13
10 14
10 1169
10 873
10 890
11 12
11 13
11 15
11 346
11 810
12 752
12 13
12 14
12 15
12 16
12 1076
13 15
13 16
13 17
13 1307
14 546
14 15
14 16
14 17
14 1373
15 673
15 16
15 17
15 18
16 17
16 18
16 20
16 718
16 1023
17 356
17 275
17 18
17 19
17 21
18 1025
18 713
18 19
18 20
18 22
19 928
19 20
19 21
19 22
19 23
20 21
20 22
20 23
20 24
20 92
21 932
21 944
21 22
21 23
21 24
21 764
22 999
22 23
22 24
22 25
23 1187
23 24
23 26
23 27
23 826
23 190
24 343
24 1327
24 27
24 28
24 573
25 26
25 27
25 28
25 29
26 1062
26 783
26 1489
26 27
26 28
26 30
27 28
27 29
27 30
27 31
28 32
28 401
28 29
28 30
28 31
29 449
29 546
29 33
29 30
30 32
30 33
30 34
30 1347
30 709
30 31
31 32
31 33
31 34
31 35
32 33
32 34
32 35
32 36
32 428
33 34
33 36
33 37
33 1233
34 35
34 37
34 38
34 89
35 36
35 37
35 38
35 39
36 37
36 38
36 39
36 40
36 604
37 38
37 39
37 40
37 41
38 870
38 39
38 40
38 42
39 40
39 41
39 42
39 43
40 41
40 42
40 44
40 589
41 1408
41 42
41 43
41 44
41 45
42 43
42 44
42 46
42 1464
43 44
43 46
43 47
43 1194
43 1279
44 1484
44 45
44 46
44 48
44 689
44 1243
45 46
45 47
45 49
45 700
46 1413
46 1417
46 47
46 48
46 49
46 50
47 48
47 49
47 50
47 51
48 49
48 50
48 51
48 52
49 1027
49 50
49 51
49 52
49 1308
50 387
50 585
50 51
50 52
50 1306
51 306
51 53
51 54
51 55
51 1493
52 53
52 54
52 55
52 56
53 755
53 686
53 790
53 54
53 55
53 56
53 57
54 548
54 881
54 55
54 57
54 58
54 124
55 56
55 58
55 59
55 637
56 485
56 57
56 58
56 59
56 60
56 1269
57 58
57 59
57 60
57 61
58 716
58 532
58 59
58 61
58 62
59 193
59 60
59 61
59 62
59 63
60 64
60 61
60 62
60 63
61 64
61 65
61 1372
61 149
61 695
61 62
61 63
62 64
62 65
62 66
62 82
62 63
63 64
63 65
63 66
63 67
64 66
64 68
64 429
64 145
64 473
65 66
65 67
65 68
65 69
65 196
66 67
66 68
66 69
66 494
66 1023
67 69
67 71
67 1129
67 625
68 69
68 70
68 71
68 72
69 70
69 73
69 79
69 501
70 71
70 72
70 73
70 74
70 719
70 991
71 72
71 73
71 74
71 75
71 725
71 1337
72 73
72 74
72 75
72 76
72 1278
73 74
73 912
73 1140
73 1304
73 762
74 804
74 75
74 76
74 77
74 78
74 717
75 76
75 79
75 567
75 413
76 1091
76 77
76 78
76 80
76 597
77 864
77 1314
77 78
77 1359
77 80
77 597
77 538
78 79
78 80
78 81
78 82
79 80
79 82
79 83
79 408
80 1481
80 81
80 82
80 84
80 1208
81 1096
81 1162
81 82
81 83
81 85
82 84
82 85
82 86
82 1077
83 84
83 85
83 86
83 87
84 288
84 85
84 87
84 88
85 164
85 791
85 86
85 87
85 88
85 89
86 1376
86 961
86 995
86 89
86 90
87 88
87 89
87 90
87 91
88 89
88 90
88 91
88 92
89 1275
89 586
89 91
89 92
89 93
90 613
90 1425
90 91
90 956
90 93
91 349
91 628
91 1310
91 92
91 93
91 94
92 93
92 94
92 95
93 96
93 97
93 94
93 95
94 96
94 97
94 98
94 1339
94 95
95 96
95 98
95 99
95 1072
95 1275
95 671
96 97
96 98
96 99
96 100
96 1353
96 154
97 98
97 99
97 100
97 101
98 99
98 100
98 101
98 102
98 828
99 100
99 101
99 102
99 103
100 101
100 102
100 103
100 104
101 103
101 104
101 105
101 423
101 1327
101 343
101 225
102 104
102 105
102 106
102 661
103 104
103 105
103 107
103 408
104 105
104 107
104 108
104 879
104 1297
105 107
105 108
105 109
105 1115
106 1158
106 107
106 108
106 109
106 110
106 112
106 179
107 587
107 110
107 111
107 688
107 430
108 109
108 110
108 111
108 112
108 1034
109 110
109 111
109 112
109 925
110 111
110 112
110 113
110 114
110 522
111 138
111 112
111 113
111 114
111 115
112 832
112 115
112 116
113 1484
113 114
113 115
113 116
113 926
114 1003
114 115
114 116
114 118
114 378
115 950
115 116
115 117
115 118
116 321
116 807
116 117
116 120
117 945
117 118
117 119
117 1273
118 995
118 1298
118 119
118 120
118 121
118 122
119 120
119 121
119 122
119 123
120 1190
120 297
120 121
120 123
121 122
121 123
121 124
121 125
122 726
122 177
122 1269
122 124
122 125
122 126
123 124
123 125
123 126
123 127
124 128
124 125
124 126
124 127
125 128
125 129
125 923
125 126
125 127
126 128
126 129
126 130
126 127
127 129
127 131
127 355
127 154
128 129
128 130
128 131
128 132
128 141
128 173
129 130
129 131
129 133
129 411
130 131
130 132
130 133
130 134
130 780
130 1234
130 695
131 132
131 133
131 134
131 1144
132 133
132 134
132 135
132 136
132 1244
133 134
133 135
133 136
133 137
133 1333
134 135
134 137
134 138
134 1099
134 900
135 136
135 137
135 138
135 139
135 1078
136 137
136 138
136 139
136 140
137 138
137 139
137 140
137 141
137 1211
138 362
138 139
138 140
138 141
138 366
138 379
139 140
139 141
139 143
139 700
140 775
140 141
140 142
140 144
141 1296
141 198
141 142
141 144
141 145
142 236
142 143
142 145
142 146
143 144
143 146
143 147
143 1237
143 990
144 331
144 145
144 146
144 147
144 148
145 1056
145 1041
145 146
145 147
145 148
146 1188
146 148
146 149
146 408
146 893
147 148
147 149
147 151
147 1146
148 149
148 150
148 151
148 152
149 993
149 150
149 151
150 995
150 151
150 152
150 153
150 154
151 1491
151 152
151 153
151 155
151 508
152 772
152 153
152 154
152 155
152 156
153 1159
153 1385
153 155
153 157
154 500
154 155
154 156
154 158
155 156
155 157
155 158
155 159
156 160
156 507
156 351
156 158
156 159
157 160
157 161
157 158
157 159
158 160
158 161
158 1498
158 159
159 160
159 162
159 1381
159 378
160 1248
160 163
160 164
160 1220
161 162
161 163
161 164
161 165
162 163
162 164
162 165
162 1459
163 164
163 165
163 166
163 167
163 648
163 172
164 165
164 166
164 167
165 166
165 167
165 168
165 169
165 1047
166 167
166 168
166 170
166 846
167 168
167 169
167 170
167 171
168 169
168 170
168 171
168 172
169 170
169 171
169 172
169 173
169 180
170 171
170 172
170 173
170 174
171 172
171 173
171 174
171 175
172 174
172 175
172 176
172 471
172 463
173 174
173 176
173 177
174 1186
174 334
174 176
174 178
174 350
175 176
175 177
175 178
175 179
176 237
176 562
176 1218
176 651
176 177
176 178
176 179
176 180
176 1397
176 1442
177 178
177 180
177 181
178 354
178 1366
178 1447
178 1198
178 179
178 181
178 182
179 353
179 199
179 180
179 181
179 182
180 376
180 963
180 554
180 182
180 183
180 184
181 182
181 183
181 184
181 185
182 778
182 184
182 185
182 186
183 1359
183 1396
183 1463
183 185
183 187
184 323
184 756
184 496
184 185
184 187
185 476
185 650
185 974
185 570
185 187
185 188
185 1086
185 757
186 985
186 187
186 188
186 189
186 190
187 557
187 189
187 190
187 191
188 1072
188 219
188 190
188 191
189 192
189 1319
189 190
189 191
190 194
190 579
190 336
190 1076
190 574
190 191
191 192
191 194
191 195
191 738
191 536
191 1497
192 193
192 195
192 516
192 1189
192 1238
193 346
193 197
193 195
194 195
194 1382
194 198
194 197
195 1155
195 196
195 197
195 199
195 1367
196 200
196 198
196 199
197 198
197 199
197 200
197 1228
197 1149
198 199
198 201
198 202
199 200
199 201
199 203
200 994
200 648
200 202
200 203
200 1480
200 1401
201 1250
201 741
201 203
201 204
201 205
202 203
202 204
202 206
202 316
203 204
203 205
203 206
203 207
204 205
204 207
204 208
204 1464
204 894
205 206
205 207
205 208
205 209
205 1359
205 859
206 207
206 208
206 209
206 210
207 208
207 209
207 210
207 211
208 1223
208 272
208 209
208 1261
208 212
208 443
209 210
209 211
209 212
209 213
209 341
210 211
210 213
210 214
210 443
210 1493
211 548
211 1296
211 212
211 213
211 214
211 215
212 213
212 214
212 215
212 216
213 245
213 214
213 215
213 216
214 215
214 216
214 217
214 218
215 1089
215 651
215 848
215 216
215 217
215 218
215 219
216 1313
216 261
216 1325
216 217
216 218
216 219
217 878
217 218
217 219
217 221
218 219
218 220
218 221
218 222
219 395
219 861
219 272
219 975
219 221
219 222
219 223
220 224
220 779
220 221
220 222
220 223
221 224
221 225
221 1201
221 448
221 223
222 462
222 1330
222 981
222 223
223 224
223 227
223 1155
223 447
224 225
224 226
224 227
224 228
225 897
225 229
225 287
226 227
226 228
226 229
226 230
227 228
227 229
227 230
227 231
227 914
228 229
228 230
228 232
228 848
229 870
229 231
229 232
229 233
229 1299
229 380
230 997
230 231
230 232
230 233
230 234
230 721
230 985
231 836
231 232
231 233
231 234
231 235
232 675
232 233
232 234
232 235
232 458
233 1222
233 1409
233 234
233 235
233 237
234 577
234 707
234 237
234 366
234 879
235 1026
235 236
235 238
235 239
235 560
236 237
236 239
236 240
236 530
237 240
237 238
237 239
238 1094
238 239
238 240
238 242
239 1062
239 240
239 241
239 242
239 1262
240 241
240 242
240 244
240 1295
240 351
241 1092
241 711
241 242
241 245
242 243
242 244
242 245
243 244
243 245
243 246
243 247
244 265
244 245
244 246
244 247
244 248
245 971
245 841
245 651
245 247
246 352
246 658
246 247
246 248
247 699
247 855
247 248
247 276
247 251
248 290
248 344
248 249
248 250
248 252
249 1080
249 887
249 250
249 251
249 253
250 252
250 251
250 1116
250 253
251 1443
251 941
251 1358
251 1170
251 253
252 256
252 254
252 350
252 255
253 256
253 257
253 1412
253 660
253 254
254 256
254 257
254 669
254 664
254 255
255 258
255 259
255 1317
255 1481
255 1198
256 257
256 259
256 260
256 305
257 259
257 260
257 261
257 329
258 259
258 260
258 261
258 262
259 260
259 261
259 262
259 1005
260 261
260 263
260 444
260 830
261 262
261 263
261 264
261 265
262 263
262 264
262 265
262 266
262 828
263 264
263 265
263 266
263 733
264 1152
264 265
264 266
264 267
264 1468
265 267
265 268
265 269
266 267
266 268
266 269
266 270
266 541
267 1443
267 269
267 270
267 959
268 269
268 270
268 272
268 1297
269 391
269 270
269 271
269 272
269 273
269 1045
270 271
270 272
270 273
270 274
271 272
271 273
271 275
271 505
272 965
272 1448
272 273
273 1292
273 274
273 275
273 1045
274 275
274 276
274 277
274 278
275 276
275 277
275 278
275 279
276 971
276 900
276 278
276 279
276 280
277 278
277 279
277 280
277 281
278 279
278 280
278 281
278 282
279 554
279 331
279 280
279 1145
279 282
279 1374
280 1271
280 281
280 282
280 283
280 284
281 507
281 467
281 1335
281 283
281 284
282 1078
282 968
282 283
282 285
282 286
283 338
283 403
283 735
283 286
283 287
284 288
284 654
284 1272
284 285
284 286
284 287
285 288
285 289
285 1471
285 286
285 287
286 288
286 289
286 290
286 795
286 647
286 1293
286 287
287 288
287 290
287 291
287 289
287 1372
287 855
287 826
288 289
288 290
288 291
288 292
289 290
289 291
289 292
289 293
289 629
290 291
290 292
290 293
290 294
291 292
291 293
291 295
291 1485
291 754
291 733
292 293
292 294
292 295
292 296
292 1073
293 294
293 295
293 296
293 1255
293 642
293 1334
294 295
294 296
294 297
294 1410
294 776
295 296
295 297
295 298
295 1105
296 297
296 298
296 299
296 300
297 299
297 301
297 756
297 629
298 299
298 300
298 301
298 302
299 300
299 301
299 302
299 886
300 481
300 301
300 302
300 304
300 664
301 1200
301 302
301 303
301 304
301 305
301 778
302 966
302 303
302 304
302 305
302 306
303 304
303 305
303 306
303 307
304 305
304 306
304 307
304 308
304 1339
305 306
305 307
305 308
305 309
305 1175
306 309
306 310
306 445
307 743
307 819
307 308
307 309
307 310
307 919
308 535
308 310
308 311
308 312
309 722
309 310
309 312
309 313
310 490
310 312
310 313
310 314
311 385
311 515
311 1060
311 313
311 314
311 315
312 737
312 918
312 680
312 313
312 314
312 316
313 482
313 374
313 314
313 315
313 316
314 1276
314 315
314 316
314 317
314 318
315 316
315 317
315 318
315 319
316 320
316 616
316 394
316 318
316 319
317 320
317 321
317 318
317 319
318 320
318 321
318 322
318 1015
319 320
319 321
319 322
319 323
319 922
319 415
320 321
320 322
320 323
320 324
320 1158
320 1070
321 322
321 323
321 324
321 325
321 400
322 323
322 324
322 325
322 326
322 911
323 324
323 325
323 326
323 327
323 644
324 325
324 326
324 327
324 1130
324 1335
325 326
325 327
325 328
325 329
325 434
326 327
326 329
326 330
326 585
327 903
327 328
327 1363
327 1470
328 329
328 330
328 332
328 852
328 853
328 506
328 639
329 330
329 331
329 332
329 333
330 611
330 331
330 332
330 333
330 334
331 1187
331 334
331 335
332 333
332 334
332 335
332 1428
332 1065
333 583
333 334
333 335
333 336
333 337
334 1152
334 584
334 335
334 336
334 337
334 338
334 888
335 336
335 338
335 339
335 756
335 430
336 337
336 339
336 340
336 1391
337 1069
337 339
337 340
337 341
338 339
338 340
338 341
338 342
339 1248
339 722
339 500
339 789
339 342
339 343
339 697
340 490
340 341
340 343
340 344
341 343
341 344
341 1401
341 826
341 1246
342 562
342 1071
342 343
342 345
342 346
343 344
343 346
343 347
344 345
344 346
344 348
345 1098
345 974
345 346
345 347
345 348
345 349
346 348
346 349
346 350
347 1322
347 348
347 349
347 350
348 352
348 1403
348 1453
348 349
348 350
348 351
349 352
349 353
349 1118
349 350
349 351
350 352
350 353
350 354
351 352
351 353
351 354
351 1061
351 1178
352 353
352 355
352 356
352 842
352 464
353 355
353 356
353 1131
354 1217
354 355
354 356
354 358
354 1240
354 476
355 357
355 358
355 359
355 837
356 357
356 359
356 360
356 455
356 1150
357 833
357 360
357 361
357 1402
358 359
358 360
358 361
358 362
359 1449
359 362
359 363
359 910
359 574
360 361
360 362
360 363
360 364
361 362
361 363
361 364
361 365
362 364
362 365
362 366
362 564
363 1315
363 365
363 366
363 367
363 627
364 908
364 365
364 366
364 367
364 368
364 457
365 366
365 367
365 369
365 786
366 367
366 369
366 938
367 945
367 368
367 369
367 370
367 371
367 884
368 369
368 370
368 371
368 372
369 370
369 371
369 372
369 373
369 916
370 371
370 372
370 373
370 374
371 372
371 373
371 375
371 1245
372 374
372 375
372 376
372 1242
373 1130
373 374
373 375
373 376
373 377
374 1049
374 403
374 377
374 376
374 378
375 812
375 1014
375 377
375 379
376 377
376 379
376 380
377 378
377 379
377 381
377 757
378 1108
378 380
378 381
378 382
379 1037
379 1469
379 381
379 382
379 383
380 1403
380 382
380 1343
381 384
381 385
381 382
381 383
382 384
382 385
382 427
382 1070
382 383
383 384
383 387
383 1194
383 1204
384 385
384 388
384 788
384 469
385 386
385 387
385 388
386 387
386 388
386 389
386 390
387 388
387 389
387 390
388 389
388 780
388 1136
388 1438
388 549
389 390
389 391
389 392
389 1388
389 845
390 391
390 392
390 393
390 656
390 407
391 392
391 393
391 395
392 393
392 394
392 395
392 396
392 858
393 394
393 395
393 396
393 397
394 1226
394 395
394 396
394 397
394 398
395 397
395 398
395 399
395 1202
396 397
396 398
396 400
396 636
397 398
397 399
397 400
397 401
398 489
398 400
398 402
398 691
399 400
399 401
399 402
399 403
400 402
400 403
400 404
401 403
401 405
401 1144
402 403
402 404
402 405
402 406
403 653
403 404
403 405
403 407
403 1493
404 1040
404 599
404 405
404 407
404 408
405 406
405 407
405 408
405 409
406 1112
406 407
406 408
406 409
406 410
407 836
407 408
407 410
407 411
407 445
408 409
408 410
408 412
409 410
409 411
409 412
409 413
410 1424
410 411
410 412
410 413
410 414
411 412
411 413
411 414
411 415
412 416
412 843
412 1292
412 889
412 1180
412 413
412 414
412 415
413 416
413 417
413 414
413 415
414 416
414 417
414 415
415 416
415 417
415 418
415 976
416 418
416 419
416 420
416 1199
416 1177
416 730
417 418
417 420
417 421
417 1467
418 419
418 420
418 421
418 422
418 445
419 420
419 421
419 423
419 628
420 421
420 422
420 423
420 424
420 1498
421 422
421 424
421 425
421 950
421 857
422 423
422 424
422 426
422 1402
423 960
423 424
423 426
423 427
424 1256
424 425
424 426
424 447
425 1347
425 452
425 426
425 429
426 1314
426 427
426 429
426 430
427 428
427 429
427 430
427 431
428 776
428 429
428 430
428 1231
428 432
429 430
429 431
429 432
429 433
429 991
430 641
430 1384
430 432
430 433
430 434
430 431
431 432
431 433
431 434
431 435
432 800
432 992
432 433
432 499
432 436
433 434
433 435
433 436
433 437
434 436
434 437
434 438
435 1093
435 488
435 436
435 437
435 438
435 439
436 437
436 438
436 439
436 440
437 1137
437 438
437 439
437 440
437 441
438 691
438 815
438 439
438 440
438 442
439 440
439 441
439 442
439 443
439 1407
440 1322
440 1452
440 442
440 444
440 698
440 1215
441 984
441 442
441 443
441 444
441 445
442 1280
442 443
442 444
442 445
442 446
443 444
443 445
443 446
443 447
444 972
444 684
444 445
444 446
444 447
445 448
445 1280
445 447
446 448
446 449
446 450
446 675
446 447
447 448
447 449
447 450
447 451
447 1481
447 482
448 450
448 451
448 452
448 840
448 1233
449 450
449 451
449 452
449 453
449 1442
449 1297
450 451
450 453
450 454
450 458
450 589
450 535
450 1084
451 452
451 453
451 454
451 455
452 453
452 454
452 455
452 456
452 1012
453 454
453 455
453 457
453 879
453 1473
454 587
454 1303
454 1245
454 670
455 457
455 458
455 459
456 512
456 458
456 459
456 460
456 699
457 458
457 779
457 461
457 1081
458 460
458 461
458 462
458 1171
459 460
459 461
459 462
459 463
460 464
460 754
460 756
460 729
460 1018
461 462
461 463
461 464
461 465
461 700
462 463
462 464
462 465
462 466
463 464
463 466
463 467
464 903
464 465
464 466
464 467
464 468
464 1325
465 466
465 467
465 468
465 1269
465 507
466 1484
466 467
466 468
466 469
467 468
467 469
467 470
467 471
468 522
468 469
468 470
468 471
468 472
469 470
469 471
469 472
469 473
470 472
470 473
470 474
470 1082
471 472
471 473
471 474
472 1454
472 1080
472 474
472 475
472 476
473 474
473 475
473 477
474 580
474 475
474 477
474 478
475 476
475 477
475 478
475 479
476 624
476 477
476 479
477 480
477 481
477 650
477 479
478 480
478 482
478 923
478 1385
478 479
479 480
479 481
479 482
479 483
480 481
480 482
480 483
480 484
481 482
481 483
481 1490
481 1347
482 484
482 486
482 1290
482 852
483 484
483 485
483 486
483 1264
483 667
483 767
484 485
484 838
484 487
484 1487
484 787
485 487
485 1292
485 1263
486 487
486 488
486 489
486 490
487 550
487 490
487 942
487 1390
487 730
487 639
488 489
488 491
488 492
488 1239
489 490
489 492
489 493
489 558
490 742
490 491
490 492
490 493
490 494
491 492
491 494
491 495
491 506
492 493
492 494
492 495
492 496
493 611
493 494
493 495
493 497
493 1468
494 495
494 496
494 497
494 498
495 496
495 497
495 498
495 499
496 912
496 497
496 498
496 499
496 500
497 1226
497 498
497 499
497 500
497 501
498 1072
498 773
498 499
498 500
498 501
498 1016
499 500
499 501
499 503
500 515
500 811
500 502
500 503
501 502
501 503
501 504
501 505
502 1232
502 505
502 506
502 1438
502 725
503 504
503 505
503 506
503 507
504 1201
504 505
504 508
504 1085
505 1494
505 507
505 509
505 767
506 508
506 509
506 510
507 1403
507 509
507 511
508 512
508 509
508 510
508 511
509 513
509 1093
509 510
509 511
510 512
510 513
510 1485
510 1364
510 825
510 511
511 512
511 513
511 514
511 515
512 514
512 515
512 516
513 514
513 515
513 516
513 517
514 515
514 516
514 517
514 518
515 516
515 517
515 988
515 1341
516 517
516 518
516 520
516 519
516 1187
516 1249
517 519
517 521
517 1211
517 801
518 1127
518 520
518 521
518 519
518 624
518 826
519 520
519 521
519 522
519 523
520 521
520 522
520 523
520 524
521 1193
521 522
521 523
521 525
522 524
522 525
523 741
523 524
523 525
523 526
524 525
524 526
524 527
524 528
525 526
525 527
525 528
525 529
526 872
526 527
526 528
526 529
526 530
527 832
527 528
527 529
527 530
528 529
528 530
528 531
528 532
528 952
529 676
529 941
529 530
529 532
529 533
530 1094
530 1255
530 531
530 533
530 534
531 532
531 533
531 534
531 1112
532 533
532 534
532 535
532 536
533 534
533 535
533 537
533 1146
534 535
534 536
534 537
534 538
535 536
535 538
535 539
536 537
536 538
536 539
536 540
537 1082
537 538
537 539
537 540
537 541
537 1342
538 726
538 1107
538 540
538 1437
538 542
539 1295
539 540
539 541
539 542
539 543
540 544
540 647
540 541
540 543
541 544
541 542
541 543
542 544
542 545
542 546
542 637
542 543
543 544
543 545
543 546
543 547
543 1484
544 545
544 546
544 547
544 548
545 547
545 548
545 549
545 1356
546 547
546 548
546 549
546 1422
546 952
547 548
547 549
547 550
547 1471
548 550
548 551
549 550
549 551
549 552
549 553
550 551
550 552
550 553
550 554
551 552
551 553
551 554
551 555
552 993
552 554
552 556
552 1458
552 1087
553 554
553 555
553 556
553 557
554 1029
554 555
554 558
555 556
555 557
555 558
555 559
555 1079
556 641
556 557
556 558
556 559
557 558
557 559
557 560
557 561
558 994
558 1029
558 559
558 562
558 1115
559 1257
559 560
559 562
559 563
560 707
560 1285
560 563
560 1180
561 562
561 563
561 564
561 565
562 681
562 565
562 1337
563 564
563 565
563 566
563 567
564 1251
564 566
564 567
565 566
565 567
565 568
565 569
566 567
566 568
566 569
566 570
567 568
567 569
567 570
567 571
567 634
568 743
568 569
568 570
568 571
568 572
569 570
569 571
569 572
569 573
570 1283
570 1392
570 698
570 1083
570 572
570 573
570 574
571 1105
571 572
571 573
571 574
571 575
572 576
572 573
572 574
572 575
573 576
573 754
573 574
573 575
574 578
574 621
574 575
575 576
575 577
575 578
575 579
576 577
576 578
576 580
576 1102
576 759
576 921
576 990
577 1376
577 578
577 579
577 580
577 581
578 738
578 579
578 581
578 582
578 684
578 1338
579 580
579 582
579 583
580 581
580 583
580 584
580 1262
580 910
581 582
581 583
581 584
581 1135
582 584
582 586
582 1304
582 1439
583 584
583 585
583 586
584 875
584 587
584 588
585 586
585 587
585 588
585 589
586 588
586 1007
586 1001
587 588
587 589
587 590
587 591
588 589
588 590
588 591
588 1097
589 592
589 593
589 1437
590 1419
590 592
590 594
590 771
590 921
591 1038
591 592
591 593
591 594
592 1195
592 593
592 594
592 595
592 596
593 594
593 595
593 596
593 597
594 595
594 596
594 597
594 598
595 1058
595 596
595 598
595 599
595 829
596 1350
596 1236
596 597
596 598
596 599
597 758
597 598
597 599
597 601
598 599
598 600
598 601
598 602
599 601
599 602
599 603
600 601
600 603
600 604
600 1001
601 602
601 603
601 604
601 605
602 880
602 603
602 604
602 605
603 1210
603 604
603 605
603 606
603 607
604 1378
604 1480
604 1035
604 605
604 607
605 608
605 609
605 765
605 606
605 607
606 608
606 609
606 610
606 607
607 608
607 609
607 610
607 611
608 609
608 610
608 611
608 612
609 610
609 612
609 613
609 751
610 611
610 612
610 613
610 614
611 613
611 614
611 615
612 613
612 614
612 615
612 616
612 797
613 615
613 616
613 617
614 615
614 616
614 618
614 802
615 737
615 617
615 619
615 885
616 803
616 619
616 620
617 839
617 618
617 619
617 620
617 1354
618 800
618 619
618 620
618 621
618 622
619 620
619 621
619 622
619 623
620 621
620 622
620 623
620 624
621 1472
621 622
621 623
621 625
622 1348
622 623
622 625
622 1308
623 624
623 625
623 626
623 627
624 625
624 627
624 628
625 626
625 627
625 628
625 629
626 934
626 627
626 628
626 630
626 952
627 628
627 629
627 630
627 631
628 725
628 630
628 632
629 630
629 761
629 632
629 633
630 1329
630 631
630 632
630 633
630 634
630 1076
631 1416
631 1321
631 632
631 633
631 634
631 635
632 919
632 633
632 634
632 635
633 1114
633 634
633 635
633 636
633 637
634 636
634 637
634 638
635 961
635 1417
635 636
635 637
635 638
635 639
636 640
636 637
636 638
636 639
637 640
637 638
637 639
638 640
638 641
638 642
638 1072
639 640
639 641
639 643
640 641
640 642
640 643
640 644
641 642
641 643
641 645
642 643
642 644
642 646
642 645
643 644
643 645
643 646
643 647
644 1171
644 645
644 646
644 648
645 646
645 647
645 648
645 649
645 1217
646 647
646 648
646 649
646 650
647 648
647 649
647 651
648 651
648 652
648 884
649 650
649 651
649 652
649 653
650 651
650 653
650 654
650 1492
650 1020
651 655
651 1135
652 653
652 654
652 691
652 1268
652 1015
653 655
653 656
653 657
654 655
654 656
654 658
654 1048
655 1458
655 656
655 657
655 658
655 659
656 657
656 658
656 659
656 660
657 658
657 659
657 660
657 661
658 662
658 659
658 661
658 952
658 1433
659 660
659 661
659 662
659 663
660 733
660 661
660 662
660 664
661 662
661 663
661 664
661 665
662 663
662 664
662 665
662 666
663 664
663 665
663 666
663 667
664 1022
664 665
664 666
664 667
664 668
665 666
665 667
665 668
665 669
666 1118
666 667
666 668
666 669
666 670
667 728
667 670
667 671
668 1451
668 1197
668 669
668 670
669 672
669 673
669 742
669 670
670 672
670 673
670 674
670 678
670 671
671 672
671 673
671 674
671 675
671 1165
672 673
672 674
672 675
672 676
672 1406
672 758
673 674
673 675
673 676
673 677
674 675
674 676
674 677
674 678
675 676
675 679
675 1188
676 677
676 680
676 1079
677 678
677 679
677 680
677 681
678 679
678 682
678 735
679 680
679 681
679 682
679 683
680 1024
680 681
680 810
680 683
680 684
681 682
681 683
681 684
681 685
682 683
682 684
682 685
682 686
683 1026
683 1387
683 685
683 687
683 1335
684 960
684 685
684 686
684 687
684 688
684 891
685 686
685 687
685 688
685 689
686 687
686 688
686 689
686 987
687 688
687 689
687 690
687 691
687 1294
688 689
688 690
688 692
689 1315
689 690
689 692
689 693
690 930
690 691
690 692
690 693
690 888
691 692
691 693
691 695
692 693
692 695
692 696
692 1275
693 694
693 695
693 696
693 697
694 696
694 697
694 698
694 695
695 698
695 699
696 697
696 698
696 699
696 700
697 698
697 699
697 700
698 700
698 1053
699 700
699 701
699 702
700 704
700 702
700 703
701 704
701 705
701 702
701 703
702 704
702 705
702 706
702 703
703 704
703 705
703 706
703 707
703 1482
703 1210
704 705
704 706
704 707
704 708
704 1097
705 706
705 707
705 708
705 709
706 707
706 708
706 709
706 710
706 1406
707 710
707 711
708 709
708 710
708 712
708 1101
708 942
709 710
709 712
709 713
710 711
710 712
710 713
710 714
710 1180
711 712
711 713
711 714
711 715
712 713
712 714
712 715
712 1435
713 715
713 716
713 717
714 715
714 716
714 717
714 718
714 1331
715 716
715 717
715 718
715 719
716 1088
716 717
716 718
716 720
717 719
717 720
717 721
718 720
718 719
718 722
719 803
719 720
719 722
719 723
720 1092
720 723
720 724
720 1044
721 722
721 724
721 725
722 726
722 724
722 723
722 725
723 724
723 725
723 726
723 727
723 728
724 1380
724 946
724 725
724 726
724 727
724 728
725 726
725 727
725 728
726 727
726 728
726 729
727 835
727 1331
727 728
727 730
727 731
728 1057
728 731
728 729
728 732
729 1057
729 730
729 731
729 732
730 731
730 732
730 734
731 732
731 733
731 734
731 735
732 736
732 1281
732 733
732 734
732 735
733 736
733 737
734 736
734 737
734 738
734 1427
734 883
734 735
735 736
735 1000
735 739
736 737
736 738
736 739
736 740
737 738
737 739
737 741
738 739
738 742
739 740
739 741
739 742
739 743
740 1345
740 741
740 742
740 743
740 744
741 742
741 743
741 744
741 745
742 744
742 746
742 1147
742 1439
743 744
743 747
743 1463
744 745
744 746
744 747
744 748
745 746
745 747
745 748
745 749
746 747
746 748
746 749
746 750
747 748
747 749
747 750
747 751
748 749
748 751
748 752
748 1498
749 774
749 750
749 751
749 753
749 1432
749 1115
750 751
750 753
750 754
750 1226
751 1091
751 752
751 754
751 1368
752 754
752 755
752 756
753 1265
753 754
753 755
753 757
754 1321
754 758
755 758
755 759
755 757
756 1430
756 757
756 758
757 759
757 1452
757 758
757 760
758 759
758 760
758 762
759 760
759 762
759 763
760 761
760 762
760 763
760 764
761 1175
761 1434
761 764
761 765
762 763
762 764
762 765
762 766
763 1237
763 764
763 765
763 766
763 767
764 1009
764 765
764 766
764 767
765 769
765 1371
765 797
765 767
766 768
766 769
766 770
766 767
767 768
767 770
767 1164
767 771
768 769
768 770
768 771
768 772
768 1008
769 770
769 771
769 772
769 773
770 773
770 774
770 871
770 1177
771 773
771 774
771 775
772 774
772 775
772 776
773 774
773 775
773 776
773 777
774 775
774 776
774 777
775 776
775 777
775 778
775 779
775 1037
775 1151
776 780
776 778
776 949
776 1464
777 778
777 779
777 781
777 1021
778 780
778 782
778 781
779 780
779 782
780 1326
780 783
781 782
781 783
781 784
781 785
782 783
782 784
782 785
782 786
783 785
783 786
783 787
784 834
784 786
784 787
784 788
784 1430
785 786
785 788
785 789
785 985
786 1190
786 1099
786 789
786 790
787 789
787 790
787 791
788 833
788 1058
788 791
788 1307
789 792
789 790
789 791
790 791
790 792
790 794
791 793
791 794
791 795
792 793
792 794
792 795
792 796
793 851
793 794
793 795
793 796
793 797
794 1355
794 1425
794 795
794 796
794 797
794 798
795 1452
795 797
795 799
796 800
796 797
796 798
796 799
797 798
797 799
798 800
798 801
798 802
798 1025
798 799
799 802
799 803
799 1452
799 1300
800 801
800 802
800 803
800 1275
801 802
801 803
801 804
801 1382
801 1314
801 1370
801 805
802 803
802 805
802 806
802 1190
803 805
803 806
803 807
804 805
804 806
804 807
805 806
805 807
805 808
805 809
806 807
806 808
806 810
806 829
807 808
807 809
807 810
807 811
808 809
808 810
808 811
808 1337
809 810
809 811
809 812
809 813
810 811
810 813
810 814
811 1159
811 812
811 813
811 814
811 815
812 813
812 814
812 815
812 816
813 1025
813 1378
813 814
813 815
813 816
814 872
814 815
814 880
814 817
814 818
814 1375
815 1078
815 1254
815 816
815 817
815 818
816 1444
816 1294
816 817
816 819
816 820
817 818
817 819
817 820
817 821
818 907
818 1040
818 1266
818 822
819 1356
819 820
819 821
819 822
819 823
820 821
820 822
820 823
820 824
821 822
821 823
821 824
821 825
822 823
822 825
822 826
822 957
822 863
823 824
823 825
823 826
823 827
824 1304
824 825
824 827
824 828
825 827
825 828
825 829
826 828
826 829
827 1031
827 829
827 830
827 831
828 1325
828 830
829 832
829 833
829 1482
829 830
829 831
830 832
830 834
830 1273
830 831
831 833
831 834
831 933
832 833
832 834
832 835
832 836
833 834
833 835
833 836
833 837
834 835
834 837
834 838
835 836
835 837
835 839
835 1373
836 839
836 840
837 838
837 839
837 840
837 1048
838 839
838 840
838 841
838 842
839 840
839 842
839 843
839 841
840 841
840 842
840 844
841 842
841 843
841 844
841 845
842 843
842 844
842 1065
843 1027
843 846
843 847
844 845
844 846
844 847
844 848
845 846
845 847
845 848
845 849
846 847
846 848
846 849
846 850
847 1101
847 848
847 850
847 851
848 849
848 850
848 851
849 1316
849 850
849 851
849 853
850 851
850 853
850 854
850 1495
850 862
851 852
851 1014
851 855
852 853
852 855
852 856
853 854
853 855
853 857
854 855
854 856
854 857
854 858
855 1154
855 859
855 988
856 857
856 858
856 859
856 860
857 858
857 859
857 860
857 861
858 859
858 860
858 862
859 860
859 861
859 862
860 864
860 861
860 862
860 863
861 864
861 865
861 862
862 864
862 865
862 866
862 863
863 864
863 865
863 867
863 1485
864 865
864 866
864 868
865 866
865 867
865 868
865 869
865 1117
866 867
866 868
866 869
866 870
866 881
867 869
867 870
867 871
867 887
868 869
868 870
868 871
868 872
869 870
869 871
869 872
869 873
870 872
870 873
870 1101
870 1265
870 1079
871 872
871 874
871 875
871 1442
871 1427
872 873
872 874
872 876
872 1358
873 875
873 876
873 877
874 875
874 876
874 877
874 878
875 876
875 877
875 878
875 879
876 877
876 878
876 879
876 880
876 1293
877 878
877 879
877 880
877 881
878 1042
878 879
878 880
878 881
878 882
879 882
879 883
880 944
880 881
880 884
881 1385
881 882
881 883
881 1274
882 950
882 883
882 885
882 886
883 1382
883 885
883 886
883 887
884 887
884 888
885 886
885 887
885 888
885 889
886 941
886 888
886 889
886 890
887 971
887 889
887 891
888 1257
888 1228
888 890
888 892
889 1475
889 891
889 892
889 893
890 892
890 893
890 894
891 1495
891 892
891 894
891 895
892 896
892 1236
892 894
892 895
893 896
893 897
893 894
893 895
894 896
894 897
894 1039
894 895
895 896
895 897
895 898
895 899
896 898
896 899
896 900
896 1062
897 898
897 899
897 900
897 901
897 1388
897 1307
898 899
898 900
898 901
898 902
898 1479
899 900
899 901
899 903
899 1498
900 901
900 903
900 904
900 902
901 902
901 904
901 905
901 948
902 1483
902 903
902 904
902 905
902 1447
902 1388
903 905
903 906
903 1291
904 905
904 906
904 907
904 908
905 906
905 907
905 908
905 909
906 1057
906 907
906 909
906 910
906 1112
906 1374
907 908
907 909
907 910
907 911
908 909
908 910
908 911
909 910
909 911
909 912
909 913
910 1445
910 911
910 913
911 913
911 914
911 915
912 914
912 916
912 1017
913 914
913 915
913 917
913 1455
913 926
913 1343
914 915
914 916
914 917
915 916
915 917
915 918
915 919
916 917
916 918
916 920
917 918
917 919
917 920
917 921
918 920
918 921
918 1275
919 920
919 921
919 923
920 921
920 922
920 923
920 924
921 1026
921 922
921 923
921 924
921 925
922 923
922 925
922 926
923 1025
923 927
924 928
924 1255
924 1259
924 925
924 926
925 928
925 929
925 926
925 927
926 928
926 929
926 927
927 928
927 929
927 931
927 993
928 930
928 932
928 1333
929 930
929 931
929 932
929 933
930 932
930 933
930 934
931 932
931 933
931 934
931 935
931 1334
932 934
932 936
932 1342
933 934
933 935
933 936
933 1453
934 935
934 936
934 937
935 936
935 937
935 938
935 939
935 1253
936 937
936 938
936 939
936 940
937 938
937 939
937 940
937 941
937 1434
938 939
938 940
938 941
938 942
939 940
939 941
939 942
939 943
940 941
940 942
940 943
940 944
941 945
941 942
941 944
942 943
942 944
942 945
942 946
943 944
943 945
943 946
943 947
944 945
944 946
944 947
944 948
945 1356
945 946
945 947
945 1342
945 949
946 947
946 950
946 948
947 948
947 949
947 950
947 951
948 949
948 1366
948 951
948 952
949 1408
949 950
949 951
949 952
950 1101
950 953
950 954
951 952
951 953
951 954
951 955
951 1182
952 954
952 956
953 1432
953 954
953 955
953 956
953 957
953 1215
954 1261
954 1114
954 956
954 957
954 1279
955 981
955 956
955 957
955 958
956 960
956 957
956 958
956 959
957 961
957 958
957 959
958 960
958 961
958 962
958 959
959 960
959 962
959 963
959 1037
959 1208
960 961
960 962
960 1388
961 963
961 964
961 965
962 963
962 964
962 965
962 966
963 965
963 966
963 1122
964 965
964 966
964 967
964 968
965 966
965 967
965 968
965 1496
966 967
966 968
966 970
967 968
967 969
967 970
967 971
968 969
968 970
968 972
968 1422
969 970
969 971
969 972
969 973
970 971
970 972
970 973
970 974
971 973
971 975
971 1458
972 1159
972 973
972 975
972 976
973 974
973 975
973 976
973 977
973 1273
974 1414
974 976
974 977
974 1017
975 976
975 978
975 979
976 977
976 979
976 980
977 1164
977 978
977 979
977 980
977 981
978 1104
978 979
978 980
978 981
978 982
979 980
979 981
979 982
979 983
980 981
980 982
980 983
980 984
980 1173
981 1441
981 982
981 984
981 985
982 983
982 984
982 985
982 986
983 1400
983 984
983 985
983 986
983 987
984 985
984 986
984 987
985 987
985 988
986 987
986 988
986 989
986 990
987 988
987 989
987 991
988 1138
988 989
988 990
988 991
989 992
989 993
989 990
989 991
990 992
990 994
990 991
991 992
991 995
992 994
992 995
992 996
992 1223
992 1091
993 994
993 995
993 996
993 997
994 995
994 998
994 1439
995 999
996 997
996 998
996 999
996 1000
996 1352
997 998
997 999
997 1000
998 999
998 1000
998 1001
998 1002
999 1000
999 1002
999 1003
999 1224
1000 1154
1000 1001
1000 1002
1000 1003
1000 1196
1000 1386
1001 1003
1001 1004
1001 1005
1001 1002
1002 1003
1002 1004
1002 1006
1002 1020
1003 1004
1003 1006
1003 1007
1004 1005
1004 1006
1004 1007
1004 1008
1005 1006
1005 1007
1005 1008
1005 1009
1006 1320
1006 1007
1006 1008
1006 1009
1006 1010
1007 1447
1007 1009
1007 1010
1007 1011
1008 1185
1008 1010
1008 1011
1009 1120
1009 1010
1009 1012
1009 1013
1010 1011
1010 1012
1010 1013
1010 1014
1011 1012
1011 1013
1011 1014
1011 1015
1012 1451
1012 1014
1012 1015
1012 1016
1013 1015
1013 1016
1013 1017
1014 1015
1014 1016
1014 1017
1014 1018
1015 1016
1015 1017
1015 1018
1015 1019
1016 1017
1016 1018
1016 1019
1017 1463
1017 1018
1017 1019
1017 1020
1018 1456
1018 1020
1018 1021
1018 1022
1019 1024
1019 1020
1019 1021
1019 1022
1019 1023
1020 1024
1020 1021
1020 1022
1020 1023
1021 1024
1021 1025
1021 1022
1021 1023
1022 1024
1022 1168
1022 1045
1022 1023
1023 1025
1023 1027
1023 1026
1024 1026
1024 1027
1024 1028
1025 1027
1025 1028
1025 1029
1025 1256
1026 1027
1026 1028
1026 1412
1027 1028
1027 1029
1027 1031
1027 1221
1028 1029
1028 1030
1028 1031
1028 1032
1028 1133
1029 1030
1029 1031
1029 1032
1030 1031
1030 1032
1030 1065
1030 1370
1031 1032
1031 1033
1031 1034
1031 1035
1032 1033
1032 1034
1032 1035
1032 1036
1032 1141
1033 1034
1033 1035
1033 1036
1033 1037
1034 1035
1034 1037
1034 1038
1035 1036
1035 1038
1035 1039
1036 1037
1036 1038
1036 1039
1036 1206
1037 1040
1037 1482
1038 1039
1038 1040
1038 1041
1038 1042
1038 1433
1039 1040
1039 1041
1039 1042
1040 1042
1040 1043
1040 1044
1040 1114
1041 1042
1041 1043
1041 1044
1041 1045
1042 1043
1042 1044
1042 1045
1043 1044
1043 1045
1043 1046
1043 1047
1044 1045
1044 1046
1044 1047
1044 1048
1044 1151
1045 1046
1045 1048
1045 1049
1046 1047
1046 1048
1046 1049
1046 1050
1047 1048
1047 1049
1047 1051
1048 1050
1048 1051
1048 1052
1049 1160
1049 1308
1049 1050
1049 1051
1049 1052
1049 1053
1050 1187
1050 1052
1050 1053
1050 1054
1051 1052
1051 1053
1051 1054
1051 1055
1052 1056
1052 1053
1052 1054
1052 1055
1053 1056
1053 1057
1053 1378
1053 1099
1053 1054
1053 1055
1054 1056
1054 1057
1054 1058
1054 1379
1055 1056
1055 1057
1055 1058
1055 1059
1055 1423
1056 1058
1056 1059
1056 1060
1057 1059
1057 1061
1058 1059
1058 1061
1058 1062
1059 1060
1059 1061
1059 1062
1059 1063
1060 1061
1060 1062
1060 1063
1060 1064
1060 1449
1061 1062
1061 1063
1061 1065
1062 1065
1062 1066
1063 1064
1063 1065
1063 1066
1063 1067
1064 1065
1064 1066
1064 1067
1064 1068
1065 1068
1065 1067
1065 1066
1065 1466
1066 1067
1066 1068
1066 1069
1066 1070
1067 1068
1067 1069
1067 1070
1067 1071
1068 1069
1068 1070
1068 1071
1068 1072
1069 1073
1069 1070
1069 1071
1069 1072
1070 1073
1070 1074
1071 1072
1071 1073
1071 1074
1071 1075
1072 1074
1072 1076
1072 1151
1073 1074
1073 1076
1073 1077
1074 1075
1074 1076
1074 1077
1074 1078
1075 1076
1075 1077
1075 1079
1075 1370
1076 1079
1076 1080
1077 1078
1077 1079
1077 1081
1078 1079
1078 1081
1079 1080
1079 1081
1079 1083
1080 1082
1080 1083
1080 1084
1081 1082
1081 1083
1081 1084
1081 1085
1082 1083
1082 1084
1082 1085
1083 1290
1083 1084
1083 1086
1084 1088
1084 1085
1084 1086
1084 1087
1085 1088
1085 1089
1085 1086
1085 1087
1086 1088
1086 1089
1086 1467
1086 1323
1087 1089
1087 1090
1087 1091
1088 1090
1088 1091
1088 1092
1089 1090
1089 1309
1089 1113
1090 1091
1090 1092
1090 1093
1090 1094
1091 1092
1091 1094
1091 1095
1091 1311
1092 1093
1092 1094
1092 1095
1092 1096
1093 1095
1093 1096
1093 1097
1093 1107
1094 1095
1094 1097
1094 1098
1095 1096
1095 1097
1095 1099
1095 1145
1096 1098
1096 1099
1096 1100
1097 1098
1097 1099
1097 1101
1098 1099
1098 1100
1098 1101
1099 1100
1099 1102
1100 1101
1100 1102
1100 1103
1100 1104
1100 1311
1101 1403
1101 1103
1102 1478
1102 1103
1102 1104
1102 1106
1103 1104
1103 1105
1103 1106
1103 1107
1104 1106
1104 1108
1104 1109
1105 1106
1105 1107
1105 1108
1106 1107
1106 1108
1106 1109
1106 1110
1107 1357
1107 1109
1107 1110
1108 1109
1108 1110
1108 1111
1108 1112
1109 1110
1109 1111
1109 1112
1109 1113
1110 1120
1110 1111
1110 1113
1110 1114
1111 1112
1111 1113
1111 1114
1111 1115
1112 1115
1112 1116
1113 1114
1113 1115
1113 1116
1113 1117
1114 1156
1114 1464
1114 1116
1114 1118
1115 1292
1115 1117
1115 1118
1115 1119
1116 1120
1116 1117
1116 1333
1116 1118
1117 1121
1117 1118
1117 1119
1118 1122
1118 1119
1119 1120
1119 1121
1119 1122
1119 1123
1120 1121
1120 1123
1120 1124
1121 1122
1121 1123
1121 1124
1121 1125
1122 1124
1122 1125
1122 1126
1122 1123
1123 1124
1123 1125
1123 1126
1123 1127
1124 1126
1124 1127
1124 1128
1124 1376
1125 1126
1125 1127
1125 1128
1125 1129
1126 1127
1126 1128
1126 1129
1126 1130
1127 1128
1127 1129
1127 1131
1127 1130
1128 1130
1128 1131
1128 1132
1128 1439
1129 1130
1129 1131
1129 1132
1129 1133
1129 1137
1130 1419
1130 1132
1131 1132
1131 1133
1131 1135
1131 1238
1131 1304
1132 1133
1132 1134
1132 1135
1132 1136
1133 1134
1133 1135
1133 1136
1134 1135
1134 1136
1134 1137
1134 1138
1135 1136
1135 1137
1135 1138
1135 1139
1136 1137
1136 1138
1136 1139
1136 1140
1137 1139
1137 1140
1138 1139
1138 1140
1138 1142
1139 1140
1139 1141
1139 1142
1139 1143
1139 1405
1139 1182
1140 1141
1140 1142
1140 1143
1140 1144
1141 1142
1141 1143
1141 1144
1142 1143
1142 1144
1142 1145
1142 1146
1143 1144
1143 1145
1143 1146
1143 1147
1144 1145
1144 1146
1144 1147
1144 1148
1145 1146
1145 1147
1145 1148
1145 1149
1146 1206
1146 1362
1146 1147
1146 1148
1146 1181
1146 1150
1147 1148
1147 1149
1147 1150
1148 1152
1148 1149
1148 1150
1148 1151
1149 1152
1149 1153
1149 1151
1150 1152
1150 1153
1150 1154
1151 1152
1152 1154
1152 1156
1153 1154
1153 1155
1153 1156
1153 1157
1154 1155
1154 1156
1154 1157
1154 1158
1155 1156
1155 1158
1155 1159
1155 1435
1156 1157
1156 1158
1156 1159
1156 1322
1157 1158
1157 1159
1157 1160
1157 1161
1158 1160
1158 1162
1159 1161
1159 1162
1160 1161
1160 1163
1160 1164
1161 1162
1161 1163
1161 1164
1161 1165
1162 1415
1162 1164
1162 1166
1162 1238
1162 1496
1163 1164
1163 1165
1163 1166
1163 1167
1163 1359
1164 1166
1164 1168
1165 1167
1165 1168
1165 1169
1166 1167
1166 1360
1166 1169
1166 1170
1167 1168
1167 1169
1167 1170
1167 1171
1168 1169
1168 1170
1168 1171
1169 1170
1169 1171
1169 1173
1169 1238
1170 1171
1170 1172
1170 1173
1170 1174
1171 1173
1171 1175
1172 1320
1172 1173
1172 1174
1172 1175
1172 1176
1173 1174
1173 1177
1173 1176
1173 1439
1174 1175
1174 1176
1174 1177
1174 1178
1175 1419
1175 1176
1175 1178
1176 1177
1176 1178
1176 1179
1176 1180
1177 1178
1177 1180
1177 1181
1178 1419
1178 1179
1178 1181
1179 1266
1179 1180
1179 1181
1179 1182
1179 1183
1180 1181
1180 1183
1181 1184
1181 1185
1181 1182
1181 1183
1182 1185
1182 1186
1183 1184
1183 1185
1183 1186
1183 1187
1184 1185
1184 1186
1184 1187
1184 1188
1185 1186
1185 1187
1185 1188
1185 1189
1185 1446
1186 1187
1186 1188
1186 1189
1186 1190
1187 1188
1188 1189
1188 1190
1188 1191
1189 1190
1189 1191
1189 1193
1190 1191
1190 1192
1190 1193
1190 1194
1191 1192
1191 1193
1191 1194
1191 1195
1192 1194
1192 1195
1192 1196
1192 1397
1192 1466
1193 1218
1193 1195
1193 1196
1193 1197
1194 1413
1194 1196
1194 1197
1194 1198
1195 1197
1195 1198
1195 1454
1195 1469
1196 1197
1196 1198
1196 1199
1197 1198
1197 1199
1197 1200
1197 1201
1198 1202
1198 1199
1198 1201
1199 1200
1199 1201
1199 1203
1200 1201
1200 1203
1200 1204
1201 1202
1201 1203
1201 1204
1201 1205
1202 1203
1202 1204
1202 1206
1203 1204
1203 1205
1203 1206
1203 1207
1204 1205
1204 1206
1204 1207
1204 1208
1205 1206
1205 1207
1205 1208
1205 1209
1206 1208
1206 1209
1206 1210
1207 1208
1207 1209
1207 1210
1207 1211
1208 1209
1208 1210
1208 1212
1209 1236
1209 1210
1209 1211
1209 1212
1209 1213
1210 1212
1210 1214
1211 1298
1211 1213
1211 1214
1211 1215
1212 1216
1212 1213
1212 1214
1212 1215
1213 1216
1213 1217
1213 1427
1213 1214
1213 1215
1214 1216
1214 1217
1214 1218
1214 1215
1215 1217
1215 1218
1215 1387
1216 1217
1216 1218
1216 1219
1216 1220
1217 1219
1217 1218
1218 1219
1218 1220
1218 1221
1219 1221
1219 1222
1219 1223
1219 1311
1220 1221
1220 1222
1220 1223
1220 1224
1221 1222
1221 1223
1221 1224
1221 1225
1222 1223
1222 1224
1222 1226
1222 1225
1223 1224
1223 1226
1223 1227
1224 1227
1224 1225
1224 1226
1224 1228
1225 1226
1225 1227
1225 1228
1225 1229
1226 1227
1226 1228
1227 1228
1227 1229
1227 1230
1227 1231
1228 1229
1228 1230
1228 1231
1228 1232
1228 1467
1229 1230
1229 1231
1229 1232
1229 1233
1230 1231
1230 1232
1230 1233
1230 1234
1231 1232
1231 1234
1231 1235
1232 1233
1232 1234
1232 1235
1233 1234
1233 1235
1233 1237
1234 1235
1234 1236
1234 1237
1235 1236
1235 1237
1235 1238
1235 1239
1236 1237
1236 1238
1236 1239
1237 1240
1237 1241
1238 1241
1238 1242
1239 1241
1239 1242
1239 1243
1240 1242
1240 1241
1240 1243
1241 1242
1241 1243
1241 1244
1241 1245
1242 1243
1242 1244
1242 1245
1242 1246
1243 1431
1243 1425
1243 1244
1243 1247
1244 1248
1244 1245
1244 1246
1245 1248
1245 1249
1245 1246
1245 1247
1246 1248
1246 1249
1246 1247
1247 1248
1247 1250
1247 1295
1247 1394
1248 1250
1248 1251
1248 1252
1248 1459
1249 1250
1249 1251
1249 1253
1249 1461
1250 1251
1250 1253
1250 1265
1250 1269
1251 1252
1251 1253
1251 1254
1251 1255
1252 1253
1252 1254
1252 1255
1252 1256
1253 1254
1253 1257
1253 1255
1254 1255
1254 1256
1254 1257
1254 1258
1254 1438
1255 1256
1255 1258
1256 1257
1256 1259
1256 1260
1257 1258
1257 1259
1257 1261
1258 1259
1258 1260
1258 1261
1258 1262
1259 1260
1259 1261
1259 1262
1259 1263
1260 1261
1260 1262
1260 1263
1260 1264
1260 1404
1261 1264
1261 1262
1261 1263
1262 1264
1262 1265
1262 1266
1262 1263
1263 1264
1263 1265
1263 1266
1263 1267
1264 1265
1264 1266
1264 1267
1264 1402
1264 1406
1265 1266
1265 1267
1265 1268
1265 1269
1266 1267
1266 1268
1266 1269
1267 1268
1267 1269
1267 1270
1267 1271
1268 1269
1268 1270
1268 1272
1268 1304
1269 1272
1270 1271
1270 1272
1270 1273
1270 1274
1271 1272
1271 1273
1271 1275
1272 1276
1272 1372
1272 1274
1273 1449
1273 1274
1273 1275
1273 1276
1274 1275
1274 1276
1274 1278
1275 1279
1275 1278
1276 1280
1276 1277
1276 1279
1277 1280
1277 1281
1277 1278
1277 1279
1278 1280
1278 1281
1278 1279
1279 1281
1279 1283
1280 1283
1280 1284
1281 1282
1281 1283
1281 1284
1282 1283
1282 1284
1282 1285
1282 1286
1283 1284
1283 1287
1283 1399
1284 1285
1284 1286
1284 1287
1284 1288
1285 1286
1285 1287
1285 1288
1285 1289
1286 1287
1286 1288
1286 1289
1286 1290
1287 1288
1287 1289
1287 1290
1287 1291
1288 1289
1288 1291
1288 1292
1288 1464
1289 1290
1289 1291
1289 1292
1289 1293
1290 1291
1290 1292
1290 1293
1291 1292
1291 1293
1291 1294
1291 1295
1292 1293
1292 1294
1292 1295
1293 1297
1293 1294
1294 1295
1294 1297
1294 1298
1295 1296
1295 1297
1295 1298
1296 1299
1296 1297
1297 1472
1297 1299
1297 1300
1297 1301
1298 1299
1298 1301
1299 1300
1299 1301
1299 1302
1300 1301
1300 1302
1300 1303
1300 1304
1301 1302
1301 1303
1301 1304
1301 1305
1302 1303
1302 1304
1302 1305
1302 1306
1303 1304
1303 1305
1303 1306
1303 1307
1304 1306
1304 1308
1305 1415
1305 1306
1305 1307
1305 1308
1305 1309
1306 1307
1306 1308
1306 1309
1306 1310
1307 1308
1307 1310
1307 1311
1308 1309
1308 1311
1309 1312
1309 1313
1309 1310
1309 1311
1310 1312
1310 1313
1310 1311
1311 1312
1311 1313
1312 1313
1312 1314
1312 1315
1312 1316
1313 1314
1313 1315
1313 1317
1314 1316
1314 1317
1315 1316
1315 1317
1315 1318
1316 1317
1316 1318
1316 1319
1316 1320
1317 1318
1317 1320
1317 1321
1317 1492
1318 1319
1318 1320
1318 1321
1318 1322
1319 1320
1319 1321
1319 1322
1319 1323
1320 1321
1320 1323
1321 1322
1321 1323
1321 1325
1322 1324
1322 1326
1323 1324
1323 1325
1323 1327
1324 1325
1324 1326
1324 1327
1324 1328
1325 1328
1325 1329
1326 1327
1326 1328
1326 1329
1326 1330
1327 1328
1327 1330
1327 1331
1328 1329
1328 1330
1328 1331
1328 1332
1329 1330
1329 1331
1329 1332
1330 1331
1330 1332
1330 1333
1330 1334
1331 1393
1331 1332
1331 1334
1332 1333
1332 1334
1332 1335
1332 1336
1333 1334
1333 1336
1333 1337
1334 1336
1334 1337
1334 1349
1335 1337
1335 1338
1335 1339
1336 1337
1336 1338
1336 1339
1336 1340
1337 1339
1337 1341
1338 1340
1338 1341
1338 1342
1339 1341
1339 1343
1340 1344
1340 1341
1340 1342
1340 1343
1341 1345
1341 1342
1341 1343
1342 1345
1342 1343
1343 1344
1343 1345
1343 1346
1343 1347
1344 1345
1344 1346
1344 1347
1344 1348
1345 1347
1345 1349
1345 1348
1346 1347
1346 1348
1346 1349
1346 1350
1347 1348
1347 1349
1347 1350
1348 1349
1348 1350
1348 1351
1348 1352
1348 1414
1349 1350
1349 1351
1349 1352
1350 1351
1350 1353
1350 1354
1351 1352
1351 1353
1351 1354
1351 1355
1352 1354
1352 1355
1352 1356
1353 1354
1353 1355
1353 1357
1353 1429
1354 1355
1354 1357
1354 1358
1355 1356
1355 1357
1355 1359
1356 1358
1356 1359
1357 1358
1357 1359
1357 1361
1358 1361
1358 1362
1359 1363
1360 1361
1360 1362
1360 1363
1360 1364
1361 1362
1361 1363
1361 1364
1361 1365
1362 1363
1362 1364
1362 1366
1363 1364
1363 1365
1363 1366
1364 1365
1364 1367
1364 1368
1365 1366
1365 1367
1365 1368
1365 1369
1366 1367
1366 1369
1366 1370
1367 1476
1367 1368
1367 1369
1367 1370
1367 1371
1368 1369
1368 1370
1368 1371
1368 1372
1369 1462
1369 1370
1369 1372
1369 1373
1370 1372
1370 1373
1370 1374
1371 1373
1371 1372
1371 1374
1371 1375
1372 1376
1372 1373
1373 1376
1373 1377
1373 1374
1374 1377
1374 1378
1374 1375
1375 1376
1375 1378
1375 1379
1375 1430
1376 1378
1376 1379
1376 1377
1377 1378
1377 1379
1377 1380
1377 1381
1378 1381
1379 1380
1379 1381
1379 1382
1379 1383
1380 1381
1380 1384
1380 1465
1381 1382
1381 1383
1381 1384
1381 1385
1382 1383
1382 1385
1383 1384
1383 1385
1383 1386
1383 1387
1384 1385
1384 1387
1384 1388
1385 1386
1385 1387
1385 1389
1386 1387
1386 1389
1386 1390
1387 1388
1387 1389
1387 1390
1387 1391
1388 1392
1389 1390
1389 1391
1389 1392
1389 1393
1390 1391
1390 1392
1390 1393
1391 1392
1391 1393
1391 1395
1392 1393
1392 1394
1392 1395
1392 1396
1393 1395
1393 1394
1393 1396
1394 1395
1394 1396
1394 1397
1394 1398
1395 1396
1395 1397
1395 1398
1395 1399
1396 1399
1396 1397
1396 1398
1396 1400
1397 1398
1397 1399
1397 1400
1398 1399
1398 1400
1398 1401
1398 1402
1399 1400
1399 1401
1399 1402
1399 1403
1400 1401
1400 1403
1400 1404
1401 1403
1401 1404
1401 1405
1402 1404
1402 1405
1402 1406
1403 1405
1403 1406
1403 1407
1404 1405
1404 1406
1404 1407
1405 1409
1405 1406
1405 1407
1406 1409
1406 1410
1407 1409
1407 1410
1407 1411
1408 1410
1408 1411
1408 1479
1409 1410
1409 1411
1409 1413
1410 1411
1410 1413
1410 1414
1411 1412
1411 1413
1411 1414
1411 1415
1412 1413
1412 1414
1412 1415
1413 1414
1413 1415
1413 1416
1414 1417
1414 1418
1415 1416
1415 1417
1415 1419
1415 1467
1416 1418
1416 1419
1416 1420
1417 1418
1417 1420
1418 1419
1418 1420
1418 1421
1418 1422
1419 1420
1419 1421
1419 1423
1420 1421
1420 1422
1420 1423
1420 1424
1421 1422
1421 1423
1421 1424
1421 1425
1422 1423
1422 1426
1423 1425
1423 1427
1423 1463
1424 1425
1424 1426
1424 1428
1425 1427
1425 1428
1425 1429
1426 1427
1426 1428
1426 1429
1426 1430
1427 1429
1427 1430
1428 1429
1428 1430
1428 1431
1428 1432
1429 1430
1429 1431
1429 1432
1430 1432
1430 1434
1431 1435
1431 1432
1431 1433
1432 1434
1432 1435
1433 1434
1433 1435
1433 1436
1434 1483
1434 1435
1434 1437
1434 1438
1435 1436
1435 1437
1435 1438
1436 1440
1436 1437
1436 1438
1436 1439
1437 1440
1437 1441
1437 1438
1437 1439
1438 1440
1438 1441
1438 1439
1439 1441
1439 1442
1440 1443
1440 1444
1440 1442
1441 1442
1441 1443
1441 1444
1441 1445
1442 1444
1443 1444
1443 1445
1443 1446
1443 1447
1444 1445
1444 1447
1444 1448
1445 1446
1445 1447
1445 1448
1445 1449
1446 1447
1446 1449
1446 1450
1447 1449
1447 1450
1447 1451
1448 1449
1448 1450
1448 1451
1448 1452
1449 1452
1449 1454
1450 1451
1450 1452
1450 1453
1450 1454
1451 1452
1451 1453
1451 1455
1452 1453
1452 1454
1452 1456
1453 1454
1453 1455
1453 1456
1454 1457
1454 1458
1455 1456
1455 1458
1455 1459
1456 1457
1456 1458
1456 1459
1456 1460
1457 1458
1457 1459
1457 1460
1457 1461
1458 1459
1458 1461
1458 1462
1459 1460
1459 1461
1459 1462
1460 1461
1460 1462
1460 1463
1460 1464
1461 1462
1461 1463
1461 1465
1462 1465
1462 1463
1462 1464
1462 1466
1463 1465
1464 1465
1464 1468
1464 1466
1465 1466
1465 1467
1465 1468
1465 1469
1466 1468
1466 1469
1467 1469
1467 1471
1468 1469
1468 1470
1468 1471
1469 1472
1469 1470
1469 1471
1470 1472
1470 1473
1470 1474
1470 1471
1471 1472
1471 1474
1471 1475
1472 1473
1472 1475
1472 1476
1473 1474
1473 1475
1473 1476
1473 1477
1474 1475
1474 1476
1474 1478
1475 1476
1475 1477
1475 1478
1475 1479
1476 1478
1476 1479
1476 1480
1477 1478
1477 1479
1477 1480
1477 1481
1478 1479
1478 1480
1478 1481
1479 1481
1479 1483
1480 1481
1480 1483
1480 1484
1481 1485
1482 1483
1482 1486
1483 1484
1483 1485
1484 1487
1485 1486
1485 1487
1485 1488
1485 1489
1486 1487
1486 1488
1486 1489
1486 1490
1487 1488
1487 1489
1487 1490
1487 1491
1488 1489
1488 1490
1488 1492
1489 1490
1489 1491
1489 1492
1489 1494
1490 1491
1490 1492
1490 1493
1491 1492
1491 1493
1491 1494
1492 1493
1492 1494
1492 1495
1493 1494
1493 1495
1494 1497
1494 1495
1494 1496
1494 1498
1495 1499
1495 1496
1496 1497
1496 1498
1496 1499
1497 1498
1497 1499
1498 1499
