0 1
0 4
0 997
0 870
0 807
0 811
0 996
0 998
1 2
1 3
1 4
1 997
1 998
1 999
1 555
2 3
2 4
2 5
2 6
2 998
3 4
3 5
3 6
3 999
3 717
4 868
4 6
4 7
4 8
5 966
5 8
5 9
5 856
5 284
6 7
6 8
6 10
6 554
7 8
7 10
7 11
7 940
7 765
8 9
8 10
8 11
8 12
9 102
9 10
9 11
9 12
9 13
10 12
10 13
10 79
10 24
11 12
11 13
11 15
11 251
12 13
12 14
12 15
12 16
13 867
13 14
13 15
13 16
13 285
14 15
14 16
14 17
14 279
15 769
15 523
15 716
15 657
15 524
15 17
15 19
16 897
16 709
16 18
16 20
16 462
16 61
17 18
17 19
17 20
17 21
18 849
18 333
18 19
18 20
18 21
18 22
18 154
19 20
19 21
19 22
19 23
19 607
20 97
20 362
20 21
20 22
20 477
21 492
21 119
21 24
21 25
22 23
22 24
22 25
22 26
23 134
23 205
23 24
23 25
23 26
24 91
24 25
24 26
24 27
24 28
25 265
25 951
25 26
25 27
26 303
26 953
26 28
26 30
27 906
27 402
27 29
27 30
27 31
28 32
28 29
28 30
28 31
29 32
29 387
29 487
29 905
30 32
30 34
30 616
30 700
30 812
30 280
31 32
31 35
31 467
31 821
31 185
32 33
32 34
32 35
32 36
33 34
33 35
33 36
33 37
34 36
34 38
34 569
34 282
34 703
35 37
35 38
35 39
35 517
36 38
36 39
36 40
36 631
37 38
37 40
37 41
37 599
37 55
38 39
38 41
38 42
38 376
39 40
39 42
39 689
39 543
40 41
40 42
40 43
40 44
41 257
41 235
41 843
41 364
41 45
41 636
41 669
42 43
42 44
42 45
42 46
43 44
43 45
43 46
43 243
43 952
44 45
44 46
44 47
44 48
44 904
44 985
45 46
45 47
45 48
45 49
46 465
46 47
46 48
46 498
46 50
47 805
47 48
47 49
47 50
47 51
48 200
48 50
48 51
48 52
48 125
49 449
49 706
49 50
49 51
49 52
49 53
50 163
50 51
50 52
50 53
50 54
51 806
51 52
51 54
51 55
51 538
52 53
52 54
52 55
52 56
53 54
53 55
53 56
53 57
54 691
54 55
54 56
54 57
54 58
55 745
55 56
55 57
55 58
55 59
56 704
56 601
56 57
56 58
56 956
57 882
57 58
57 60
57 61
58 520
58 808
58 211
58 59
58 60
58 61
58 62
59 471
59 60
59 61
59 62
59 63
60 64
60 494
60 62
60 63
61 64
61 262
61 874
61 62
61 63
62 65
62 66
62 908
62 63
63 64
63 65
63 67
63 535
64 65
64 66
64 68
64 705
65 66
65 67
65 68
65 69
65 83
66 67
66 68
66 69
66 70
67 68
67 69
67 70
67 71
68 69
68 70
68 71
68 72
68 519
69 70
69 71
69 72
69 207
70 71
70 72
70 73
70 74
70 862
71 72
71 73
71 75
71 502
71 217
72 73
72 74
72 75
72 76
73 74
73 75
73 76
73 77
74 513
74 75
74 76
74 77
74 883
74 438
75 76
75 77
75 78
75 79
75 413
76 77
76 78
76 79
76 504
76 575
77 78
77 79
77 80
77 81
77 654
78 79
78 80
78 81
78 82
79 736
79 82
79 83
79 659
80 81
80 82
80 83
80 84
81 945
81 82
81 307
81 84
81 85
82 84
82 85
82 86
82 217
82 415
83 84
83 85
83 87
84 874
84 85
84 87
84 88
85 459
85 86
85 87
85 88
85 89
86 912
86 87
86 88
86 89
86 90
87 748
87 89
87 90
87 91
88 132
88 105
88 665
88 89
88 90
88 91
88 92
89 235
89 90
89 91
89 92
90 513
90 577
90 300
90 91
90 92
90 93
90 94
91 921
91 93
91 95
92 96
92 93
92 94
92 95
93 96
93 97
93 461
93 94
93 95
94 96
94 97
94 98
94 95
95 96
95 97
95 354
95 99
95 299
95 978
96 97
96 99
96 289
96 506
97 98
97 99
97 100
97 101
97 831
98 100
98 101
98 102
98 583
98 230
99 100
99 101
99 102
99 103
99 573
100 101
100 104
100 972
100 354
101 102
101 103
101 104
101 711
101 556
101 639
102 673
102 103
102 104
102 435
103 128
103 736
103 104
103 105
103 106
103 107
103 495
103 789
103 126
103 197
104 105
104 106
104 281
104 925
105 106
105 107
105 108
105 982
106 107
106 108
106 110
106 369
107 108
107 109
107 110
107 111
108 450
108 109
108 110
108 111
108 112
109 359
109 110
109 111
109 112
109 113
109 120
109 783
110 718
110 111
110 112
110 113
110 151
111 112
111 113
111 114
111 115
112 113
112 114
112 115
112 116
112 851
113 114
113 115
113 116
113 117
113 855
113 537
114 115
114 116
114 117
114 118
115 420
115 526
115 371
115 116
115 118
116 910
116 815
116 117
116 118
116 120
117 118
117 119
117 120
117 121
118 263
118 555
118 120
118 122
119 120
119 121
119 122
119 123
120 122
120 123
120 124
121 783
121 123
121 125
121 927
122 123
122 124
122 125
122 126
123 981
123 124
123 126
123 127
124 128
124 786
124 734
124 126
124 127
125 128
125 709
125 126
125 127
126 128
126 129
126 700
126 127
127 128
127 129
127 131
127 810
128 129
128 131
128 205
128 403
129 130
129 131
129 132
129 133
130 131
130 132
130 133
130 134
130 307
130 244
131 132
131 133
131 134
131 135
131 418
131 406
132 512
132 135
132 136
132 650
132 621
133 134
133 136
133 137
133 631
133 376
133 379
134 646
134 135
134 137
134 138
134 867
135 354
135 136
135 137
135 275
136 137
136 138
136 139
136 140
136 594
136 396
137 138
137 139
137 140
137 141
138 140
138 141
138 142
138 562
138 413
139 141
139 142
139 143
139 822
139 316
140 709
140 142
140 143
140 144
140 501
141 142
141 143
141 144
141 406
142 143
142 144
142 145
142 146
142 574
143 172
143 144
143 145
143 147
144 259
144 145
144 146
144 277
145 146
145 147
145 149
145 541
146 147
146 148
146 149
146 823
147 148
147 149
147 150
147 151
148 646
148 149
148 152
148 380
148 213
149 965
149 594
149 150
149 151
149 152
149 537
149 575
150 451
150 460
150 151
150 152
150 153
150 445
151 488
151 152
151 153
151 154
151 155
152 802
152 154
152 155
152 156
153 294
153 154
153 155
153 156
153 157
154 526
154 155
154 157
154 158
155 367
155 156
155 157
155 158
155 159
156 160
156 928
156 478
156 185
156 730
156 158
156 159
157 160
157 161
157 733
157 831
158 160
158 161
158 162
158 159
159 160
159 161
159 162
159 163
159 361
159 849
160 161
160 162
160 163
160 164
161 163
161 164
161 165
161 215
162 163
162 164
162 165
162 166
163 164
163 166
163 441
164 804
164 165
164 166
164 167
164 168
165 166
165 167
165 908
165 449
165 443
166 167
166 168
166 169
166 170
167 168
167 169
167 170
167 171
167 702
168 169
168 170
168 171
168 172
168 926
169 933
169 170
169 171
169 173
169 915
169 330
169 221
170 194
170 171
170 172
170 173
171 352
171 833
171 355
171 172
171 174
171 175
172 288
172 869
172 173
172 176
172 510
173 387
173 174
173 175
173 176
173 177
173 590
174 175
174 176
174 177
174 178
174 690
175 464
175 176
175 177
175 247
176 453
176 177
176 178
176 340
176 470
177 178
177 179
177 180
177 181
178 653
178 180
178 181
178 182
179 180
179 181
179 182
179 183
179 990
180 834
180 181
180 182
180 183
180 184
181 911
181 182
181 184
181 185
182 183
182 184
182 185
182 186
183 184
183 185
183 186
183 187
183 572
184 547
184 723
184 211
184 185
184 186
184 188
185 481
185 774
185 187
186 269
186 187
186 189
186 190
187 256
187 188
187 189
187 190
187 191
188 192
188 189
188 190
188 191
189 192
189 193
189 673
189 190
190 192
190 193
190 989
190 191
191 192
191 193
191 194
191 195
191 656
192 193
192 194
192 195
192 196
193 194
193 195
193 196
193 197
193 432
194 195
194 196
194 197
194 996
195 196
195 197
195 198
195 199
196 197
196 198
196 200
196 806
197 200
197 201
197 867
198 199
198 200
198 201
198 202
199 422
199 201
199 202
199 523
199 532
199 395
199 746
200 201
200 202
200 203
200 204
201 202
201 203
201 204
201 205
201 869
202 290
202 394
202 205
202 206
203 743
203 206
203 207
203 688
203 625
203 565
204 900
204 206
204 207
204 208
205 206
205 207
205 208
205 209
206 485
206 207
206 208
206 210
206 761
207 256
207 208
207 209
207 210
207 248
208 210
208 211
208 470
208 382
209 211
209 212
209 213
209 476
210 304
210 977
210 211
210 212
210 213
210 214
211 239
211 212
211 214
212 245
212 214
212 215
212 638
213 214
213 215
213 216
213 217
214 473
214 438
214 215
214 217
214 218
215 950
215 216
215 379
215 254
216 758
216 217
216 218
216 219
216 821
217 256
217 941
217 218
217 219
217 221
218 544
218 328
218 685
218 219
218 220
218 221
218 222
219 576
219 801
219 795
219 220
219 221
219 222
220 224
220 221
220 222
220 223
221 224
221 225
221 725
221 222
222 224
222 225
222 226
222 987
222 223
223 224
223 225
223 226
223 227
223 805
223 669
224 226
224 227
224 228
224 414
224 378
225 226
225 227
225 228
225 350
225 571
226 227
226 228
226 229
226 230
227 710
227 896
227 462
227 847
227 724
227 574
228 229
228 232
228 837
228 767
229 230
229 231
229 233
229 281
230 232
230 233
230 234
230 914
230 925
231 232
231 233
231 400
231 235
232 713
232 234
232 235
232 236
232 333
233 489
233 234
233 235
233 236
233 237
233 732
234 235
234 236
234 237
234 238
234 367
235 236
235 237
235 239
235 255
236 237
236 238
236 239
236 240
237 238
237 239
237 240
237 241
238 239
238 240
238 241
238 242
238 767
239 243
239 240
239 242
240 555
240 241
240 242
240 243
241 242
241 244
241 245
241 505
242 816
242 243
242 244
242 245
242 246
243 244
243 245
243 246
243 247
243 892
244 951
244 246
244 247
244 248
245 246
245 247
245 248
245 249
246 247
246 248
246 249
246 250
247 248
247 249
247 250
247 251
248 490
248 249
248 250
248 623
248 252
249 582
249 905
249 501
249 251
249 252
249 885
250 547
250 251
250 252
250 254
251 649
251 252
251 253
251 254
251 255
252 256
252 424
252 334
252 254
253 256
253 259
253 254
253 255
254 256
254 257
254 258
254 503
254 255
255 256
255 257
255 259
255 618
256 259
256 260
256 265
256 692
257 258
257 259
257 260
258 259
258 260
258 261
258 262
259 260
259 261
259 262
259 681
260 261
260 262
260 263
260 264
260 888
261 262
261 263
261 264
261 265
262 264
262 265
262 266
263 264
263 265
263 267
263 808
264 265
264 266
264 268
264 880
264 789
265 266
265 269
265 888
266 267
266 268
266 269
266 270
267 268
267 269
267 270
267 271
268 269
268 270
268 271
268 272
268 856
268 633
268 719
269 270
269 271
269 273
269 767
270 517
270 272
270 273
270 274
271 272
271 273
271 274
271 275
271 982
272 872
272 273
272 276
272 407
273 578
273 837
273 274
273 277
274 276
274 277
274 278
274 475
275 276
275 277
275 278
275 279
276 277
276 278
276 279
276 280
276 949
277 279
277 280
277 281
277 638
278 279
278 280
278 281
278 282
278 571
279 684
279 281
279 282
279 283
280 429
280 657
280 536
280 284
280 639
281 482
281 282
281 283
281 285
282 284
282 285
282 286
283 551
283 284
283 285
283 286
283 287
284 288
284 301
284 285
284 286
285 288
285 289
285 342
285 286
285 287
286 289
286 290
286 575
286 287
287 288
287 289
287 290
287 291
288 289
288 291
288 292
288 975
289 290
289 291
289 293
289 585
289 448
290 416
290 291
290 292
290 293
290 294
291 292
291 294
291 363
291 949
291 956
291 414
292 293
292 294
292 295
292 296
293 294
293 295
293 296
293 297
293 665
294 297
294 298
294 948
294 421
295 296
295 297
295 298
295 299
296 323
296 297
296 298
296 299
296 667
297 299
297 300
297 301
297 567
297 325
298 299
298 300
298 301
298 302
299 423
299 300
299 302
299 303
300 967
300 302
300 303
300 304
301 302
301 303
301 304
301 305
302 303
302 304
302 305
302 306
303 304
303 305
303 306
303 307
303 917
303 729
303 315
304 490
304 306
304 307
305 967
305 306
305 307
305 309
306 307
306 308
306 309
306 535
307 310
307 311
308 309
308 310
308 311
308 312
308 668
309 310
309 311
309 313
309 861
310 359
310 713
310 311
310 312
310 313
311 312
311 313
311 314
311 315
312 623
312 313
312 314
312 315
313 672
313 677
313 314
313 316
313 317
314 805
314 315
314 317
314 318
315 365
315 912
315 316
315 318
315 319
316 320
316 804
316 317
316 318
316 319
317 320
317 321
317 318
317 319
318 320
318 321
318 322
318 910
318 957
319 320
319 321
319 322
319 323
320 321
320 322
320 323
320 324
321 322
321 323
321 324
321 325
322 323
322 804
322 325
322 326
322 865
322 573
323 324
323 326
323 327
323 353
323 432
324 325
324 326
324 327
324 328
325 327
325 328
325 329
326 327
326 329
326 330
326 467
327 328
327 329
327 330
327 331
328 808
328 330
328 331
329 330
329 331
329 332
329 423
330 331
330 332
330 334
331 871
331 333
331 334
331 335
331 539
332 333
332 334
332 335
332 336
332 853
333 335
333 433
334 336
334 337
334 338
334 735
335 336
335 337
335 338
335 339
336 337
336 338
336 339
336 340
337 338
337 339
337 340
337 718
338 713
338 339
338 342
338 828
339 972
339 341
339 342
339 343
339 958
340 341
340 342
340 343
340 344
341 387
341 536
341 342
341 343
341 344
341 635
342 545
342 454
342 983
342 343
342 344
342 346
343 379
343 686
343 344
343 345
343 346
343 347
344 793
344 346
344 347
344 476
345 864
345 992
345 346
345 348
346 710
346 347
346 348
346 349
347 724
347 348
347 349
347 350
348 352
348 349
348 350
348 351
349 352
349 554
349 797
349 350
349 351
350 352
350 353
350 351
351 352
351 354
351 355
351 610
351 447
352 353
352 354
352 355
352 711
353 354
353 356
353 728
354 355
354 357
354 358
354 533
355 356
355 358
355 359
355 637
356 357
356 358
356 359
356 360
357 837
357 358
357 359
357 361
357 376
358 359
358 360
358 362
358 491
358 951
359 362
359 363
359 986
360 993
360 361
360 362
360 363
360 364
361 364
361 365
361 688
362 363
362 364
362 365
362 754
363 364
363 365
363 366
363 367
364 365
364 366
364 367
364 368
365 422
365 367
365 369
365 595
366 928
366 367
366 368
366 369
366 370
366 435
367 619
367 368
367 369
367 462
368 840
368 369
368 370
368 372
369 370
369 371
369 372
369 373
370 372
370 373
370 374
370 825
370 565
371 643
371 372
371 373
371 374
372 373
372 374
372 375
372 376
373 804
373 563
373 374
373 377
374 375
374 376
374 377
374 378
375 963
375 612
375 470
375 376
375 378
375 379
376 377
376 379
376 380
377 624
377 378
377 379
377 380
377 381
378 999
378 379
378 380
378 382
379 602
379 380
379 381
379 382
380 384
380 381
380 382
380 383
381 384
381 560
381 728
381 383
382 384
382 385
382 386
382 383
383 385
383 386
383 387
383 903
383 955
384 385
384 386
384 619
384 735
385 386
385 387
385 389
385 910
386 388
386 389
386 390
386 633
387 388
387 389
387 390
387 392
387 939
388 389
388 390
388 391
388 392
389 709
389 390
389 391
389 964
390 391
390 392
390 393
390 394
391 392
391 393
391 394
391 395
392 393
392 394
392 395
393 394
393 395
393 396
393 397
394 396
394 397
394 398
394 520
395 396
395 397
395 974
395 399
396 844
396 397
396 399
396 400
397 398
397 399
397 400
397 401
398 741
398 399
398 400
398 401
398 402
399 965
399 400
399 401
399 402
399 403
400 752
400 401
400 402
400 403
401 402
401 403
401 404
401 405
402 448
402 545
402 403
402 404
402 406
402 927
403 404
403 406
403 407
404 416
404 405
404 406
404 407
404 408
405 760
405 751
405 407
405 408
406 407
406 408
406 410
407 408
407 409
407 410
407 411
408 780
408 754
408 409
408 410
408 412
409 410
409 411
409 412
409 413
410 548
410 890
410 411
410 412
410 413
410 414
411 994
411 412
411 414
411 415
412 416
412 858
412 414
412 415
413 416
413 803
413 499
413 568
413 415
414 417
414 418
414 539
414 415
415 417
415 418
415 419
416 420
416 617
417 418
417 419
417 426
417 599
418 421
418 422
418 419
419 420
419 421
419 422
419 423
419 984
420 421
420 422
420 423
420 424
420 633
420 669
421 422
421 423
421 424
421 511
422 424
422 425
422 423
423 424
423 426
423 425
423 644
423 959
424 425
424 426
424 427
424 428
425 426
425 427
425 428
425 429
425 655
426 427
426 429
426 430
426 552
427 428
427 429
427 430
427 431
428 619
428 430
428 431
428 432
429 430
429 432
429 433
430 431
430 432
430 433
430 434
431 432
431 433
431 434
431 435
432 969
432 434
432 435
432 436
433 933
433 434
433 436
433 437
434 683
434 435
434 436
434 438
435 460
435 438
435 439
436 947
436 437
436 438
436 439
436 440
437 484
437 871
437 818
437 438
437 439
437 441
438 440
438 442
439 440
439 441
439 442
439 443
440 648
440 441
440 442
440 443
440 444
441 576
441 442
441 443
441 444
441 445
442 843
442 443
442 444
442 445
442 446
443 444
443 445
443 446
443 447
444 448
444 445
444 446
444 447
445 448
445 449
445 987
445 585
445 446
446 448
446 449
446 937
446 495
446 447
447 449
447 451
447 677
447 781
448 451
448 452
448 489
449 450
449 451
449 452
449 939
450 452
450 453
450 454
450 752
450 894
451 452
451 454
451 520
452 868
452 453
452 454
452 455
452 456
452 976
453 454
453 455
453 456
453 457
454 455
454 456
454 457
455 456
455 457
455 459
455 968
455 600
456 457
456 458
456 459
456 879
457 546
457 458
457 460
457 461
458 459
458 460
458 461
458 462
459 461
459 463
459 467
459 854
460 462
460 463
461 463
461 464
461 465
462 464
463 464
463 563
463 466
463 467
464 465
464 466
464 467
464 468
465 803
465 615
465 466
465 468
465 469
466 467
466 468
466 469
466 470
467 790
467 468
467 469
467 470
467 471
468 773
468 469
468 471
468 472
469 929
469 470
469 471
469 472
469 473
470 471
470 472
471 475
471 472
471 604
472 473
472 474
472 475
472 476
473 474
473 475
473 476
473 477
474 845
474 701
474 476
474 477
474 478
475 783
475 476
475 478
475 479
476 480
476 736
476 645
476 477
476 479
477 481
477 749
477 781
477 688
477 478
477 479
478 480
478 481
478 482
478 486
479 480
479 481
479 482
479 483
479 622
480 481
480 482
480 483
480 484
481 482
481 483
481 484
482 483
482 484
482 485
482 486
482 887
483 484
483 485
483 486
483 487
483 706
484 485
484 486
484 487
484 564
485 486
485 487
485 488
485 489
485 496
486 487
486 488
486 490
487 928
487 488
487 489
487 490
487 491
488 489
488 490
488 491
488 870
489 490
489 491
489 492
490 491
490 492
490 494
491 492
491 493
491 494
491 495
492 494
492 495
492 496
492 947
493 496
493 497
493 574
493 671
494 495
494 496
494 497
494 498
495 496
495 497
495 498
496 828
496 497
496 499
496 500
496 890
496 732
497 896
497 498
497 501
497 567
498 721
498 499
498 500
498 502
498 501
499 500
499 501
499 502
500 501
500 502
500 503
500 504
501 939
501 502
501 505
501 504
502 503
502 505
502 506
503 589
503 505
503 506
504 505
504 506
504 507
504 508
505 506
505 507
505 508
505 509
506 925
506 666
506 508
506 509
507 508
507 509
507 510
507 511
508 512
508 509
508 510
508 511
509 512
509 513
509 794
509 510
509 511
510 512
510 513
510 514
510 511
511 512
511 513
511 590
511 629
512 514
512 515
512 516
513 515
513 517
514 515
514 516
514 518
514 662
515 516
515 517
515 518
515 519
515 746
516 517
516 518
516 519
516 520
516 861
517 518
517 519
517 520
517 521
518 519
518 520
518 521
518 664
518 701
519 520
519 521
519 909
520 521
520 523
520 524
521 522
521 523
521 524
521 525
522 992
522 523
522 525
522 526
522 924
523 524
523 525
523 526
524 525
524 526
524 528
524 892
525 526
525 527
525 528
525 767
526 527
526 529
527 528
527 529
527 530
527 531
528 905
528 944
528 529
528 530
528 532
529 531
529 532
529 533
529 759
530 531
530 532
530 533
530 534
531 587
531 532
531 533
531 534
531 535
532 533
532 534
532 536
533 853
533 534
533 536
533 537
534 535
534 536
534 537
534 538
535 536
535 537
535 538
535 539
536 537
536 538
536 540
537 751
537 540
537 541
538 719
538 539
538 540
538 541
539 681
539 540
540 544
540 541
540 542
540 543
541 544
541 545
541 542
541 543
542 544
542 545
542 546
542 543
543 544
543 545
543 546
543 547
543 585
543 788
543 565
544 545
544 546
544 548
545 704
545 547
545 548
546 547
546 548
546 549
546 550
547 548
547 550
547 551
547 879
547 983
548 677
548 550
548 719
549 552
549 553
549 550
549 551
550 551
550 552
550 554
550 572
551 552
551 553
551 554
552 555
552 629
552 902
552 554
553 554
553 555
553 556
553 557
554 555
554 556
554 558
554 819
555 836
555 556
555 558
555 559
556 776
556 558
556 559
556 827
557 560
557 591
557 939
557 559
558 559
558 560
558 561
558 562
559 679
559 560
559 562
559 563
560 835
560 561
560 562
560 563
560 564
560 980
561 562
561 563
561 564
561 956
562 811
562 563
562 564
562 566
562 567
563 564
563 566
563 567
563 565
564 840
564 565
564 566
564 567
565 822
565 568
565 569
566 693
566 567
566 568
566 570
566 666
567 568
567 569
567 570
567 571
568 569
568 571
568 572
569 570
569 571
569 572
569 573
570 614
570 571
570 572
570 573
570 574
571 572
571 574
571 575
572 576
572 574
572 575
573 577
573 710
574 576
574 577
574 578
575 576
575 577
575 579
576 577
576 579
577 578
577 579
577 580
578 960
578 579
578 581
578 582
579 580
579 582
579 583
579 894
580 581
580 582
580 584
580 749
581 582
581 583
581 584
581 955
582 583
582 584
582 585
582 586
583 584
583 585
583 587
583 773
584 585
584 586
584 587
584 588
585 586
586 587
586 588
586 589
586 590
587 588
587 589
587 590
588 589
588 590
588 591
588 592
589 934
589 590
589 591
589 592
590 594
590 591
591 617
591 592
591 593
591 594
591 595
592 593
592 594
592 595
592 596
593 900
593 594
593 595
593 596
594 650
594 595
594 598
595 597
595 598
595 599
596 597
596 598
596 599
596 600
597 679
597 935
597 598
597 599
597 600
597 601
598 599
598 600
598 601
598 602
599 651
599 600
599 601
599 602
600 818
600 601
600 602
600 603
600 604
601 602
601 603
601 604
601 605
602 603
602 604
602 605
603 611
603 604
603 606
603 607
604 833
604 845
604 605
604 606
604 607
605 608
605 609
605 619
605 752
605 606
606 608
606 609
606 610
606 607
607 608
607 609
607 611
608 609
608 610
608 611
608 612
609 610
609 611
609 612
609 613
610 612
610 613
610 830
610 698
611 612
611 613
611 614
611 615
611 694
612 613
612 614
612 616
612 710
613 614
613 615
613 616
613 617
614 616
614 617
614 618
615 616
615 619
615 661
616 617
616 618
616 619
616 620
617 618
617 619
617 621
618 620
618 622
618 956
619 621
619 623
620 621
620 622
620 623
620 624
621 622
621 623
621 625
622 623
622 625
622 626
623 624
623 626
623 694
624 626
624 627
624 628
625 626
625 627
625 628
625 629
626 780
626 627
626 628
626 629
626 630
627 628
627 629
627 630
627 631
628 932
628 629
628 630
628 631
628 632
629 630
629 631
629 632
629 633
630 631
630 632
630 633
630 634
631 632
631 634
631 635
632 633
632 634
632 635
632 636
633 968
633 636
633 637
634 635
634 636
634 637
634 638
635 636
635 637
635 639
636 846
636 637
636 638
636 639
637 640
637 641
637 638
637 639
638 640
638 641
638 642
638 639
639 640
639 928
639 642
639 643
639 857
640 641
640 642
640 643
640 644
641 643
641 644
641 645
641 701
641 719
641 799
642 643
642 644
642 645
642 646
642 951
643 644
643 645
643 646
643 647
643 754
644 646
644 648
644 647
645 646
645 647
645 648
645 649
645 701
646 648
646 809
647 648
647 650
647 651
647 773
648 746
648 651
648 855
648 700
649 652
649 651
649 653
650 651
650 652
650 654
651 652
651 654
651 655
652 653
652 654
652 655
652 656
653 776
653 779
653 654
653 655
653 656
653 657
653 733
654 655
654 656
654 658
655 835
655 656
655 658
655 659
656 657
656 660
656 729
657 658
657 659
658 659
658 660
658 661
658 662
659 660
659 661
659 662
659 663
660 661
660 662
660 663
660 664
661 662
661 663
661 664
661 665
662 663
662 664
662 665
662 666
663 664
663 665
663 666
663 667
664 723
664 666
664 667
664 668
665 668
665 669
666 667
666 668
666 670
667 668
667 670
667 671
668 896
668 669
668 670
669 673
669 671
670 672
670 673
670 674
670 671
671 672
671 673
671 674
671 675
672 674
672 675
672 676
673 674
673 675
673 676
673 677
673 949
674 675
674 676
674 677
674 963
675 678
675 679
675 975
675 914
676 677
676 678
676 679
676 680
677 678
677 679
677 680
677 681
678 680
678 681
678 682
678 811
678 782
678 790
679 680
679 681
679 683
680 962
680 682
680 683
680 684
681 682
681 683
681 684
681 685
682 683
682 684
682 685
682 686
683 684
683 685
683 686
683 687
683 691
684 685
684 686
684 687
684 688
685 686
685 688
685 689
686 687
686 688
686 689
687 688
687 689
687 690
687 691
688 843
688 689
688 690
688 692
689 690
689 691
689 692
689 829
690 993
690 972
690 882
690 691
690 694
690 988
691 694
691 693
692 693
692 694
692 695
693 694
693 695
693 696
693 697
694 695
694 696
694 697
695 696
695 697
695 698
695 699
695 922
696 697
696 698
696 699
696 700
697 929
697 698
697 700
697 701
698 699
698 700
698 701
698 702
699 700
699 701
699 702
699 703
700 961
700 703
700 701
700 702
701 704
701 705
701 703
702 704
702 705
702 706
703 704
703 705
703 707
703 706
703 765
704 706
704 708
705 706
705 707
705 708
705 709
706 708
706 709
706 950
707 708
707 709
707 710
707 711
708 709
708 710
708 711
708 712
708 877
709 712
709 713
710 768
710 712
710 713
711 712
711 714
712 713
712 715
712 716
712 773
713 714
713 715
713 717
714 715
714 716
714 717
714 718
715 716
715 717
715 718
715 719
716 717
716 718
716 720
716 732
717 718
717 719
717 720
717 721
718 721
718 720
718 722
719 720
719 723
720 938
720 721
720 723
720 724
720 846
721 722
721 724
721 725
722 822
722 999
722 723
722 724
722 725
722 726
723 724
723 727
724 806
724 725
724 726
724 727
724 728
725 857
725 726
725 727
725 729
726 727
726 728
726 729
726 730
727 728
727 729
727 730
727 731
728 729
728 730
728 731
728 732
729 859
729 731
729 732
729 733
730 731
730 733
730 734
731 904
731 732
731 734
731 735
732 735
733 736
733 737
733 735
734 736
734 768
734 738
734 735
735 736
735 738
735 739
735 737
736 738
736 739
737 738
737 739
737 740
737 741
738 739
738 740
738 741
738 742
739 740
739 741
739 742
739 743
739 925
740 741
740 742
740 743
740 744
741 743
741 744
741 745
742 743
742 744
742 745
742 746
743 747
743 744
743 745
744 745
744 746
744 747
744 748
744 850
744 870
745 992
745 746
745 748
746 747
746 750
747 748
747 749
747 750
747 751
748 749
748 750
748 751
748 752
749 750
749 752
749 753
750 751
750 752
750 754
750 762
751 753
751 754
751 755
752 754
752 756
752 982
753 754
753 755
753 756
753 757
754 756
754 757
755 756
755 757
755 758
755 759
756 757
756 758
756 759
756 760
757 758
757 759
757 760
757 761
758 760
758 759
758 761
758 762
759 760
759 761
759 762
759 763
760 761
760 762
760 763
760 764
761 941
761 764
761 765
762 763
762 764
762 765
762 766
763 764
763 765
763 766
763 767
764 768
764 931
764 784
764 765
764 766
765 769
765 818
766 768
766 769
766 770
766 767
767 768
767 769
767 770
768 769
768 771
769 771
769 772
769 773
769 848
770 771
770 772
770 773
770 774
771 772
771 773
771 774
771 775
772 773
772 774
772 775
772 776
773 800
773 777
773 847
773 776
773 893
773 991
774 775
774 776
774 777
774 778
775 776
775 777
775 778
775 779
776 778
776 779
777 778
777 779
777 780
777 781
778 779
778 780
778 781
778 782
779 780
779 782
779 783
779 895
780 782
780 783
781 782
781 784
781 785
782 783
782 784
782 785
782 786
783 784
783 785
783 786
784 785
784 786
784 787
784 788
785 786
785 787
785 788
785 789
786 787
786 788
786 789
786 790
787 788
787 789
787 790
787 791
788 790
788 791
788 792
789 790
789 791
789 792
789 793
790 825
790 792
790 793
791 792
791 793
791 794
792 793
792 794
792 795
792 796
793 794
793 795
793 796
793 797
794 795
794 797
794 798
795 796
795 797
795 798
796 800
796 797
796 798
796 799
797 800
797 801
797 798
797 799
798 800
798 801
798 802
798 903
798 799
799 800
799 803
799 801
800 801
800 802
800 803
800 804
800 825
801 802
801 803
801 804
801 805
802 803
802 804
802 805
802 806
803 805
803 806
804 807
804 808
805 808
805 809
806 808
806 810
807 808
807 809
807 810
807 811
808 811
808 810
808 812
809 960
809 810
809 811
809 812
810 811
810 812
810 813
810 814
811 815
811 926
812 813
812 815
812 816
812 936
813 814
813 815
813 816
813 817
814 815
814 816
814 817
814 818
815 816
815 817
815 818
815 819
816 817
816 820
816 984
816 818
817 818
817 819
817 820
817 821
818 819
818 822
819 820
819 821
819 823
820 821
820 822
820 823
820 824
821 824
821 822
821 823
821 923
822 825
822 826
823 910
823 824
823 825
823 826
824 860
824 825
824 826
824 987
824 828
825 828
826 827
826 828
826 829
826 990
827 828
827 829
827 830
827 831
828 829
828 830
828 831
829 832
829 833
829 830
829 831
830 833
830 834
830 831
831 832
831 835
831 833
831 905
832 833
832 835
832 836
832 933
833 834
833 836
833 837
834 835
834 836
834 838
835 837
835 839
836 837
836 838
836 839
836 840
837 838
837 839
837 841
838 839
838 840
838 841
838 842
839 840
839 841
839 842
839 843
840 841
840 842
840 843
840 844
841 842
841 843
841 844
841 845
842 843
842 844
842 845
842 846
843 845
843 846
844 845
844 846
844 847
845 847
845 848
846 848
846 849
846 850
847 848
847 849
847 851
847 950
848 849
848 850
848 851
848 852
849 852
849 853
850 851
850 853
850 854
851 852
851 853
851 855
851 927
852 853
852 854
852 855
852 856
853 856
853 857
854 855
854 857
854 858
855 856
855 857
855 858
856 857
856 859
856 991
857 858
857 860
857 861
858 859
858 860
858 861
858 862
859 979
859 861
859 862
859 863
860 864
860 965
860 861
860 862
860 863
861 864
861 865
861 862
862 864
862 866
862 863
863 864
863 865
863 866
863 867
864 865
864 866
864 868
864 876
865 867
865 868
865 869
866 867
866 868
866 869
866 870
867 868
867 968
867 869
868 869
868 870
868 871
869 870
869 872
869 873
870 873
870 872
871 873
871 874
871 875
872 873
872 874
872 875
872 876
873 874
873 875
873 876
873 877
874 875
874 876
874 877
874 878
875 876
875 877
875 878
875 879
876 877
876 878
876 879
876 880
877 878
877 879
877 880
878 879
878 880
878 881
878 882
879 880
879 883
879 989
880 881
880 882
880 883
881 882
881 883
881 884
881 885
882 883
882 884
882 885
882 886
883 884
883 885
883 886
883 887
884 901
884 885
884 886
884 887
884 888
885 889
885 886
885 887
885 888
886 887
886 888
886 889
886 890
887 889
887 890
887 891
888 889
888 890
888 891
889 950
889 890
889 892
889 893
890 892
890 893
891 892
891 893
891 894
891 895
892 896
892 893
892 895
893 896
893 897
893 894
893 895
894 896
894 898
894 895
895 896
895 897
895 899
896 897
896 898
896 900
896 899
897 898
897 900
897 901
898 899
898 900
898 901
898 902
899 900
899 901
899 902
899 903
900 901
900 902
900 903
900 904
901 903
901 904
901 905
902 903
902 905
902 906
902 904
903 904
903 906
903 907
904 905
904 906
904 908
905 906
905 908
906 907
906 908
906 909
907 908
907 909
907 910
907 911
908 909
908 910
908 912
909 910
909 911
909 912
909 913
910 911
910 913
910 914
911 912
911 913
911 914
911 915
912 913
912 914
913 914
913 915
913 916
913 917
914 915
914 917
914 918
915 917
915 918
915 919
916 920
916 917
916 918
916 919
917 919
917 920
917 921
918 919
918 920
918 921
918 922
919 920
919 921
919 922
919 923
920 985
920 922
920 923
920 924
921 923
921 922
921 924
921 925
922 968
922 923
922 924
922 925
923 924
923 925
923 927
924 925
924 926
924 927
925 962
925 926
925 927
926 928
926 929
927 928
927 929
927 931
928 929
928 930
929 930
929 933
929 984
930 931
930 932
930 933
930 934
931 932
931 934
931 935
932 933
932 934
932 935
933 934
933 935
933 937
934 935
934 936
934 937
934 938
935 936
935 937
935 938
936 938
936 939
936 940
937 960
937 938
937 940
937 941
938 939
938 941
938 942
939 940
940 941
940 942
940 943
940 944
940 985
941 942
941 943
941 944
941 945
942 943
942 944
942 945
942 946
943 944
943 945
943 946
943 947
944 945
944 946
944 948
945 946
945 947
945 948
945 949
946 947
946 948
946 949
946 950
947 948
947 949
947 950
948 949
948 950
948 951
948 952
949 951
950 951
950 954
951 955
952 953
952 954
952 955
953 957
953 955
953 956
953 954
954 999
954 955
954 956
954 957
954 958
955 959
955 956
955 957
956 960
956 957
956 958
957 961
957 958
957 959
958 960
958 961
958 959
959 961
959 962
959 963
960 963
960 964
960 962
961 962
961 963
961 965
962 963
962 964
962 965
963 964
963 965
963 966
963 967
964 966
964 967
964 968
964 965
965 969
966 967
966 968
966 970
967 969
967 970
967 971
969 970
969 972
969 973
970 971
970 972
970 973
970 974
971 972
971 973
971 974
971 975
972 974
972 975
972 976
973 974
973 975
973 976
973 977
974 975
974 976
974 978
975 976
975 978
975 979
976 978
976 979
976 980
977 978
977 979
977 980
978 979
978 980
978 981
978 982
979 980
979 981
979 983
980 982
980 983
980 984
981 995
981 982
981 983
981 984
982 983
982 985
983 984
983 985
983 986
984 985
984 988
985 988
985 989
986 987
986 988
986 989
986 990
987 989
987 988
988 992
988 990
988 991
989 992
989 993
989 990
989 991
990 992
990 994
990 991
991 992
991 994
991 995
992 993
992 994
992 995
992 996
993 996
993 997
994 995
994 996
994 997
994 998
995 996
995 997
995 998
995 999
996 997
996 999
996 998
997 998
997 999
998 999
